Problem Type	Solution Method	Vehicle Capacity (Weight)	Vehicle Capacity(Volume)	Disposal Trips	Route Time	Route Time wo Turns	Computational Time(Sec)	Clustering Time(Sec)	VA(CCI)	VA(NHO)	VA(ATD)	VA(DMT)	VA(AOI)	VA(ROI)	Optimal
MCARPTIF-TP	WJ19	10000	10000	2	30516	27317	3.39937	0	1	0	348.925	8777	0.274112	0.0858325	0
Load No	Sequence No	Starting Node	Ending Node	Is Edge	Required	Weight	Volume	Travel Miles	Travel Time	Service Time	Served	Dumped	Turn Type	Turn Cost	Depart Time	Arrival Time	Shape
0	0	10096	10094	1	0	0	0	0	36	0	0	0		0.0	0.0	36.0	439.900239 -439.900239,410.197939 -423.017536
0	1	10094	10068	1	0	0	0	0	155	0	0	0	Straight	0.0	36.0	191.0	410.197939 -423.017536,293.313668 -333.567765
0	2	10068	160	1	0	0	0	0	42	0	0	0	Straight	0.0	191.0	233.0	293.313668 -333.567765,270.335101 -303.488086
0	3	160	192	1	1	380	380	0	48	404	1	0	Straight	0.0	233.0	637.0	270.335101 -303.488086,227.604727 -277.345668
0	4	192	206	1	1	320	320	0	31	335	1	0	Straight	0.0	637.0	972.0	227.604727 -277.345668,195.730876 -273.866287
0	5	206	208	1	1	200	200	0	23	211	1	0	Right	5.21	977.21	1188.21	195.730876 -273.866287,183.325592 -255.794226
0	6	208	210	1	1	60	60	0	8	64	1	0	Left	10.42	1198.63	1262.63	183.325592 -255.794226,178.728224 -260.871033
0	7	210	218	1	1	100	100	0	12	106	1	0	Straight	0.0	1262.63	1368.63	178.728224 -260.871033,166.84824 -264.433542
0	8	218	220	1	1	60	60	0	9	64	1	0	Left	10.42	1379.05	1443.05	166.84824 -264.433542,170.955278 -274.563417
0	9	220	222	1	1	80	80	0	10	85	1	0	Right	5.21	1448.26	1533.26	170.955278 -274.563417,163.347035 -279.821346
0	10	222	228	1	1	30	30	0	8	34	1	0	Right	5.21	1538.47	1572.47	163.347035 -279.821346,156.037039 -275.372919
0	11	228	238	1	1	20	20	0	9	24	1	0	Straight	0.0	1572.47	1596.47	156.037039 -275.372919,147.149782 -272.696602
0	12	238	252	1	1	130	130	0	23	141	1	0	Straight	0.0	1596.47	1737.47	147.149782 -272.696602,122.092071 -277.254598
0	13	252	260	1	1	40	40	0	13	46	1	0	Straight	0.0	1737.47	1783.47	122.092071 -277.254598,109.428689 -278.27334
0	14	260	268	1	1	120	120	0	27	133	1	0	Straight	0.0	1783.47	1916.47	109.428689 -278.27334,81.290181 -282.281468
0	15	268	270	1	1	130	130	0	15	137	1	0	Right	5.21	1921.68	2058.68	81.290181 -282.281468,75.031824 -263.868579
0	16	270	272	1	1	60	60	0	7	63	1	0	Straight	0.0	2058.68	2121.68	75.031824 -263.868579,71.064435 -255.449929
0	17	272	276	1	1	30	30	0	8	34	1	0	Left	10.42	2132.1	2166.1	71.064435 -255.449929,62.488071 -256.533436
0	18	276	360	1	1	280	280	0	31	295	1	0	Left	10.42	2176.52	2471.52	62.488071 -256.533436,73.879916 -288.429024
0	19	360	362	1	1	120	120	0	27	133	1	0	Right	5.21	2476.73	2609.73	73.879916 -288.429024,43.124689 -290.058918
0	20	362	364	1	1	120	120	0	22	131	1	0	Straight	0.0	2609.73	2740.73	43.124689 -290.058918,20.276497 -282.690999
0	21	364	380	1	0	0	0	0	5	0	0	0	Left	10.42	2751.15	2756.15	20.276497 -282.690999,20.737117 -289.022178
0	22	380	382	1	1	150	150	0	29	164	1	0	Straight	0.0	2756.15	2920.15	20.737117 -289.022178,21.733795 -319.810093
0	23	382	378	1	0	0	0	0	8	0	0	0	U	41.682	2961.83	2969.83	21.733795 -319.810093,18.164431 -312.10401
0	24	378	376	1	1	200	200	0	20	210	1	0	Straight	0.0	2969.83	3179.83	18.164431 -312.10401,16.87861 -288.290549
0	25	376	372	1	1	80	80	0	10	85	1	0	Straight	0.0	3179.83	3264.83	16.87861 -288.290549,13.869772 -273.332639
0	26	372	374	1	1	220	220	0	19	229	1	0	U	41.682	3306.51	3535.51	13.869772 -273.332639,15.507975 -302.738616
0	27	374	386	1	0	0	0	0	9	0	0	0	U	41.682	3577.2	3586.2	15.507975 -302.738616,13.791162 -292.223703
0	28	386	384	1	1	280	280	0	27	293	1	0	Straight	0.0	3586.2	3879.2	13.791162 -292.223703,13.047355 -253.291661
0	29	384	338	1	0	0	0	0	5	0	0	0	Straight	0.0	3879.2	3884.2	13.047355 -253.291661,12.965128 -249.45419
0	30	338	336	1	1	400	400	0	37	418	1	0	Right	5.21	3889.41	4307.41	12.965128 -249.45419,50.219434 -247.443203
0	31	336	274	1	1	50	50	0	17	58	1	0	Straight	0.0	4307.41	4365.41	50.219434 -247.443203,67.620614 -245.422548
0	32	274	266	1	1	400	400	0	38	419	1	0	Straight	0.0	4365.41	4784.41	67.620614 -245.422548,107.076548 -241.325847
0	33	266	250	1	1	60	60	0	9	64	1	0	U	41.682	4826.09	4890.09	107.076548 -241.325847,98.983858 -235.762651
0	34	250	280	1	1	80	80	0	12	86	1	0	Straight	0.0	4890.09	4976.09	98.983858 -235.762651,86.02434 -236.027743
0	35	280	278	1	1	300	300	0	29	314	1	0	Right	5.21	4981.3	5295.3	86.02434 -236.027743,87.812459 -217.565391
0	36	278	282	1	0	0	0	0	8	0	0	0	Left	10.42	5305.72	5313.72	87.812459 -217.565391,79.124644 -218.525508
0	37	282	284	1	1	300	300	0	29	314	1	0	Left	10.42	5324.14	5638.14	79.124644 -218.525508,77.407683 -236.588986
0	38	284	288	1	1	150	150	0	8	154	1	0	Right	5.21	5643.35	5797.35	77.407683 -236.588986,68.84304 -237.548577
0	39	288	286	1	1	300	300	0	29	314	1	0	Right	5.21	5802.56	6116.56	68.84304 -237.548577,70.50859 -220.014693
0	40	286	290	1	0	0	0	0	8	0	0	0	Left	10.42	6126.98	6134.98	70.50859 -220.014693,62.043493 -222.280085
0	41	290	292	1	1	300	300	0	28	314	1	0	Left	10.42	6145.4	6459.4	62.043493 -222.280085,60.415466 -238.982592
0	42	292	288	1	1	150	150	0	8	154	1	0	Left	10.42	6469.82	6623.82	60.415466 -238.982592,68.84304 -237.548577
0	43	288	284	1	1	150	150	0	8	154	0	0	Straight	0.0	6623.82	6631.82	68.84304 -237.548577,77.407683 -236.588986
0	44	284	280	1	1	150	150	0	8	154	1	0	Straight	0.0	6631.82	6785.82	77.407683 -236.588986,86.02434 -236.027743
0	45	280	250	1	1	80	80	0	12	86	0	0	Straight	0.0	6785.82	6797.82	86.02434 -236.027743,98.983858 -235.762651
0	46	250	248	1	1	80	80	0	16	88	1	0	Straight	0.0	6797.82	6885.82	98.983858 -235.762651,115.563677 -232.322211
0	47	248	230	1	1	130	130	0	13	136	1	0	Straight	0.0	6885.82	7021.82	115.563677 -232.322211,129.391721 -231.037091
0	48	230	176	1	1	30	30	0	11	35	1	0	Straight	0.0	7021.82	7056.82	129.391721 -231.037091,134.777701 -224.622355
0	49	176	172	1	1	210	210	0	22	221	1	0	Straight	0.0	7056.82	7277.82	134.777701 -224.622355,142.493613 -209.624463
0	50	172	178	1	0	0	0	0	8	0	0	0	U	41.682	7319.5	7327.5	142.493613 -209.624463,134.98206 -213.65697
0	51	178	180	1	1	60	60	0	13	66	1	0	Straight	0.0	7327.5	7393.5	134.98206 -213.65697,121.031317 -214.887457
0	52	180	184	1	0	0	0	0	8	0	0	0	Left	10.42	7403.92	7411.92	121.031317 -214.887457,122.382101 -221.188233
0	53	184	182	1	1	120	120	0	13	126	1	0	Left	10.42	7422.34	7548.34	122.382101 -221.188233,136.292564 -219.905603
0	54	182	186	1	0	0	0	0	8	0	0	0	Right	5.21	7553.55	7561.55	136.292564 -219.905603,131.792992 -227.686354
0	55	186	188	1	1	120	120	0	13	126	1	0	Right	5.21	7566.76	7692.76	131.792992 -227.686354,118.140069 -229.128502
0	56	188	248	1	0	0	0	0	7	0	0	0	Left	10.42	7703.18	7710.18	118.140069 -229.128502,115.563677 -232.322211
0	57	248	230	1	1	130	130	0	13	136	0	0	Left	10.42	7720.6	7733.6	115.563677 -232.322211,129.391721 -231.037091
0	58	230	246	1	1	30	30	0	9	34	1	0	Straight	0.0	7733.6	7767.6	129.391721 -231.037091,137.575814 -235.892698
0	59	246	266	1	1	280	280	0	29	294	1	0	U	41.682	7809.28	8103.28	137.575814 -235.892698,107.076548 -241.325847
0	60	266	264	1	1	60	60	0	9	64	1	0	Left	10.42	8113.7	8177.7	107.076548 -241.325847,111.405606 -251.388109
0	61	264	272	1	1	400	400	0	38	419	1	0	Right	5.21	8182.91	8601.91	111.405606 -251.388109,71.064435 -255.449929
0	62	272	270	1	1	60	60	0	7	63	0	0	Left	10.42	8612.33	8619.33	71.064435 -255.449929,75.031824 -263.868579
0	63	270	262	1	1	280	280	0	27	293	1	0	Left	10.42	8629.75	8922.75	75.031824 -263.868579,104.758287 -263.010875
0	64	262	260	1	1	60	60	0	12	66	1	0	Right	5.21	8927.96	8993.96	104.758287 -263.010875,109.428689 -278.27334
0	65	260	262	1	1	60	60	0	12	66	0	0	U	41.682	9035.64	9047.64	109.428689 -278.27334,104.758287 -263.010875
0	66	262	256	1	1	80	80	0	10	85	1	0	Right	5.21	9052.85	9137.85	104.758287 -263.010875,115.425266 -260.657165
0	67	256	254	1	1	60	60	0	8	64	1	0	Right	5.21	9143.06	9207.06	115.425266 -260.657165,118.722881 -270.218922
0	68	254	1236	1	1	10	10	0	3	11	1	0	Straight	0.0	9207.06	9218.06	118.722881 -270.218922,120.41284 -273.535429
0	69	1236	252	1	1	10	10	0	3	11	1	0	Straight	0.0	9218.06	9229.06	120.41284 -273.535429,122.092071 -277.254598
0	70	252	1236	1	1	10	10	0	3	11	0	0	U	41.682	9270.75	9273.75	122.092071 -277.254598,120.41284 -273.535429
0	71	1236	236	1	1	240	240	0	25	252	1	0	Right	5.21	9278.96	9530.96	120.41284 -273.535429,147.288507 -267.241619
0	72	236	240	1	0	0	0	0	7	0	0	0	Left	10.42	9541.38	9548.38	147.288507 -267.241619,150.156798 -261.451787
0	73	240	254	1	1	300	300	0	30	315	1	0	Left	10.42	9558.8	9873.8	150.156798 -261.451787,118.722881 -270.218922
0	74	254	256	1	1	60	60	0	8	64	0	0	Right	5.21	9879.01	9887.01	118.722881 -270.218922,115.425266 -260.657165
0	75	256	264	1	1	60	60	0	8	64	1	0	Straight	0.0	9887.01	9951.01	115.425266 -260.657165,111.405606 -251.388109
0	76	264	244	1	1	280	280	0	30	295	1	0	Right	5.21	9956.22	10251.2	111.405606 -251.388109,142.229793 -244.973082
0	77	244	246	1	1	20	20	0	9	24	1	0	Left	10.42	10261.6	10285.6	142.229793 -244.973082,137.575814 -235.892698
0	78	246	244	1	1	20	20	0	9	24	0	0	U	41.682	10327.3	10336.3	137.575814 -235.892698,142.229793 -244.973082
0	79	244	242	1	1	30	30	0	7	33	1	0	Straight	0.0	10336.3	10369.3	142.229793 -244.973082,146.634787 -252.988029
0	80	242	256	1	1	280	280	0	30	295	1	0	Right	5.21	10374.5	10669.5	146.634787 -252.988029,115.425266 -260.657165
0	81	256	242	1	1	280	280	0	30	295	0	0	U	41.682	10711.2	10741.2	115.425266 -260.657165,146.634787 -252.988029
0	82	242	240	1	1	60	60	0	8	64	1	0	Right	5.21	10746.4	10810.4	146.634787 -252.988029,150.156798 -261.451787
0	83	240	242	1	1	60	60	0	8	64	0	0	U	41.682	10852.1	10860.1	150.156798 -261.451787,146.634787 -252.988029
0	84	242	232	1	1	70	70	0	14	77	1	0	Right	5.21	10865.3	10942.3	146.634787 -252.988029,160.111957 -257.509889
0	85	232	228	1	1	180	180	0	22	191	1	0	Right	5.21	10947.5	11138.5	160.111957 -257.509889,156.037039 -275.372919
0	86	228	222	1	1	30	30	0	8	34	0	0	Left	10.42	11148.9	11156.9	156.037039 -275.372919,163.347035 -279.821346
0	87	222	214	1	1	80	80	0	17	88	1	0	Straight	0.0	11156.9	11244.9	163.347035 -279.821346,179.23112 -289.763218
0	88	214	200	1	1	90	90	0	21	100	1	0	Straight	0.0	11244.9	11344.9	179.23112 -289.763218,190.92599 -310.530943
0	89	200	214	1	1	90	90	0	21	100	0	0	U	41.682	11386.6	11407.6	190.92599 -310.530943,179.23112 -289.763218
0	90	214	216	1	1	30	30	0	10	35	1	0	Right	5.21	11412.8	11447.8	179.23112 -289.763218,188.926373 -284.98483
0	91	216	220	1	1	190	190	0	19	199	1	0	Left	10.42	11458.3	11657.3	188.926373 -284.98483,170.955278 -274.563417
0	92	220	218	1	1	60	60	0	9	64	0	0	Straight	0.0	11657.3	11666.3	170.955278 -274.563417,166.84824 -264.433542
0	93	218	212	1	1	130	130	0	22	141	1	0	U	41.682	11707.9	11848.9	166.84824 -264.433542,188.03524 -275.809087
0	94	212	1232	1	1	20	20	0	5	22	1	0	Straight	0.0	11848.9	11870.9	188.03524 -275.809087,190.32447 -280.800263
0	95	1232	216	1	1	20	20	0	6	23	1	0	Straight	0.0	11870.9	11893.9	190.32447 -280.800263,188.926373 -284.98483
0	96	216	1232	1	1	20	20	0	6	23	0	0	U	41.682	11935.6	11941.6	188.926373 -284.98483,190.32447 -280.800263
0	97	1232	212	1	1	20	20	0	5	22	0	0	Straight	0.0	11941.6	11946.6	190.32447 -280.800263,188.03524 -275.809087
0	98	212	210	1	0	0	0	0	21	0	0	0	Straight	0.0	11946.6	11967.6	188.03524 -275.809087,178.728224 -260.871033
0	99	210	208	1	1	60	60	0	8	64	0	0	Right	5.21	11972.8	11980.8	178.728224 -260.871033,183.325592 -255.794226
0	100	208	204	1	1	40	40	0	8	44	1	0	Left	10.42	11991.2	12035.2	183.325592 -255.794226,179.139342 -246.520571
0	101	204	224	1	0	0	0	0	8	0	0	0	Straight	0.0	12035.2	12043.2	179.139342 -246.520571,172.894484 -238.189582
0	102	224	1244	1	0	0	0	0	9	0	0	0	Straight	0.0	12043.2	12052.2	172.894484 -238.189582,166.616063 -230.37958
0	103	1244	48	1	0	0	0	0	21	0	0	0	Right	5.21	12057.5	12078.5	166.616063 -230.37958,186.374022 -220.887004
0	104	48	416	1	0	0	0	0	8	0	0	0	Straight	0.0	12078.5	12086.5	186.374022 -220.887004,191.577782 -214.95252
0	105	416	1192	1	0	0	0	0	22	0	0	0	Straight	0.0	12086.5	12108.5	191.577782 -214.95252,211.165695 -202.742181
0	106	1192	1190	1	0	0	0	0	10	0	0	0	Straight	0.0	12108.5	12118.5	211.165695 -202.742181,218.491833 -195.892482
0	107	1190	1196	1	0	0	0	0	22	0	0	0	Straight	0.0	12118.5	12140.5	218.491833 -195.892482,239.386666 -186.308852
0	108	1196	1198	1	0	0	0	0	2	0	0	0	Straight	0.0	12140.5	12142.5	239.386666 -186.308852,241.599278 -186.846167
0	109	1198	1138	1	0	0	0	0	23	0	0	0	Left	10.42	12152.9	12175.9	241.599278 -186.846167,259.340886 -172.248556
0	110	1138	1134	1	0	0	0	0	9	0	0	0	Straight	0.0	12175.9	12184.9	259.340886 -172.248556,267.338788 -168.446732
0	111	1134	1158	1	0	0	0	0	19	0	0	0	Straight	0.0	12184.9	12203.9	267.338788 -168.446732,284.415844 -159.031602
0	112	1158	1160	1	0	0	0	0	14	0	0	0	Straight	0.0	12203.9	12217.9	284.415844 -159.031602,299.788006 -157.132005
0	113	1160	614	1	0	0	0	0	131	0	0	0	Left	10.42	12228.3	12359.3	299.788006 -157.132005,329.388226 -41.691561
0	114	614	618	1	0	0	0	0	258	0	0	0	Left	10.42	12369.7	12627.7	329.388226 -41.691561,-173.878084 43.095037
0	115	618	1356	1	0	0	0	0	557	0	0	0	Right	5.21	12632.9	13189.9	-173.878084 43.095037,-422.247647 415.299344
0	116	1356	1362	1	0	0	0	0	38	0	0	0	Straight	0.0	13189.9	13227.9	-422.247647 415.299344,-439.900239 439.900239
1	0	1362	1356	1	0	0	0	0	38	0	0	300		0.0	13527.9	13565.9	-439.900239 439.900239,-422.247647 415.299344
1	1	1356	618	1	0	0	0	0	557	0	0	0	Straight	0.0	13565.9	14122.9	-422.247647 415.299344,-173.878084 43.095037
1	2	618	634	1	0	0	0	0	172	0	0	0	Right	5.21	14128.1	14300.1	-173.878084 43.095037,-320.439813 -319.865722
1	3	634	632	1	1	200	200	0	52	226	1	0	U	41.682	14341.8	14567.8	-320.439813 -319.865722,-277.09583 -297.159574
1	4	632	630	1	1	60	60	0	8	64	1	0	Straight	0.0	14567.8	14631.8	-277.09583 -297.159574,-268.500934 -296.205014
1	5	630	628	1	0	0	0	0	4	0	0	0	Straight	0.0	14631.8	14635.8	-268.500934 -296.205014,-264.341547 -295.492717
1	6	628	650	1	1	90	90	0	20	100	1	0	Left	10.42	14646.2	14746.2	-264.341547 -295.492717,-283.189158 -275.740868
1	7	650	662	1	1	220	220	0	24	232	1	0	Right	5.21	14751.4	14983.4	-283.189158 -275.740868,-272.626967 -256.200977
1	8	662	1018	1	1	80	80	0	24	92	1	0	Straight	0.0	14983.4	15075.4	-272.626967 -256.200977,-251.240503 -244.002054
1	9	1018	984	1	0	0	0	0	19	0	0	0	U	41.682	15117.1	15136.1	-251.240503 -244.002054,-271.717918 -241.643806
1	10	984	986	1	1	70	70	0	13	76	1	0	Straight	0.0	15136.1	15212.1	-271.717918 -241.643806,-285.853351 -240.849804
1	11	986	988	1	1	20	20	0	7	23	1	0	Straight	0.0	15212.1	15235.1	-285.853351 -240.849804,-293.269711 -239.114886
1	12	988	986	1	1	20	20	0	7	23	0	0	U	41.682	15276.8	15283.8	-293.269711 -239.114886,-285.853351 -240.849804
1	13	986	990	1	1	40	40	0	9	44	1	0	U	41.682	15325.5	15369.5	-285.853351 -240.849804,-294.849517 -244.165476
1	14	990	994	1	1	30	30	0	11	35	1	0	Straight	0.0	15369.5	15404.5	-294.849517 -244.165476,-306.998482 -241.823886
1	15	994	996	1	1	190	190	0	28	204	1	0	Straight	0.0	15404.5	15608.5	-306.998482 -241.823886,-337.419727 -237.087228
1	16	996	1004	1	1	10	10	0	8	14	0	0	Straight	0.0	15608.5	15616.5	-337.419727 -237.087228,-345.950689 -235.591956
1	17	1004	996	1	1	10	10	0	8	14	1	0	U	41.682	15658.2	15672.2	-345.950689 -235.591956,-337.419727 -237.087228
1	18	996	998	1	1	10	10	0	10	15	1	0	Right	5.21	15677.4	15692.4	-337.419727 -237.087228,-346.538286 -244.703875
1	19	998	992	1	1	220	220	0	39	239	1	0	Left	10.42	15702.8	15941.8	-346.538286 -244.703875,-304.206437 -249.334167
1	20	992	990	1	1	20	20	0	10	25	1	0	Straight	0.0	15941.8	15966.8	-304.206437 -249.334167,-294.849517 -244.165476
1	21	990	994	1	1	30	30	0	11	35	0	0	U	41.682	16008.5	16019.5	-294.849517 -244.165476,-306.998482 -241.823886
1	22	994	1002	1	1	170	170	0	40	190	1	0	Straight	0.0	16019.5	16209.5	-306.998482 -241.823886,-347.017584 -235.407536
1	23	1002	1008	1	0	0	0	0	6	0	0	0	Straight	0.0	16209.5	16215.5	-347.017584 -235.407536,-353.414374 -234.519088
1	24	1008	1010	1	1	20	20	0	13	26	1	0	Straight	0.0	16215.5	16241.5	-353.414374 -234.519088,-365.835601 -241.865744
1	25	1010	1006	1	0	0	0	0	13	0	0	0	U	41.682	16283.2	16296.2	-365.835601 -241.865744,-354.002025 -244.417052
1	26	1006	998	1	1	20	20	0	7	23	1	0	Straight	0.0	16296.2	16319.2	-354.002025 -244.417052,-346.538286 -244.703875
1	27	998	992	1	1	220	220	0	39	239	0	0	Straight	0.0	16319.2	16358.2	-346.538286 -244.703875,-304.206437 -249.334167
1	28	992	554	1	0	0	0	0	12	0	0	0	Right	5.21	16363.4	16375.4	-304.206437 -249.334167,-314.332883 -257.843507
1	29	554	646	1	0	0	0	0	39	0	0	0	Left	10.42	16385.8	16424.8	-314.332883 -257.843507,-292.823444 -299.590371
1	30	646	642	1	1	200	200	0	54	227	1	0	Right	5.21	16430.0	16657.0	-292.823444 -299.590371,-337.918222 -325.842446
1	31	642	640	1	0	0	0	0	7	0	0	0	U	41.682	16698.7	16705.7	-337.918222 -325.842446,-330.037664 -325.839197
1	32	640	638	1	1	200	200	0	53	226	1	0	Straight	0.0	16705.7	16931.7	-330.037664 -325.839197,-284.446268 -298.320663
1	33	638	636	1	0	0	0	0	4	0	0	0	Straight	0.0	16931.7	16935.7	-284.446268 -298.320663,-280.314897 -297.546695
1	34	636	654	1	1	40	40	0	9	44	1	0	Left	10.42	16946.1	16990.1	-280.314897 -297.546695,-289.243922 -289.536791
1	35	654	652	1	1	110	110	0	10	115	1	0	Straight	0.0	16990.1	17105.1	-289.243922 -289.536791,-297.717231 -280.357589
1	36	652	654	1	1	110	110	0	10	115	0	0	U	41.682	17146.8	17156.8	-297.717231 -280.357589,-289.243922 -289.536791
1	37	654	656	1	1	160	160	0	18	169	1	0	U	41.682	17198.5	17367.5	-289.243922 -289.536791,-291.223977 -277.937373
1	38	656	650	1	0	0	0	0	8	0	0	0	Right	5.21	17372.7	17380.7	-291.223977 -277.937373,-283.189158 -275.740868
1	39	650	662	1	1	220	220	0	24	232	0	0	Left	10.42	17391.1	17415.1	-283.189158 -275.740868,-272.626967 -256.200977
1	40	662	1018	1	1	80	80	0	24	92	0	0	Straight	0.0	17415.1	17439.1	-272.626967 -256.200977,-251.240503 -244.002054
1	41	1018	952	1	0	0	0	0	35	0	0	0	Straight	0.0	17439.1	17474.1	-251.240503 -244.002054,-215.309478 -233.039221
1	42	952	974	1	1	20	20	0	9	24	1	0	Left	10.42	17484.5	17508.5	-215.309478 -233.039221,-223.607898 -227.109173
1	43	974	898	1	1	130	130	0	39	149	1	0	Straight	0.0	17508.5	17657.5	-223.607898 -227.109173,-246.047601 -196.155486
1	44	898	900	1	1	20	20	0	13	26	1	0	Straight	0.0	17657.5	17683.5	-246.047601 -196.155486,-257.824723 -188.033211
1	45	900	902	1	0	0	0	0	6	0	0	0	Right	5.21	17688.7	17694.7	-257.824723 -188.033211,-257.205525 -183.410484
1	46	902	888	1	1	140	140	0	20	150	1	0	Right	5.21	17699.9	17849.9	-257.205525 -183.410484,-237.577312 -179.198517
1	47	888	884	1	1	40	40	0	12	46	1	0	Left	10.42	17860.4	17906.4	-237.577312 -179.198517,-246.778024 -171.812721
1	48	884	882	1	0	0	0	0	7	0	0	0	U	41.682	17948.0	17955.0	-246.778024 -171.812721,-240.821744 -176.242314
1	49	882	880	1	1	80	80	0	11	85	1	0	Straight	0.0	17955.0	18040.0	-240.821744 -176.242314,-231.591559 -183.579959
1	50	880	888	1	1	180	180	0	7	183	1	0	U	41.682	18081.7	18264.7	-231.591559 -183.579959,-237.577312 -179.198517
1	51	888	880	1	1	180	180	0	7	183	0	0	U	41.682	18306.4	18313.4	-237.577312 -179.198517,-231.591559 -183.579959
1	52	880	878	1	1	100	100	0	8	104	1	0	Straight	0.0	18313.4	18417.4	-231.591559 -183.579959,-224.765018 -188.603181
1	53	878	896	1	1	40	40	0	14	47	1	0	Right	5.21	18422.6	18469.6	-224.765018 -188.603181,-236.676907 -199.117655
1	54	896	898	1	1	30	30	0	10	35	1	0	Right	5.21	18474.8	18509.8	-236.676907 -199.117655,-246.047601 -196.155486
1	55	898	896	1	1	30	30	0	10	35	0	0	U	41.682	18551.5	18561.5	-246.047601 -196.155486,-236.676907 -199.117655
1	56	896	972	1	1	160	160	0	24	172	1	0	Right	5.21	18566.7	18738.7	-236.676907 -199.117655,-227.011037 -219.766948
1	57	972	974	1	1	20	20	0	9	24	1	0	Straight	0.0	18738.7	18762.7	-227.011037 -219.766948,-223.607898 -227.109173
1	58	974	972	1	1	20	20	0	9	24	0	0	U	41.682	18804.4	18813.4	-223.607898 -227.109173,-227.011037 -219.766948
1	59	972	970	1	1	30	30	0	8	34	1	0	Right	5.21	18818.6	18852.6	-227.011037 -219.766948,-219.938814 -216.295662
1	60	970	968	1	1	10	10	0	6	13	1	0	Straight	0.0	18852.6	18865.6	-219.938814 -216.295662,-215.995601 -211.727489
1	61	968	976	1	1	130	130	0	21	140	1	0	Left	10.42	18876.0	19016.0	-215.995601 -211.727489,-231.721289 -196.667836
1	62	976	954	1	1	70	70	0	10	75	1	0	Right	5.21	19021.2	19096.2	-231.721289 -196.667836,-221.160368 -190.84669
1	63	954	944	1	1	130	130	0	12	136	1	0	Straight	0.0	19096.2	19232.2	-221.160368 -190.84669,-207.876059 -184.548267
1	64	944	946	1	1	140	140	0	20	150	1	0	Right	5.21	19237.5	19387.5	-207.876059 -184.548267,-196.379638 -199.379402
1	65	946	948	1	1	90	90	0	11	95	1	0	Straight	0.0	19387.5	19482.5	-196.379638 -199.379402,-186.554723 -206.29103
1	66	948	962	1	1	100	100	0	17	108	1	0	Right	5.21	19487.7	19595.7	-186.554723 -206.29103,-204.828691 -213.360458
1	67	962	960	1	1	20	20	0	5	22	1	0	Right	5.21	19600.9	19622.9	-204.828691 -213.360458,-209.193292 -209.65416
1	68	960	956	1	1	60	60	0	12	66	1	0	Right	5.21	19628.1	19694.1	-209.193292 -209.65416,-207.361043 -204.33157
1	69	956	954	1	1	130	130	0	19	139	1	0	Left	10.42	19704.5	19843.5	-207.361043 -204.33157,-221.160368 -190.84669
1	70	954	976	1	1	70	70	0	10	75	0	0	Left	10.42	19853.9	19863.9	-221.160368 -190.84669,-231.721289 -196.667836
1	71	976	896	1	0	0	0	0	5	0	0	0	Straight	0.0	19863.9	19868.9	-231.721289 -196.667836,-236.676907 -199.117655
1	72	896	878	1	1	40	40	0	14	47	0	0	U	41.682	19910.6	19924.6	-236.676907 -199.117655,-224.765018 -188.603181
1	73	878	842	1	1	150	150	0	18	159	1	0	Straight	0.0	19924.6	20083.6	-224.765018 -188.603181,-204.280548 -180.546754
1	74	842	846	1	1	120	120	0	23	131	1	0	Straight	0.0	20083.6	20214.6	-204.280548 -180.546754,-176.975704 -173.588176
1	75	846	848	1	1	30	30	0	10	35	1	0	Straight	0.0	20214.6	20249.6	-176.975704 -173.588176,-164.836062 -168.172484
1	76	848	846	1	1	30	30	0	10	35	0	0	U	41.682	20291.3	20301.3	-164.836062 -168.172484,-176.975704 -173.588176
1	77	846	906	1	0	0	0	0	6	0	0	0	Straight	0.0	20301.3	20307.3	-176.975704 -173.588176,-183.601979 -177.459349
1	78	906	908	1	1	130	130	0	10	135	1	0	U	41.682	20349.0	20484.0	-183.601979 -177.459349,-171.991573 -178.670233
1	79	908	910	1	1	160	160	0	18	169	1	0	U	41.682	20525.7	20694.7	-171.991573 -178.670233,-191.914276 -179.325794
1	80	910	920	1	0	0	0	0	7	0	0	0	Straight	0.0	20694.7	20701.7	-191.914276 -179.325794,-199.988347 -181.687826
1	81	920	918	1	1	160	160	0	19	169	1	0	U	41.682	20743.3	20912.3	-199.988347 -181.687826,-178.611345 -177.696937
1	82	918	916	1	1	130	130	0	14	137	1	0	Straight	0.0	20912.3	21049.3	-178.611345 -177.696937,-164.797887 -183.335711
1	83	916	908	1	1	40	40	0	8	44	1	0	U	41.682	21091.0	21135.0	-164.797887 -183.335711,-171.991573 -178.670233
1	84	908	916	1	1	40	40	0	8	44	0	0	U	41.682	21176.7	21184.7	-171.991573 -178.670233,-164.797887 -183.335711
1	85	916	914	1	1	100	100	0	22	111	1	0	Left	10.42	21195.1	21306.1	-164.797887 -183.335711,-140.036866 -174.080875
1	86	914	838	1	0	0	0	0	6	0	0	0	Straight	0.0	21306.1	21312.1	-140.036866 -174.080875,-133.842337 -176.475558
1	87	838	840	1	1	40	40	0	10	45	1	0	U	41.682	21353.8	21398.8	-133.842337 -176.475558,-138.141784 -167.063736
1	88	840	838	1	1	40	40	0	10	45	0	0	U	41.682	21440.5	21450.5	-138.141784 -167.063736,-133.842337 -176.475558
1	89	838	832	1	0	0	0	0	4	0	0	0	Straight	0.0	21450.5	21454.5	-133.842337 -176.475558,-130.96336 -179.813359
1	90	832	834	1	1	80	80	0	11	85	1	0	U	41.682	21496.2	21581.2	-130.96336 -179.813359,-134.830486 -170.553896
1	91	834	830	1	0	0	0	0	6	0	0	0	U	41.682	21622.8	21628.8	-134.830486 -170.553896,-131.18259 -174.930671
1	92	830	828	1	1	40	40	0	12	46	1	0	Straight	0.0	21628.8	21674.8	-131.18259 -174.930671,-127.143072 -185.31699
1	93	828	824	1	0	0	0	0	3	0	0	0	Straight	0.0	21674.8	21677.8	-127.143072 -185.31699,-125.389275 -188.381764
1	94	824	826	1	1	80	80	0	14	87	1	0	U	41.682	21719.5	21806.5	-125.389275 -188.381764,-130.219602 -175.973078
1	95	826	822	1	0	0	0	0	6	0	0	0	U	41.682	21848.2	21854.2	-130.219602 -175.973078,-126.952771 -180.94041
1	96	822	820	1	1	90	90	0	15	97	1	0	Straight	0.0	21854.2	21951.2	-126.952771 -180.94041,-121.73552 -194.146637
1	97	820	816	1	0	0	0	0	6	0	0	0	Straight	0.0	21951.2	21957.2	-121.73552 -194.146637,-118.295854 -199.587083
1	98	816	836	1	1	100	100	0	24	112	1	0	Right	5.21	21962.4	22074.4	-118.295854 -199.587083,-143.200907 -209.182987
1	99	836	938	1	1	160	160	0	21	170	1	0	Straight	0.0	22074.4	22244.4	-143.200907 -209.182987,-166.363372 -214.516887
1	100	938	940	1	1	50	50	0	12	56	1	0	Straight	0.0	22244.4	22300.4	-166.363372 -214.516887,-179.558013 -211.738285
1	101	940	964	1	1	150	150	0	17	158	1	0	Straight	0.0	22300.4	22458.4	-179.558013 -211.738285,-197.687768 -219.324212
1	102	964	962	1	1	20	20	0	9	24	1	0	Right	5.21	22463.6	22487.6	-197.687768 -219.324212,-204.828691 -213.360458
1	103	962	964	1	1	20	20	0	9	24	0	0	U	41.682	22529.3	22538.3	-204.828691 -213.360458,-197.687768 -219.324212
1	104	964	942	1	1	30	30	0	5	32	1	0	Right	5.21	22543.5	22575.5	-197.687768 -219.324212,-198.175111 -223.220687
1	105	942	950	1	1	40	40	0	7	43	1	0	Right	5.21	22580.7	22623.7	-198.175111 -223.220687,-204.866048 -227.126878
1	106	950	970	1	1	100	100	0	17	108	1	0	Right	5.21	22628.9	22736.9	-204.866048 -227.126878,-219.938814 -216.295662
1	107	970	950	1	1	100	100	0	17	108	0	0	U	41.682	22778.6	22795.6	-219.938814 -216.295662,-204.866048 -227.126878
1	108	950	952	1	1	80	80	0	12	86	1	0	Right	5.21	22800.8	22886.8	-204.866048 -227.126878,-215.309478 -233.039221
1	109	952	1020	1	1	30	30	0	8	34	1	0	Left	10.42	22897.3	22931.3	-215.309478 -233.039221,-209.537403 -236.445138
1	110	1020	1022	1	1	30	30	0	7	33	1	0	Straight	0.0	22931.3	22964.3	-209.537403 -236.445138,-203.626995 -238.903129
1	111	1022	1040	1	1	110	110	0	15	117	1	0	Left	10.42	22974.7	23091.7	-203.626995 -238.903129,-190.755346 -233.467302
1	112	1040	1038	1	1	60	60	0	9	64	1	0	U	41.682	23133.4	23197.4	-190.755346 -233.467302,-200.470614 -235.010275
1	113	1038	1020	1	1	80	80	0	10	85	1	0	Straight	0.0	23197.4	23282.4	-200.470614 -235.010275,-209.537403 -236.445138
1	114	1020	1022	1	1	30	30	0	7	33	0	0	U	41.682	23324.0	23331.0	-209.537403 -236.445138,-203.626995 -238.903129
1	115	1022	1024	1	0	0	0	0	7	0	0	0	Straight	0.0	23331.0	23338.0	-203.626995 -238.903129,-196.015746 -241.280259
1	116	1024	1042	1	1	130	130	0	18	139	1	0	Left	10.42	23348.5	23487.5	-196.015746 -241.280259,-183.237862 -231.265917
1	117	1042	1040	1	1	50	50	0	7	53	1	0	U	41.682	23529.1	23582.1	-183.237862 -231.265917,-190.755346 -233.467302
1	118	1040	1042	1	1	50	50	0	7	53	0	0	U	41.682	23623.8	23630.8	-190.755346 -233.467302,-183.237862 -231.265917
1	119	1042	1046	1	1	60	60	0	9	64	1	0	Straight	0.0	23630.8	23694.8	-183.237862 -231.265917,-175.281798 -225.438473
1	120	1046	1050	1	1	60	60	0	13	66	1	0	U	41.682	23736.5	23802.5	-175.281798 -225.438473,-189.912171 -224.407222
1	121	1050	942	1	1	70	70	0	8	74	1	0	Straight	0.0	23802.5	23876.5	-189.912171 -224.407222,-198.175111 -223.220687
1	122	942	1050	1	1	70	70	0	8	74	0	0	U	41.682	23918.2	23926.2	-198.175111 -223.220687,-189.912171 -224.407222
1	123	1050	1048	1	1	110	110	0	21	120	1	0	Straight	0.0	23926.2	24046.2	-189.912171 -224.407222,-169.019906 -222.335444
1	124	1048	1036	1	1	30	30	0	8	34	1	0	Straight	0.0	24046.2	24080.2	-169.019906 -222.335444,-161.018948 -218.022482
1	125	1036	1058	1	1	60	60	0	17	68	1	0	Straight	0.0	24080.2	24148.2	-161.018948 -218.022482,-142.18806 -213.245322
1	126	1058	1060	1	1	60	60	0	12	66	1	0	Straight	0.0	24148.2	24214.2	-142.18806 -213.245322,-134.685573 -214.019734
1	127	1060	798	1	1	80	80	0	13	86	1	0	Straight	0.0	24214.2	24300.2	-134.685573 -214.019734,-122.715329 -216.280274
1	128	798	800	1	1	170	170	0	22	181	1	0	Straight	0.0	24300.2	24481.2	-122.715329 -216.280274,-102.533778 -207.387155
1	129	800	802	1	1	170	170	0	22	181	1	0	Left	10.42	24491.6	24672.6	-102.533778 -207.387155,-110.175836 -187.9553
1	130	802	808	1	0	0	0	0	6	0	0	0	Left	10.42	24683.0	24689.0	-110.175836 -187.9553,-114.593327 -187.337427
1	131	808	806	1	1	130	130	0	20	140	1	0	Left	10.42	24699.4	24839.4	-114.593327 -187.337427,-107.579338 -204.823176
1	132	806	804	1	1	190	190	0	22	201	1	0	Right	5.21	24844.7	25045.7	-107.579338 -204.823176,-128.994558 -213.63661
1	133	804	810	1	0	0	0	0	5	0	0	0	Straight	0.0	25045.7	25050.7	-128.994558 -213.63661,-134.498699 -212.445806
1	134	810	812	1	1	100	100	0	22	111	1	0	U	41.682	25092.3	25203.3	-134.498699 -212.445806,-113.774234 -202.452007
1	135	812	814	1	1	110	110	0	18	119	1	0	Left	10.42	25213.8	25332.8	-113.774234 -202.452007,-119.983427 -187.03278
1	136	814	808	1	0	0	0	0	6	0	0	0	Right	5.21	25338.0	25344.0	-119.983427 -187.03278,-114.593327 -187.337427
1	137	808	802	1	0	0	0	0	6	0	0	0	Straight	0.0	25344.0	25350.0	-114.593327 -187.337427,-110.175836 -187.9553
1	138	802	796	1	0	0	0	0	6	0	0	0	Straight	0.0	25350.0	25356.0	-110.175836 -187.9553,-104.521508 -190.208553
1	139	796	794	1	1	190	190	0	23	201	1	0	Right	5.21	25361.2	25562.2	-104.521508 -190.208553,-97.006647 -210.949104
1	140	794	792	1	1	160	160	0	20	170	1	0	Right	5.21	25567.4	25737.4	-97.006647 -210.949104,-117.540103 -218.688514
1	141	792	1064	1	1	50	50	0	13	56	1	0	Straight	0.0	25737.4	25793.4	-117.540103 -218.688514,-122.861832 -224.383308
1	142	1064	792	1	1	50	50	0	13	56	0	0	U	41.682	25835.1	25848.1	-122.861832 -224.383308,-117.540103 -218.688514
1	143	792	786	1	0	0	0	0	6	0	0	0	Right	5.21	25853.3	25859.3	-117.540103 -218.688514,-112.24868 -221.861616
1	144	786	788	1	1	140	140	0	20	150	1	0	Left	10.42	25869.7	26019.7	-112.24868 -221.861616,-92.155929 -213.831223
1	145	788	790	1	1	200	200	0	24	212	1	0	Left	10.42	26030.1	26242.1	-92.155929 -213.831223,-100.004959 -192.212178
1	146	790	784	1	0	0	0	0	5	0	0	0	Right	5.21	26247.3	26252.3	-100.004959 -192.212178,-96.153592 -193.637525
1	147	784	782	1	1	190	190	0	26	203	1	0	Right	5.21	26257.5	26460.5	-96.153592 -193.637525,-87.462874 -216.911027
1	148	782	780	1	1	130	130	0	20	140	1	0	Right	5.21	26465.8	26605.8	-87.462874 -216.911027,-107.177466 -225.380985
1	149	780	774	1	0	0	0	0	6	0	0	0	Left	10.42	26616.2	26622.2	-107.177466 -225.380985,-102.383857 -229.129797
1	150	774	776	1	1	100	100	0	20	110	1	0	Left	10.42	26632.6	26742.6	-102.383857 -229.129797,-82.963027 -220.106143
1	151	776	754	1	0	0	0	0	5	0	0	0	Right	5.21	26747.8	26752.8	-82.963027 -220.106143,-78.707192 -223.115957
1	152	754	756	1	1	230	230	0	29	244	1	0	U	41.682	26794.5	27038.5	-78.707192 -223.115957,-87.722643 -197.853449
1	153	756	760	1	0	0	0	0	6	0	0	0	Right	5.21	27043.7	27049.7	-87.722643 -197.853449,-83.011471 -199.628598
1	154	760	758	1	1	270	270	0	31	285	1	0	Right	5.21	27054.9	27339.9	-83.011471 -199.628598,-73.450805 -226.158882
1	155	758	754	1	0	0	0	0	6	0	0	0	U	41.682	27381.6	27387.6	-73.450805 -226.158882,-78.707192 -223.115957
1	156	754	752	1	1	90	90	0	22	101	1	0	Left	10.42	27398.0	27499.0	-78.707192 -223.115957,-98.749543 -233.271334
1	157	752	750	1	1	10	10	0	8	14	1	0	Straight	0.0	27499.0	27513.0	-98.749543 -233.271334,-103.929119 -239.292235
1	158	750	512	1	0	0	0	0	14	0	0	0	Straight	0.0	27513.0	27527.0	-103.929119 -239.292235,-115.213174 -251.628201
1	159	512	518	1	0	0	0	0	2	0	0	0	Straight	0.0	27527.0	27529.0	-115.213174 -251.628201,-117.016186 -253.144807
1	160	518	728	1	0	0	0	0	6	0	0	0	Left	10.42	27539.4	27545.4	-117.016186 -253.144807,-115.774848 -256.489755
1	161	728	714	1	1	70	70	0	20	80	1	0	Right	5.21	27550.6	27630.6	-115.774848 -256.489755,-133.641891 -266.112101
1	162	714	710	1	0	0	0	0	21	0	0	0	Straight	0.0	27630.6	27651.6	-133.641891 -266.112101,-157.256257 -267.735724
1	163	710	708	1	0	0	0	0	1	0	0	0	Straight	0.0	27651.6	27652.6	-157.256257 -267.735724,-158.406676 -267.452428
1	164	708	694	1	0	0	0	0	6	0	0	0	Left	10.42	27663.1	27669.1	-158.406676 -267.452428,-162.377203 -272.129028
1	165	694	692	1	0	0	0	0	7	0	0	0	Left	10.42	27679.5	27686.5	-162.377203 -272.129028,-161.313499 -277.409606
1	166	692	686	1	0	0	0	0	5	0	0	0	Right	5.21	27691.7	27696.7	-161.313499 -277.409606,-164.757276 -281.305153
1	167	686	688	1	1	40	40	0	9	44	1	0	Straight	0.0	27696.7	27740.7	-164.757276 -281.305153,-165.165585 -288.147365
1	168	688	700	1	0	0	0	0	2	0	0	0	Left	10.42	27751.1	27753.1	-165.165585 -288.147365,-163.228506 -289.535393
1	169	700	704	1	0	0	0	0	5	0	0	0	Straight	0.0	27753.1	27758.1	-163.228506 -289.535393,-158.459111 -292.815556
1	170	704	544	1	0	0	0	0	2	0	0	0	Right	5.21	27763.3	27765.3	-158.459111 -292.815556,-158.242846 -294.225344
1	171	544	594	1	0	0	0	0	49	0	0	0	Right	5.21	27770.5	27819.5	-158.242846 -294.225344,-200.853328 -321.713179
1	172	594	582	1	0	0	0	0	23	0	0	0	Straight	0.0	27819.5	27842.5	-200.853328 -321.713179,-228.768226 -319.20678
1	173	582	578	1	0	0	0	0	10	0	0	0	Straight	0.0	27842.5	27852.5	-228.768226 -319.20678,-242.442453 -311.907345
1	174	578	580	1	0	0	0	0	2	0	0	0	Straight	0.0	27852.5	27854.5	-242.442453 -311.907345,-245.016577 -310.389077
1	175	580	576	1	0	0	0	0	13	0	0	0	Straight	0.0	27854.5	27867.5	-245.016577 -310.389077,-261.935537 -297.579845
1	176	576	628	1	0	0	0	0	2	0	0	0	Straight	0.0	27867.5	27869.5	-261.935537 -297.579845,-264.341547 -295.492717
1	177	628	630	1	0	0	0	0	4	0	0	0	Left	10.42	27879.9	27883.9	-264.341547 -295.492717,-268.500934 -296.205014
1	178	630	632	1	1	60	60	0	8	64	0	0	Straight	0.0	27883.9	27891.9	-268.500934 -296.205014,-277.09583 -297.159574
1	179	632	634	1	1	200	200	0	52	226	0	0	Straight	0.0	27891.9	27943.9	-277.09583 -297.159574,-320.439813 -319.865722
1	180	634	618	1	0	0	0	0	172	0	0	0	U	41.682	27985.6	28157.6	-320.439813 -319.865722,-173.878084 43.095037
1	181	618	1356	1	0	0	0	0	557	0	0	0	Left	10.42	28168.0	28725.0	-173.878084 43.095037,-422.247647 415.299344
1	182	1356	1362	1	0	0	0	0	38	0	0	0	Straight	0.0	28725.0	28763.0	-422.247647 415.299344,-439.900239 439.900239
2	0	1362	10096	-1	-1	0	0	1453	1453	0	0	300		0.0	28763.0	30516.0	-439.900239 439.900239,439.900239 -439.900239
