Problem Type	Solution Method	Vehicle Capacity (Weight)	Vehicle Capacity(Volume)	Disposal Trips	Route Time	Route Time wo Turns	Computational Time(Sec)	Clustering Time(Sec)	VA(CCI)	VA(NHO)	VA(ATD)	VA(DMT)	VA(AOI)	VA(ROI)	Optimal
MCARPTIF-TP	WJ19	10000	10000	2	30846.2	27892	3.52675	0	1.21429	0.637242	919.713	25831	0.507108	2.66665	0
Load No	Sequence No	Starting Node	Ending Node	Is Edge	Required	Weight	Volume	Travel Miles	Travel Time	Service Time	Served	Dumped	Turn Type	Turn Cost	Depart Time	Arrival Time	Shape
0	0	10096	10094	1	0	0	0	0	36	0	0	0		0.0	0.0	36.0	439.900239 -439.900239,410.197939 -423.017536
0	1	10094	10068	1	0	0	0	0	155	0	0	0	Straight	0.0	36.0	191.0	410.197939 -423.017536,293.313668 -333.567765
0	2	10068	160	1	0	0	0	0	42	0	0	0	Straight	0.0	191.0	233.0	293.313668 -333.567765,270.335101 -303.488086
0	3	160	1240	1	0	0	0	0	8	0	0	0	Straight	0.0	233.0	241.0	270.335101 -303.488086,271.088971 -297.755405
0	4	1240	156	1	0	0	0	0	2	0	0	0	Left	10.42	251.42	253.42	271.088971 -297.755405,269.570216 -296.298662
0	5	156	190	1	1	410	410	0	42	431	1	0	Straight	0.0	253.42	684.42	269.570216 -296.298662,232.007754 -270.683195
0	6	190	138	1	0	0	0	0	6	0	0	0	Right	5.21	689.63	695.63	232.007754 -270.683195,238.075637 -266.916493
0	7	138	116	1	1	230	230	0	22	241	1	0	Straight	0.0	695.63	936.63	238.075637 -266.916493,246.979153 -252.408422
0	8	116	112	1	1	70	70	0	8	74	1	0	Straight	0.0	936.63	1010.63	246.979153 -252.408422,246.341529 -245.232342
0	9	112	94	1	1	190	190	0	19	199	1	0	Left	10.42	1021.05	1220.05	246.341529 -245.232342,226.65593 -236.817906
0	10	94	86	1	1	60	60	0	8	64	1	0	Straight	0.0	1220.05	1284.05	226.65593 -236.817906,218.598016 -229.237112
0	11	86	80	1	1	60	60	0	8	64	1	0	Straight	0.0	1284.05	1348.05	218.598016 -229.237112,211.223798 -223.726275
0	12	80	60	1	1	240	240	0	25	252	1	0	Right	5.21	1353.26	1605.26	211.223798 -223.726275,229.066897 -209.221539
0	13	60	72	1	1	60	60	0	8	64	1	0	Right	5.21	1610.47	1674.47	229.066897 -209.221539,237.291586 -213.109369
0	14	72	64	1	1	240	240	0	25	252	1	0	Left	10.42	1684.89	1936.89	237.291586 -213.109369,261.497872 -202.473704
0	15	64	58	1	0	0	0	0	8	0	0	0	Left	10.42	1947.31	1955.31	261.497872 -202.473704,255.880455 -197.158898
0	16	58	60	1	1	390	390	0	28	404	1	0	Left	10.42	1965.73	2369.73	255.880455 -197.158898,229.066897 -209.221539
0	17	60	56	1	1	60	60	0	8	64	1	0	Right	5.21	2374.94	2438.94	229.066897 -209.221539,220.144424 -205.359096
0	18	56	54	1	1	300	300	0	32	316	1	0	Right	5.21	2444.15	2760.15	220.144424 -205.359096,249.973751 -191.56535
0	19	54	1198	1	0	0	0	0	9	0	0	0	Left	10.42	2770.57	2779.57	249.973751 -191.56535,241.599278 -186.846167
0	20	1198	1138	1	1	100	100	0	23	111	1	0	Right	5.21	2784.78	2895.78	241.599278 -186.846167,259.340886 -172.248556
0	21	1138	1140	1	1	50	50	0	9	54	1	0	Straight	0.0	2895.78	2949.78	259.340886 -172.248556,261.972086 -166.825017
0	22	1140	1112	1	1	90	90	0	10	95	1	0	Straight	0.0	2949.78	3044.78	261.972086 -166.825017,269.296598 -159.721366
0	23	1112	1110	1	1	100	100	0	10	105	1	0	U	41.682	3086.46	3191.46	269.296598 -159.721366,263.541225 -162.065221
0	24	1110	1096	1	1	50	50	0	8	54	1	0	Right	5.21	3196.67	3250.67	263.541225 -162.065221,262.134784 -156.730764
0	25	1096	1090	1	1	260	260	0	23	271	1	0	Right	5.21	3255.88	3526.88	262.134784 -156.730764,281.486515 -151.039407
0	26	1090	1070	1	1	60	60	0	8	64	1	0	Left	10.42	3537.3	3601.3	281.486515 -151.039407,283.144794 -145.170641
0	27	1070	1072	1	1	200	200	0	18	209	1	0	Straight	0.0	3601.3	3810.3	283.144794 -145.170641,298.743589 -136.106127
0	28	1072	1070	1	1	200	200	0	18	209	0	0	U	41.682	3851.98	3869.98	298.743589 -136.106127,283.144794 -145.170641
0	29	1070	1068	1	1	60	60	0	8	64	1	0	Right	5.21	3875.19	3939.19	283.144794 -145.170641,273.834543 -138.376227
0	30	1068	1088	1	1	330	330	0	28	344	1	0	Left	10.42	3949.61	4293.61	273.834543 -138.376227,249.622122 -150.918804
0	31	1088	1174	1	1	350	350	0	40	370	1	0	Straight	0.0	4293.61	4663.61	249.622122 -150.918804,218.447885 -175.562448
0	32	1174	1172	1	1	40	40	0	5	42	1	0	U	41.682	4705.3	4747.3	218.447885 -175.562448,222.926137 -174.037121
0	33	1172	1162	1	1	130	130	0	7	133	1	0	Straight	0.0	4747.3	4880.3	222.926137 -174.037121,230.246049 -175.724567
0	34	1162	1176	1	1	100	100	0	10	105	1	0	Straight	0.0	4880.3	4985.3	230.246049 -175.724567,237.995039 -182.20154
0	35	1176	1178	1	1	200	200	0	16	208	1	0	Right	5.21	4990.51	5198.51	237.995039 -182.20154,223.119109 -190.033735
0	36	1178	1184	1	1	120	120	0	16	128	1	0	Right	5.21	5203.72	5331.72	223.119109 -190.033735,207.552561 -183.038008
0	37	1184	414	1	1	70	70	0	9	74	1	0	Straight	0.0	5331.72	5405.72	207.552561 -183.038008,198.884913 -186.218304
0	38	414	418	1	1	130	130	0	18	139	1	0	Straight	0.0	5405.72	5544.72	198.884913 -186.218304,179.819825 -187.141221
0	39	418	424	1	1	170	170	0	29	184	1	0	Straight	0.0	5544.72	5728.72	179.819825 -187.141221,157.569826 -205.117151
0	40	424	166	1	0	0	0	0	7	0	0	0	Straight	0.0	5728.72	5735.72	157.569826 -205.117151,150.403246 -207.064156
0	41	166	170	1	1	180	180	0	19	189	1	0	Straight	0.0	5735.72	5924.72	150.403246 -207.064156,140.764715 -217.030968
0	42	170	176	1	1	30	30	0	8	34	1	0	Straight	0.0	5924.72	5958.72	140.764715 -217.030968,134.777701 -224.622355
0	43	176	230	1	0	0	0	0	11	0	0	0	Straight	0.0	5958.72	5969.72	134.777701 -224.622355,129.391721 -231.037091
0	44	230	248	1	0	0	0	0	13	0	0	0	Straight	0.0	5969.72	5982.72	129.391721 -231.037091,115.563677 -232.322211
0	45	248	250	1	0	0	0	0	16	0	0	0	Straight	0.0	5982.72	5998.72	115.563677 -232.322211,98.983858 -235.762651
0	46	250	280	1	0	0	0	0	12	0	0	0	Straight	0.0	5998.72	6010.72	98.983858 -235.762651,86.02434 -236.027743
0	47	280	284	1	0	0	0	0	8	0	0	0	Straight	0.0	6010.72	6018.72	86.02434 -236.027743,77.407683 -236.588986
0	48	284	288	1	0	0	0	0	8	0	0	0	Straight	0.0	6018.72	6026.72	77.407683 -236.588986,68.84304 -237.548577
0	49	288	292	1	0	0	0	0	8	0	0	0	Straight	0.0	6026.72	6034.72	68.84304 -237.548577,60.415466 -238.982592
0	50	292	306	1	0	0	0	0	8	0	0	0	Straight	0.0	6034.72	6042.72	60.415466 -238.982592,51.794614 -239.397803
0	51	306	304	1	1	130	130	0	16	138	1	0	Right	5.21	6047.93	6185.93	51.794614 -239.397803,50.444518 -232.075935
0	52	304	294	1	1	60	60	0	8	64	1	0	Straight	0.0	6185.93	6249.93	50.444518 -232.075935,51.931619 -225.618961
0	53	294	316	1	1	70	70	0	10	75	1	0	Left	10.42	6260.35	6335.35	51.931619 -225.618961,41.145065 -225.733704
0	54	316	312	1	1	150	150	0	24	162	1	0	Straight	0.0	6335.35	6497.35	41.145065 -225.733704,20.879433 -238.757258
0	55	312	300	1	1	40	40	0	8	44	1	0	Left	10.42	6507.77	6551.77	20.879433 -238.757258,24.487457 -240.336442
0	56	300	308	1	1	150	150	0	22	161	1	0	Straight	0.0	6551.77	6712.77	24.487457 -240.336442,42.416837 -236.280567
0	57	308	310	1	1	70	70	0	11	75	1	0	Right	5.21	6717.98	6792.98	42.416837 -236.280567,43.383927 -240.695636
0	58	310	300	1	1	140	140	0	18	149	1	0	Right	5.21	6798.19	6947.19	43.383927 -240.695636,24.487457 -240.336442
0	59	300	302	1	1	100	100	0	16	108	1	0	Straight	0.0	6947.19	7055.19	24.487457 -240.336442,8.589163 -242.629472
0	60	302	316	1	1	500	500	0	49	524	1	0	U	41.682	7096.87	7620.87	8.589163 -242.629472,41.145065 -225.733704
0	61	316	312	1	1	150	150	0	24	162	0	0	U	41.682	7662.55	7686.55	41.145065 -225.733704,20.879433 -238.757258
0	62	312	302	1	1	40	40	0	14	47	1	0	Straight	0.0	7686.55	7733.55	20.879433 -238.757258,8.589163 -242.629472
0	63	302	1252	1	0	0	0	0	1	0	0	0	Straight	0.0	7733.55	7734.55	8.589163 -242.629472,7.59726 -242.927294
0	64	1252	338	1	0	0	0	0	9	0	0	0	Left	10.42	7744.97	7753.97	7.59726 -242.927294,12.965128 -249.45419
0	65	338	342	1	0	0	0	0	9	0	0	0	Straight	0.0	7753.97	7762.97	12.965128 -249.45419,15.762558 -258.065597
0	66	342	344	1	1	40	40	0	8	44	1	0	Left	10.42	7773.39	7817.39	15.762558 -258.065597,23.570065 -260.832811
0	67	344	348	1	1	150	150	0	13	156	1	0	Straight	0.0	7817.39	7973.39	23.570065 -260.832811,37.73281 -259.689606
0	68	348	354	1	1	150	150	0	17	158	1	0	Straight	0.0	7973.39	8131.39	37.73281 -259.689606,53.758946 -256.323598
0	69	354	334	1	1	280	280	0	28	294	1	0	Right	5.21	8136.6	8430.6	53.758946 -256.323598,47.312008 -282.105931
0	70	334	330	1	1	110	110	0	20	120	1	0	Straight	0.0	8430.6	8550.6	47.312008 -282.105931,37.846644 -296.910862
0	71	330	326	1	1	90	90	0	17	98	1	0	Right	5.21	8555.81	8653.81	37.846644 -296.910862,29.576333 -282.438617
0	72	326	358	1	1	40	40	0	8	44	1	0	Right	5.21	8659.02	8703.02	29.576333 -282.438617,38.819407 -282.771134
0	73	358	334	1	1	50	50	0	9	54	1	0	Straight	0.0	8703.02	8757.02	38.819407 -282.771134,47.312008 -282.105931
0	74	334	358	1	1	50	50	0	9	54	0	0	U	41.682	8798.7	8807.7	47.312008 -282.105931,38.819407 -282.771134
0	75	358	326	1	1	40	40	0	8	44	0	0	Straight	0.0	8807.7	8815.7	38.819407 -282.771134,29.576333 -282.438617
0	76	326	356	1	0	0	0	0	6	0	0	0	Right	5.21	8820.91	8826.91	29.576333 -282.438617,25.49324 -277.122659
0	77	356	344	1	1	70	70	0	13	76	1	0	Straight	0.0	8826.91	8902.91	25.49324 -277.122659,23.570065 -260.832811
0	78	344	356	1	1	70	70	0	13	76	0	0	U	41.682	8944.59	8957.59	23.570065 -260.832811,25.49324 -277.122659
0	79	356	340	1	1	40	40	0	8	44	1	0	Right	5.21	8962.8	9006.8	25.49324 -277.122659,17.745996 -273.751628
0	80	340	364	1	0	0	0	0	7	0	0	0	Left	10.42	9017.22	9024.22	17.745996 -273.751628,20.276497 -282.690999
0	81	364	380	1	0	0	0	0	5	0	0	0	Straight	0.0	9024.22	9029.22	20.276497 -282.690999,20.737117 -289.022178
0	82	380	370	1	0	0	0	0	8	0	0	0	U	41.682	9070.91	9078.91	20.737117 -289.022178,16.796749 -279.683695
0	83	370	368	1	1	50	50	0	11	55	1	0	Straight	0.0	9078.91	9133.91	16.796749 -279.683695,13.779789 -263.744957
0	84	368	384	1	0	0	0	0	9	0	0	0	Straight	0.0	9133.91	9142.91	13.779789 -263.744957,13.047355 -253.291661
0	85	384	388	1	0	0	0	0	9	0	0	0	U	41.682	9184.59	9193.59	13.047355 -253.291661,13.120114 -261.349766
0	86	388	390	1	1	280	280	0	26	293	1	0	Straight	0.0	9193.59	9486.59	13.120114 -261.349766,14.616128 -303.400867
0	87	390	396	1	0	0	0	0	6	0	0	0	Straight	0.0	9486.59	9492.59	14.616128 -303.400867,15.185208 -311.269607
0	88	396	392	1	1	210	210	0	27	223	1	0	U	41.682	9534.27	9757.27	15.185208 -311.269607,13.162233 -269.956209
0	89	392	388	1	0	0	0	0	7	0	0	0	Straight	0.0	9757.27	9764.27	13.162233 -269.956209,13.120114 -261.349766
0	90	388	384	1	0	0	0	0	9	0	0	0	Straight	0.0	9764.27	9773.27	13.120114 -261.349766,13.047355 -253.291661
0	91	384	338	1	0	0	0	0	5	0	0	0	Straight	0.0	9773.27	9778.27	13.047355 -253.291661,12.965128 -249.45419
0	92	338	1252	1	0	0	0	0	9	0	0	0	Straight	0.0	9778.27	9787.27	12.965128 -249.45419,7.59726 -242.927294
0	93	1252	520	1	0	0	0	0	23	0	0	0	Straight	0.0	9787.27	9810.27	7.59726 -242.927294,-16.57499 -239.060341
0	94	520	522	1	0	0	0	0	33	0	0	0	Straight	0.0	9810.27	9843.27	-16.57499 -239.060341,-51.54693 -235.025657
0	95	522	524	1	0	0	0	0	6	0	0	0	Straight	0.0	9843.27	9849.27	-51.54693 -235.025657,-57.931365 -234.367754
0	96	524	770	1	0	0	0	0	2	0	0	0	Straight	0.0	9849.27	9851.27	-57.931365 -234.367754,-59.871408 -233.87136
0	97	770	772	1	1	170	170	0	35	187	1	0	Right	5.21	9856.48	10043.5	-59.871408 -233.87136,-69.425011 -206.025957
0	98	772	768	1	0	0	0	0	5	0	0	0	Straight	0.0	10043.5	10048.5	-69.425011 -206.025957,-73.691681 -203.667407
0	99	768	766	1	1	310	310	0	34	327	1	0	U	41.682	10090.2	10417.2	-73.691681 -203.667407,-64.09815 -231.583405
0	100	766	740	1	1	160	160	0	22	171	1	0	Right	5.21	10422.4	10593.4	-64.09815 -231.583405,-84.340572 -242.046582
0	101	740	734	1	1	110	110	0	19	119	1	0	Straight	0.0	10593.4	10712.4	-84.340572 -242.046582,-99.10776 -250.640634
0	102	734	742	1	1	100	100	0	13	106	1	0	U	41.682	10754.1	10860.1	-99.10776 -250.640634,-89.294274 -239.637603
0	103	742	762	1	1	170	170	0	22	181	1	0	Straight	0.0	10860.1	11041.1	-89.294274 -239.637603,-68.631502 -229.771826
0	104	762	764	1	1	250	250	0	33	266	1	0	Left	10.42	11051.5	11317.5	-68.631502 -229.771826,-78.542932 -202.62543
0	105	764	760	1	0	0	0	0	6	0	0	0	Straight	0.0	11317.5	11323.5	-78.542932 -202.62543,-83.011471 -199.628598
0	106	760	758	1	0	0	0	0	31	0	0	0	U	41.682	11365.2	11396.2	-83.011471 -199.628598,-73.450805 -226.158882
0	107	758	748	1	1	160	160	0	22	171	1	0	Right	5.21	11401.4	11572.4	-73.450805 -226.158882,-93.333904 -236.424919
0	108	748	734	1	1	150	150	0	19	159	1	0	Straight	0.0	11572.4	11731.4	-93.333904 -236.424919,-99.10776 -250.640634
0	109	734	740	1	1	110	110	0	19	119	0	0	U	41.682	11773.0	11792.0	-99.10776 -250.640634,-84.340572 -242.046582
0	110	740	732	1	0	0	0	0	5	0	0	0	Right	5.21	11797.3	11802.3	-84.340572 -242.046582,-80.100748 -244.56977
0	111	732	730	1	1	60	60	0	22	71	1	0	Right	5.21	11807.5	11878.5	-80.100748 -244.56977,-97.690638 -262.968289
0	112	730	722	1	0	0	0	0	6	0	0	0	Straight	0.0	11878.5	11884.5	-97.690638 -262.968289,-103.503625 -265.570698
0	113	722	720	1	1	70	70	0	16	78	1	0	Straight	0.0	11884.5	11962.5	-103.503625 -265.570698,-119.063905 -274.299827
0	114	720	706	1	1	100	100	0	22	111	1	0	Straight	0.0	11962.5	12073.5	-119.063905 -274.299827,-138.930717 -285.796644
0	115	706	704	1	1	90	90	0	21	100	0	0	Straight	0.0	12073.5	12094.5	-138.930717 -285.796644,-158.459111 -292.815556
0	116	704	544	1	0	0	0	0	2	0	0	0	Left	10.42	12104.9	12106.9	-158.459111 -292.815556,-158.242846 -294.225344
0	117	544	594	1	0	0	0	0	49	0	0	0	Right	5.21	12112.1	12161.1	-158.242846 -294.225344,-200.853328 -321.713179
0	118	594	582	1	0	0	0	0	23	0	0	0	Straight	0.0	12161.1	12184.1	-200.853328 -321.713179,-228.768226 -319.20678
0	119	582	578	1	0	0	0	0	10	0	0	0	Straight	0.0	12184.1	12194.1	-228.768226 -319.20678,-242.442453 -311.907345
0	120	578	580	1	0	0	0	0	2	0	0	0	Straight	0.0	12194.1	12196.1	-242.442453 -311.907345,-245.016577 -310.389077
0	121	580	576	1	0	0	0	0	13	0	0	0	Straight	0.0	12196.1	12209.1	-245.016577 -310.389077,-261.935537 -297.579845
0	122	576	628	1	0	0	0	0	2	0	0	0	Straight	0.0	12209.1	12211.1	-261.935537 -297.579845,-264.341547 -295.492717
0	123	628	630	1	0	0	0	0	4	0	0	0	Left	10.42	12221.5	12225.5	-264.341547 -295.492717,-268.500934 -296.205014
0	124	630	632	1	0	0	0	0	8	0	0	0	Straight	0.0	12225.5	12233.5	-268.500934 -296.205014,-277.09583 -297.159574
0	125	632	634	1	0	0	0	0	52	0	0	0	Straight	0.0	12233.5	12285.5	-277.09583 -297.159574,-320.439813 -319.865722
0	126	634	618	1	0	0	0	0	172	0	0	0	U	41.682	12327.2	12499.2	-320.439813 -319.865722,-173.878084 43.095037
0	127	618	1356	1	0	0	0	0	557	0	0	0	Left	10.42	12509.6	13066.6	-173.878084 43.095037,-422.247647 415.299344
0	128	1356	1362	1	0	0	0	0	38	0	0	0	Straight	0.0	13066.6	13104.6	-422.247647 415.299344,-439.900239 439.900239
1	0	1362	1356	1	0	0	0	0	38	0	0	300		0.0	13404.6	13442.6	-439.900239 439.900239,-422.247647 415.299344
1	1	1356	618	1	0	0	0	0	557	0	0	0	Straight	0.0	13442.6	13999.6	-422.247647 415.299344,-173.878084 43.095037
1	2	618	634	1	0	0	0	0	172	0	0	0	Right	5.21	14004.8	14176.8	-173.878084 43.095037,-320.439813 -319.865722
1	3	634	632	1	0	0	0	0	52	0	0	0	U	41.682	14218.5	14270.5	-320.439813 -319.865722,-277.09583 -297.159574
1	4	632	630	1	0	0	0	0	8	0	0	0	Straight	0.0	14270.5	14278.5	-277.09583 -297.159574,-268.500934 -296.205014
1	5	630	628	1	0	0	0	0	4	0	0	0	Straight	0.0	14278.5	14282.5	-268.500934 -296.205014,-264.341547 -295.492717
1	6	628	576	1	0	0	0	0	2	0	0	0	Right	5.21	14287.7	14289.7	-264.341547 -295.492717,-261.935537 -297.579845
1	7	576	580	1	0	0	0	0	13	0	0	0	Straight	0.0	14289.7	14302.7	-261.935537 -297.579845,-245.016577 -310.389077
1	8	580	578	1	0	0	0	0	2	0	0	0	Straight	0.0	14302.7	14304.7	-245.016577 -310.389077,-242.442453 -311.907345
1	9	578	582	1	0	0	0	0	10	0	0	0	Straight	0.0	14304.7	14314.7	-242.442453 -311.907345,-228.768226 -319.20678
1	10	582	594	1	0	0	0	0	23	0	0	0	Straight	0.0	14314.7	14337.7	-228.768226 -319.20678,-200.853328 -321.713179
1	11	594	544	1	0	0	0	0	49	0	0	0	Straight	0.0	14337.7	14386.7	-200.853328 -321.713179,-158.242846 -294.225344
1	12	544	704	1	0	0	0	0	2	0	0	0	Left	10.42	14397.1	14399.1	-158.242846 -294.225344,-158.459111 -292.815556
1	13	704	706	1	1	90	90	0	21	100	1	0	Right	5.21	14404.4	14504.4	-158.459111 -292.815556,-138.930717 -285.796644
1	14	706	702	1	0	0	0	0	5	0	0	0	Left	10.42	14514.8	14519.8	-138.930717 -285.796644,-143.680548 -283.138948
1	15	702	718	1	1	200	200	0	23	211	1	0	Right	5.21	14525.0	14736.0	-143.680548 -283.138948,-123.899073 -271.299362
1	16	718	724	1	1	0	0	0	16	8	1	0	Straight	0.0	14736.0	14744.0	-123.899073 -271.299362,-108.077538 -263.136749
1	17	724	726	1	0	0	0	0	6	0	0	0	Left	10.42	14754.4	14760.4	-108.077538 -263.136749,-110.751022 -259.527844
1	18	726	716	1	1	130	130	0	18	139	1	0	Left	10.42	14770.8	14909.8	-110.751022 -259.527844,-128.660964 -268.637491
1	19	716	698	1	1	200	200	0	22	211	1	0	Straight	0.0	14909.8	15120.8	-128.660964 -268.637491,-148.403164 -279.768227
1	20	698	692	1	1	80	80	0	11	85	1	0	Straight	0.0	15120.8	15205.8	-148.403164 -279.768227,-161.313499 -277.409606
1	21	692	694	1	1	40	40	0	7	43	1	0	Right	5.21	15211.0	15254.0	-161.313499 -277.409606,-162.377203 -272.129028
1	22	694	708	1	1	30	30	0	6	33	1	0	Right	5.21	15259.2	15292.2	-162.377203 -272.129028,-158.406676 -267.452428
1	23	708	710	1	0	0	0	0	1	0	0	0	Right	5.21	15297.5	15298.5	-158.406676 -267.452428,-157.256257 -267.735724
1	24	710	714	1	1	100	100	0	21	110	1	0	Straight	0.0	15298.5	15408.5	-157.256257 -267.735724,-133.641891 -266.112101
1	25	714	716	1	0	0	0	0	5	0	0	0	Straight	0.0	15408.5	15413.5	-133.641891 -266.112101,-128.660964 -268.637491
1	26	716	698	1	1	200	200	0	22	211	0	0	Right	5.21	15418.7	15440.7	-128.660964 -268.637491,-148.403164 -279.768227
1	27	698	702	1	0	0	0	0	5	0	0	0	Left	10.42	15451.1	15456.1	-148.403164 -279.768227,-143.680548 -283.138948
1	28	702	700	1	1	180	180	0	21	190	1	0	Right	5.21	15461.3	15651.3	-143.680548 -283.138948,-163.228506 -289.535393
1	29	700	688	1	0	0	0	0	2	0	0	0	Right	5.21	15656.5	15658.5	-163.228506 -289.535393,-165.165585 -288.147365
1	30	688	682	1	1	20	20	0	9	24	1	0	Straight	0.0	15658.5	15682.5	-165.165585 -288.147365,-170.708198 -288.955341
1	31	682	672	1	0	0	0	0	5	0	0	0	Straight	0.0	15682.5	15687.5	-170.708198 -288.955341,-174.24047 -289.923513
1	32	672	676	1	1	150	150	0	17	158	1	0	U	41.682	15729.2	15887.2	-174.24047 -289.923513,-165.788831 -275.960696
1	33	676	678	1	1	60	60	0	21	70	1	0	U	41.682	15928.9	15998.9	-165.788831 -275.960696,-176.87486 -293.358538
1	34	678	672	1	0	0	0	0	5	0	0	0	U	41.682	16040.5	16045.5	-176.87486 -293.358538,-174.24047 -289.923513
1	35	672	682	1	0	0	0	0	5	0	0	0	Straight	0.0	16045.5	16050.5	-174.24047 -289.923513,-170.708198 -288.955341
1	36	682	686	1	1	20	20	0	10	25	1	0	Straight	0.0	16050.5	16075.5	-170.708198 -288.955341,-164.757276 -281.305153
1	37	686	692	1	1	0	0	0	5	2	1	0	Straight	0.0	16075.5	16077.5	-164.757276 -281.305153,-161.313499 -277.409606
1	38	692	694	1	1	40	40	0	7	43	0	0	Left	10.42	16088.0	16095.0	-161.313499 -277.409606,-162.377203 -272.129028
1	39	694	708	1	1	30	30	0	6	33	0	0	Right	5.21	16100.2	16106.2	-162.377203 -272.129028,-158.406676 -267.452428
1	40	708	1028	1	0	0	0	0	24	0	0	0	Left	10.42	16116.6	16140.6	-158.406676 -267.452428,-184.153478 -250.51186
1	41	1028	1026	1	0	0	0	0	7	0	0	0	Straight	0.0	16140.6	16147.6	-184.153478 -250.51186,-191.280089 -245.063326
1	42	1026	1030	1	1	230	230	0	31	245	1	0	Right	5.21	16152.8	16397.8	-191.280089 -245.063326,-185.150675 -235.04133
1	43	1030	1028	1	1	100	100	0	24	112	0	0	U	41.682	16439.5	16463.5	-185.150675 -235.04133,-184.153478 -250.51186
1	44	1028	1030	1	1	100	100	0	24	112	1	0	U	41.682	16505.2	16617.2	-184.153478 -250.51186,-185.150675 -235.04133
1	45	1030	1034	1	1	60	60	0	9	64	1	0	Right	5.21	16622.4	16686.4	-185.150675 -235.04133,-178.54381 -227.717777
1	46	1034	1046	1	1	50	50	0	15	57	1	0	Straight	0.0	16686.4	16743.4	-178.54381 -227.717777,-175.281798 -225.438473
1	47	1046	1048	1	0	0	0	0	6	0	0	0	Straight	0.0	16743.4	16749.4	-175.281798 -225.438473,-169.019906 -222.335444
1	48	1048	1036	1	0	0	0	0	8	0	0	0	Straight	0.0	16749.4	16757.4	-169.019906 -222.335444,-161.018948 -218.022482
1	49	1036	938	1	1	20	20	0	6	23	1	0	Left	10.42	16767.8	16790.8	-161.018948 -218.022482,-166.363372 -214.516887
1	50	938	836	1	0	0	0	0	21	0	0	0	Right	5.21	16796.0	16817.0	-166.363372 -214.516887,-143.200907 -209.182987
1	51	836	930	1	0	0	0	0	6	0	0	0	U	41.682	16858.7	16864.7	-143.200907 -209.182987,-148.724281 -206.061439
1	52	930	928	1	0	0	0	0	9	0	0	0	Straight	0.0	16864.7	16873.7	-148.724281 -206.061439,-154.999588 -198.185433
1	53	928	926	1	1	110	110	0	14	117	1	0	Straight	0.0	16873.7	16990.7	-154.999588 -198.185433,-165.317779 -187.224286
1	54	926	922	1	1	40	40	0	10	45	1	0	Straight	0.0	16990.7	17035.7	-165.317779 -187.224286,-171.40888 -179.985187
1	55	922	924	1	1	120	120	0	14	127	1	0	U	41.682	17077.4	17204.4	-171.40888 -179.985187,-160.403971 -190.463148
1	56	924	916	1	0	0	0	0	8	0	0	0	U	41.682	17246.1	17254.1	-160.403971 -190.463148,-164.797887 -183.335711
1	57	916	914	1	0	0	0	0	22	0	0	0	Right	5.21	17259.3	17281.3	-164.797887 -183.335711,-140.036866 -174.080875
1	58	914	872	1	0	0	0	0	20	0	0	0	Left	10.42	17291.7	17311.7	-140.036866 -174.080875,-150.574238 -155.660418
1	59	872	870	1	1	70	70	0	14	77	1	0	Straight	0.0	17311.7	17388.7	-150.574238 -155.660418,-162.904568 -147.565398
1	60	870	876	1	1	40	40	0	7	43	1	0	Straight	0.0	17388.7	17431.7	-162.904568 -147.565398,-167.028138 -141.84808
1	61	876	870	1	1	40	40	0	7	43	0	0	U	41.682	17473.4	17480.4	-167.028138 -141.84808,-162.904568 -147.565398
1	62	870	866	1	1	20	20	0	18	29	1	0	Right	5.21	17485.6	17514.6	-162.904568 -147.565398,-186.00689 -148.13167
1	63	866	874	1	1	50	50	0	9	54	1	0	Right	5.21	17519.8	17573.8	-186.00689 -148.13167,-191.882601 -141.350509
1	64	874	866	1	1	50	50	0	9	54	0	0	U	41.682	17615.5	17624.5	-191.882601 -141.350509,-186.00689 -148.13167
1	65	866	860	1	1	40	40	0	17	48	1	0	Right	5.21	17629.7	17677.7	-186.00689 -148.13167,-208.293509 -155.860137
1	66	860	864	1	1	110	110	0	11	115	1	0	Right	5.21	17682.9	17797.9	-208.293509 -155.860137,-216.177999 -147.99014
1	67	864	860	1	1	110	110	0	11	115	0	0	U	41.682	17839.6	17850.6	-216.177999 -147.99014,-208.293509 -155.860137
1	68	860	856	1	1	30	30	0	13	36	1	0	Right	5.21	17855.8	17891.8	-208.293509 -155.860137,-217.525284 -165.505132
1	69	856	842	1	0	0	0	0	19	0	0	0	Left	10.42	17902.2	17921.2	-217.525284 -165.505132,-204.280548 -180.546754
1	70	842	944	1	0	0	0	0	7	0	0	0	Right	5.21	17926.4	17933.4	-204.280548 -180.546754,-207.876059 -184.548267
1	71	944	946	1	0	0	0	0	20	0	0	0	Left	10.42	17943.8	17963.8	-207.876059 -184.548267,-196.379638 -199.379402
1	72	946	948	1	0	0	0	0	11	0	0	0	Straight	0.0	17963.8	17974.8	-196.379638 -199.379402,-186.554723 -206.29103
1	73	948	940	1	1	20	20	0	8	24	1	0	Straight	0.0	17974.8	17998.8	-186.554723 -206.29103,-179.558013 -211.738285
1	74	940	936	1	0	0	0	0	8	0	0	0	Left	10.42	18009.3	18017.3	-179.558013 -211.738285,-174.261103 -208.857146
1	75	936	930	1	1	180	180	0	23	191	1	0	Straight	0.0	18017.3	18208.3	-174.261103 -208.857146,-148.724281 -206.061439
1	76	930	836	1	0	0	0	0	6	0	0	0	Straight	0.0	18208.3	18214.3	-148.724281 -206.061439,-143.200907 -209.182987
1	77	836	816	1	0	0	0	0	24	0	0	0	Left	10.42	18224.7	18248.7	-143.200907 -209.182987,-118.295854 -199.587083
1	78	816	818	1	1	130	130	0	16	138	1	0	Left	10.42	18259.1	18397.1	-118.295854 -199.587083,-123.973503 -185.938117
1	79	818	814	1	0	0	0	0	6	0	0	0	Right	5.21	18402.3	18408.3	-123.973503 -185.938117,-119.983427 -187.03278
1	80	814	808	1	0	0	0	0	6	0	0	0	Straight	0.0	18408.3	18414.3	-119.983427 -187.03278,-114.593327 -187.337427
1	81	808	802	1	0	0	0	0	6	0	0	0	Straight	0.0	18414.3	18420.3	-114.593327 -187.337427,-110.175836 -187.9553
1	82	802	796	1	0	0	0	0	6	0	0	0	Straight	0.0	18420.3	18426.3	-110.175836 -187.9553,-104.521508 -190.208553
1	83	796	790	1	0	0	0	0	5	0	0	0	Straight	0.0	18426.3	18431.3	-104.521508 -190.208553,-100.004959 -192.212178
1	84	790	784	1	0	0	0	0	5	0	0	0	Straight	0.0	18431.3	18436.3	-100.004959 -192.212178,-96.153592 -193.637525
1	85	784	778	1	0	0	0	0	6	0	0	0	Straight	0.0	18436.3	18442.3	-96.153592 -193.637525,-92.014196 -195.253353
1	86	778	776	1	1	210	210	0	28	224	1	0	Right	5.21	18447.5	18671.5	-92.014196 -195.253353,-82.963027 -220.106143
1	87	776	774	1	0	0	0	0	20	0	0	0	Right	5.21	18676.7	18696.7	-82.963027 -220.106143,-102.383857 -229.129797
1	88	774	752	1	0	0	0	0	6	0	0	0	Left	10.42	18707.1	18713.1	-102.383857 -229.129797,-98.749543 -233.271334
1	89	752	748	1	0	0	0	0	6	0	0	0	Straight	0.0	18713.1	18719.1	-98.749543 -233.271334,-93.333904 -236.424919
1	90	748	742	1	0	0	0	0	5	0	0	0	Straight	0.0	18719.1	18724.1	-93.333904 -236.424919,-89.294274 -239.637603
1	91	742	740	1	0	0	0	0	6	0	0	0	Straight	0.0	18724.1	18730.1	-89.294274 -239.637603,-84.340572 -242.046582
1	92	740	732	1	0	0	0	0	5	0	0	0	Straight	0.0	18730.1	18735.1	-84.340572 -242.046582,-80.100748 -244.56977
1	93	732	770	1	1	90	90	0	22	101	1	0	Left	10.42	18745.6	18846.6	-80.100748 -244.56977,-59.871408 -233.87136
1	94	770	524	1	0	0	0	0	2	0	0	0	Straight	0.0	18846.6	18848.6	-59.871408 -233.87136,-57.931365 -234.367754
1	95	524	522	1	0	0	0	0	6	0	0	0	Straight	0.0	18848.6	18854.6	-57.931365 -234.367754,-51.54693 -235.025657
1	96	522	520	1	0	0	0	0	33	0	0	0	Straight	0.0	18854.6	18887.6	-51.54693 -235.025657,-16.57499 -239.060341
1	97	520	1252	1	0	0	0	0	23	0	0	0	Straight	0.0	18887.6	18910.6	-16.57499 -239.060341,7.59726 -242.927294
1	98	1252	302	1	0	0	0	0	1	0	0	0	Straight	0.0	18910.6	18911.6	7.59726 -242.927294,8.589163 -242.629472
1	99	302	300	1	1	100	100	0	16	108	0	0	Straight	0.0	18911.6	18927.6	8.589163 -242.629472,24.487457 -240.336442
1	100	300	308	1	1	150	150	0	22	161	0	0	Straight	0.0	18927.6	18949.6	24.487457 -240.336442,42.416837 -236.280567
1	101	308	304	1	1	50	50	0	9	54	1	0	Straight	0.0	18949.6	19003.6	42.416837 -236.280567,50.444518 -232.075935
1	102	304	294	1	1	60	60	0	8	64	0	0	Left	10.42	19014.0	19022.0	50.444518 -232.075935,51.931619 -225.618961
1	103	294	290	1	0	0	0	0	10	0	0	0	Right	5.21	19027.2	19037.2	51.931619 -225.618961,62.043493 -222.280085
1	104	290	286	1	0	0	0	0	8	0	0	0	Straight	0.0	19037.2	19045.2	62.043493 -222.280085,70.50859 -220.014693
1	105	286	282	1	0	0	0	0	8	0	0	0	Straight	0.0	19045.2	19053.2	70.50859 -220.014693,79.124644 -218.525508
1	106	282	278	1	0	0	0	0	8	0	0	0	Straight	0.0	19053.2	19061.2	79.124644 -218.525508,87.812459 -217.565391
1	107	278	180	1	0	0	0	0	31	0	0	0	Straight	0.0	19061.2	19092.2	87.812459 -217.565391,121.031317 -214.887457
1	108	180	178	1	0	0	0	0	13	0	0	0	Straight	0.0	19092.2	19105.2	121.031317 -214.887457,134.98206 -213.65697
1	109	178	172	1	0	0	0	0	8	0	0	0	Straight	0.0	19105.2	19113.2	134.98206 -213.65697,142.493613 -209.624463
1	110	172	166	1	0	0	0	0	8	0	0	0	Straight	0.0	19113.2	19121.2	142.493613 -209.624463,150.403246 -207.064156
1	111	166	424	1	0	0	0	0	7	0	0	0	Straight	0.0	19121.2	19128.2	150.403246 -207.064156,157.569826 -205.117151
1	112	424	418	1	1	170	170	0	29	184	0	0	Straight	0.0	19128.2	19157.2	157.569826 -205.117151,179.819825 -187.141221
1	113	418	414	1	1	130	130	0	18	139	0	0	Straight	0.0	19157.2	19175.2	179.819825 -187.141221,198.884913 -186.218304
1	114	414	1184	1	1	70	70	0	9	74	0	0	Straight	0.0	19175.2	19184.2	198.884913 -186.218304,207.552561 -183.038008
1	115	1184	1180	1	0	0	0	0	7	0	0	0	Straight	0.0	19184.2	19191.2	207.552561 -183.038008,212.987411 -178.58136
1	116	1180	1182	1	1	110	110	0	8	114	1	0	Straight	0.0	19191.2	19305.2	212.987411 -178.58136,216.289316 -172.794247
1	117	1182	1180	1	1	110	110	0	8	114	0	0	U	41.682	19346.9	19354.9	216.289316 -172.794247,212.987411 -178.58136
1	118	1180	1174	1	0	0	0	0	6	0	0	0	U	41.682	19396.6	19402.6	212.987411 -178.58136,218.447885 -175.562448
1	119	1174	1172	1	1	40	40	0	5	42	0	0	Straight	0.0	19402.6	19407.6	218.447885 -175.562448,222.926137 -174.037121
1	120	1172	1162	1	1	130	130	0	7	133	0	0	Straight	0.0	19407.6	19414.6	222.926137 -174.037121,230.246049 -175.724567
1	121	1162	1176	1	1	100	100	0	10	105	0	0	Straight	0.0	19414.6	19424.6	230.246049 -175.724567,237.995039 -182.20154
1	122	1176	1206	1	0	0	0	0	6	0	0	0	Left	10.42	19435.0	19441.0	237.995039 -182.20154,244.099348 -180.67164
1	123	1206	1200	1	0	0	0	0	0	0	0	0	U	41.682	19482.7	19482.7	244.099348 -180.67164,244.099348 -180.67164
1	124	1200	1102	1	0	0	0	0	3	0	0	0	Right	5.21	19487.9	19490.9	244.099348 -180.67164,246.235295 -178.49569
1	125	1102	1100	1	1	250	250	0	27	263	1	0	Straight	0.0	19490.9	19753.9	246.235295 -178.49569,259.592496 -158.103005
1	126	1100	1088	1	1	30	30	0	9	34	1	0	Left	10.42	19764.3	19798.3	259.592496 -158.103005,249.622122 -150.918804
1	127	1088	426	1	1	20	20	0	8	24	1	0	Right	5.21	19803.5	19827.5	249.622122 -150.918804,254.01325 -144.580969
1	128	426	430	1	1	120	120	0	16	128	1	0	Straight	0.0	19827.5	19955.5	254.01325 -144.580969,262.978664 -132.420072
1	129	430	426	1	1	120	120	0	16	128	0	0	U	41.682	19997.2	20013.2	262.978664 -132.420072,254.01325 -144.580969
1	130	426	444	1	1	110	110	0	13	116	1	0	U	41.682	20054.9	20170.9	254.01325 -144.580969,261.424395 -134.188209
1	131	444	448	1	1	180	180	0	23	191	1	0	Straight	0.0	20170.9	20361.9	261.424395 -134.188209,276.466793 -116.674473
1	132	448	450	1	1	40	40	0	9	44	1	0	Straight	0.0	20361.9	20405.9	276.466793 -116.674473,283.988688 -111.636835
1	133	450	438	1	1	30	30	0	7	33	1	0	Right	5.21	20411.1	20444.1	283.988688 -111.636835,284.181405 -113.252004
1	134	438	440	1	1	10	10	0	9	14	1	0	Right	5.21	20449.3	20463.3	284.181405 -113.252004,276.065068 -117.589863
1	135	440	448	1	1	30	30	0	7	33	1	0	U	41.682	20505.0	20538.0	276.065068 -117.589863,276.466793 -116.674473
1	136	448	440	1	1	30	30	0	7	33	0	0	U	41.682	20579.6	20586.6	276.466793 -116.674473,276.065068 -117.589863
1	137	440	460	1	1	130	130	0	12	136	1	0	Straight	0.0	20586.6	20722.6	276.065068 -117.589863,267.67762 -126.129347
1	138	460	444	1	1	80	80	0	10	85	0	0	Straight	0.0	20722.6	20732.6	267.67762 -126.129347,261.424395 -134.188209
1	139	444	460	1	1	80	80	0	10	85	1	0	U	41.682	20774.3	20859.3	261.424395 -134.188209,267.67762 -126.129347
1	140	460	474	1	1	510	510	0	58	539	1	0	Straight	0.0	20859.3	21398.3	267.67762 -126.129347,315.715514 -94.82769
1	141	474	472	1	1	50	50	0	8	54	1	0	U	41.682	21440.0	21494.0	315.715514 -94.82769,303.53555 -110.187956
1	142	472	456	1	0	0	0	0	7	0	0	0	Straight	0.0	21494.0	21501.0	303.53555 -110.187956,298.217433 -114.385968
1	143	456	436	1	1	100	100	0	15	107	1	0	Right	5.21	21506.2	21613.2	298.217433 -114.385968,294.11827 -110.073274
1	144	436	450	1	1	70	70	0	18	79	1	0	Left	10.42	21623.6	21702.6	294.11827 -110.073274,283.988688 -111.636835
1	145	450	438	1	1	30	30	0	7	33	0	0	Left	10.42	21713.1	21720.1	283.988688 -111.636835,284.181405 -113.252004
1	146	438	436	1	1	180	180	0	10	185	1	0	Left	10.42	21730.5	21915.5	284.181405 -113.252004,294.11827 -110.073274
1	147	436	456	1	1	100	100	0	15	107	0	0	Right	5.21	21920.7	21935.7	294.11827 -110.073274,298.217433 -114.385968
1	148	456	454	1	1	30	30	0	6	33	1	0	Right	5.21	21940.9	21973.9	298.217433 -114.385968,294.089459 -118.305773
1	149	454	1066	1	1	70	70	0	14	77	1	0	Straight	0.0	21973.9	22050.9	294.089459 -118.305773,284.267286 -127.877076
1	150	1066	1068	1	1	110	110	0	15	117	1	0	Straight	0.0	22050.9	22167.9	284.267286 -127.877076,273.834543 -138.376227
1	151	1068	1066	1	1	110	110	0	15	117	0	0	U	41.682	22209.6	22224.6	273.834543 -138.376227,284.267286 -127.877076
1	152	1066	426	1	1	370	370	0	42	391	1	0	U	41.682	22266.3	22657.3	284.267286 -127.877076,254.01325 -144.580969
1	153	426	1088	1	1	20	20	0	8	24	0	0	Straight	0.0	22657.3	22665.3	254.01325 -144.580969,249.622122 -150.918804
1	154	1088	1100	1	1	30	30	0	9	34	0	0	Left	10.42	22675.7	22684.7	249.622122 -150.918804,259.592496 -158.103005
1	155	1100	1096	1	0	0	0	0	3	0	0	0	Left	10.42	22695.1	22698.1	259.592496 -158.103005,262.134784 -156.730764
1	156	1096	1110	1	1	50	50	0	8	54	0	0	Right	5.21	22703.3	22711.3	262.134784 -156.730764,263.541225 -162.065221
1	157	1110	1106	1	1	140	140	0	17	148	1	0	Right	5.21	22716.5	22864.5	263.541225 -162.065221,251.377759 -173.999789
1	158	1106	1102	1	1	60	60	0	7	63	1	0	Straight	0.0	22864.5	22927.5	251.377759 -173.999789,246.235295 -178.49569
1	159	1102	1106	1	1	60	60	0	7	63	0	0	U	41.682	22969.2	22976.2	246.235295 -178.49569,251.377759 -173.999789
1	160	1106	1140	1	0	0	0	0	13	0	0	0	Straight	0.0	22976.2	22989.2	251.377759 -173.999789,261.972086 -166.825017
1	161	1140	1112	1	1	90	90	0	10	95	0	0	Straight	0.0	22989.2	22999.2	261.972086 -166.825017,269.296598 -159.721366
1	162	1112	1128	1	1	70	70	0	7	73	1	0	Straight	0.0	22999.2	23072.2	269.296598 -159.721366,275.301373 -156.069992
1	163	1128	1090	1	1	60	60	0	8	64	1	0	Straight	0.0	23072.2	23136.2	275.301373 -156.069992,281.486515 -151.039407
1	164	1090	1092	1	1	150	150	0	17	158	1	0	Straight	0.0	23136.2	23294.2	281.486515 -151.039407,290.540842 -151.441714
1	165	1092	1094	1	1	30	30	0	8	34	1	0	Straight	0.0	23294.2	23328.2	290.540842 -151.441714,296.50818 -146.167419
1	166	1094	1074	1	1	60	60	0	8	64	1	0	Left	10.42	23338.6	23402.6	296.50818 -146.167419,290.925616 -142.507077
1	167	1074	1076	1	1	120	120	0	19	129	1	0	Right	5.21	23407.8	23536.8	290.925616 -142.507077,307.898991 -133.125359
1	168	1076	1074	1	1	120	120	0	19	129	0	0	U	41.682	23578.5	23597.5	307.898991 -133.125359,290.925616 -142.507077
1	169	1074	1070	1	1	70	70	0	8	74	1	0	Straight	0.0	23597.5	23671.5	290.925616 -142.507077,283.144794 -145.170641
1	170	1070	1090	1	1	60	60	0	8	64	0	0	Left	10.42	23681.9	23689.9	283.144794 -145.170641,281.486515 -151.039407
1	171	1090	1128	1	1	60	60	0	8	64	0	0	Straight	0.0	23689.9	23697.9	281.486515 -151.039407,275.301373 -156.069992
1	172	1128	1130	1	1	30	30	0	7	33	1	0	Left	10.42	23708.4	23741.4	275.301373 -156.069992,279.423275 -156.705452
1	173	1130	1136	1	1	50	50	0	6	53	1	0	Right	5.21	23746.6	23799.6	279.423275 -156.705452,275.357466 -160.541848
1	174	1136	1132	1	1	30	30	0	8	34	1	0	U	41.682	23841.3	23875.3	275.357466 -160.541848,281.670759 -156.268578
1	175	1132	1130	1	1	30	30	0	4	32	1	0	U	41.682	23916.9	23948.9	281.670759 -156.268578,279.423275 -156.705452
1	176	1130	1132	1	1	30	30	0	4	32	0	0	U	41.682	23990.6	23994.6	279.423275 -156.705452,281.670759 -156.268578
1	177	1132	1124	1	1	80	80	0	9	84	1	0	Straight	0.0	23994.6	24078.6	281.670759 -156.268578,289.842678 -152.157652
1	178	1124	1094	1	1	300	300	0	45	322	1	0	Straight	0.0	24078.6	24400.6	289.842678 -152.157652,296.50818 -146.167419
1	179	1094	1092	1	1	30	30	0	8	34	0	0	U	41.682	24442.3	24450.3	296.50818 -146.167419,290.540842 -151.441714
1	180	1092	1124	1	0	0	0	0	1	0	0	0	Straight	0.0	24450.3	24451.3	290.540842 -151.441714,289.842678 -152.157652
1	181	1124	1158	1	0	0	0	0	10	0	0	0	Straight	0.0	24451.3	24461.3	289.842678 -152.157652,284.415844 -159.031602
1	182	1158	1160	1	1	140	140	0	14	147	1	0	U	41.682	24503.0	24650.0	284.415844 -159.031602,299.788006 -157.132005
1	183	1160	46	1	1	480	480	0	40	500	1	0	Straight	0.0	24650.0	25150.0	299.788006 -157.132005,338.295942 -182.319984
1	184	46	42	1	1	450	450	0	65	482	1	0	Right	5.21	25155.2	25637.2	338.295942 -182.319984,277.801635 -214.284538
1	185	42	122	1	0	0	0	0	1	0	0	0	Left	10.42	25647.6	25648.6	277.801635 -214.284538,278.907313 -214.731397
1	186	122	130	1	1	70	70	0	10	75	1	0	Straight	0.0	25648.6	25723.6	278.907313 -214.731397,289.954935 -219.348678
1	187	130	132	1	1	50	50	0	8	54	1	0	Straight	0.0	25723.6	25777.6	289.954935 -219.348678,297.602908 -225.086884
1	188	132	134	1	1	60	60	0	8	64	1	0	Straight	0.0	25777.6	25841.6	297.602908 -225.086884,304.342934 -232.468112
1	189	134	136	1	1	70	70	0	8	74	1	0	Straight	0.0	25841.6	25915.6	304.342934 -232.468112,309.799654 -240.207453
1	190	136	142	1	1	70	70	0	8	74	1	0	Right	5.21	25920.8	25994.8	309.799654 -240.207453,304.082345 -247.917721
1	191	142	146	1	1	110	110	0	21	120	1	0	Left	10.42	26005.2	26125.2	304.082345 -247.917721,318.065661 -259.911912
1	192	146	148	1	0	0	0	0	8	0	0	0	Straight	0.0	26125.2	26133.2	318.065661 -259.911912,326.083764 -262.107523
1	193	148	128	1	0	0	0	0	8	0	0	0	Left	10.42	26143.7	26151.7	326.083764 -262.107523,333.816825 -255.148413
1	194	128	126	1	0	0	0	0	8	0	0	0	Straight	0.0	26151.7	26159.7	333.816825 -255.148413,335.749616 -247.929978
1	195	126	124	1	0	0	0	0	8	0	0	0	Left	10.42	26170.1	26178.1	335.749616 -247.929978,331.415571 -241.500565
1	196	124	8	1	0	0	0	0	8	0	0	0	Straight	0.0	26178.1	26186.1	331.415571 -241.500565,324.962545 -234.815893
1	197	8	12	1	1	30	30	0	8	34	1	0	Straight	0.0	26186.1	26220.1	324.962545 -234.815893,317.03618 -229.262933
1	198	12	16	1	0	0	0	0	8	0	0	0	Straight	0.0	26220.1	26228.1	317.03618 -229.262933,308.381817 -225.060415
1	199	16	40	1	0	0	0	0	7	0	0	0	Straight	0.0	26228.1	26235.1	308.381817 -225.060415,300.816214 -221.828568
1	200	40	130	1	1	40	40	0	10	45	0	0	Straight	0.0	26235.1	26245.1	300.816214 -221.828568,289.954935 -219.348678
1	201	130	40	1	1	40	40	0	10	45	1	0	U	41.682	26286.8	26331.8	289.954935 -219.348678,300.816214 -221.828568
1	202	40	38	1	1	50	50	0	7	53	1	0	Straight	0.0	26331.8	26384.8	300.816214 -221.828568,308.155323 -221.919173
1	203	38	36	1	1	60	60	0	9	64	1	0	Straight	0.0	26384.8	26448.8	308.155323 -221.919173,317.81668 -221.358872
1	204	36	34	1	1	80	80	0	15	87	1	0	Straight	0.0	26448.8	26535.8	317.81668 -221.358872,331.052924 -218.149837
1	205	34	38	1	1	260	260	0	22	271	1	0	U	41.682	26577.4	26848.4	331.052924 -218.149837,308.155323 -221.919173
1	206	38	36	1	1	60	60	0	9	64	0	0	U	41.682	26890.1	26899.1	308.155323 -221.919173,317.81668 -221.358872
1	207	36	28	1	1	270	270	0	37	288	1	0	Straight	0.0	26899.1	27187.1	317.81668 -221.358872,353.114366 -200.98419
1	208	28	24	1	0	0	0	0	7	0	0	0	Straight	0.0	27187.1	27194.1	353.114366 -200.98419,358.324838 -194.137509
1	209	24	20	1	1	120	120	0	21	130	1	0	Straight	0.0	27194.1	27324.1	358.324838 -194.137509,376.4522 -186.845952
1	210	20	18	1	1	80	80	0	19	89	1	0	U	41.682	27365.8	27454.8	376.4522 -186.845952,356.37892 -187.709483
1	211	18	26	1	1	30	30	0	8	34	1	0	Straight	0.0	27454.8	27488.8	356.37892 -187.709483,347.361765 -184.328002
1	212	26	34	1	1	420	420	0	46	443	1	0	Left	10.42	27499.2	27942.2	347.361765 -184.328002,331.052924 -218.149837
1	213	34	26	1	1	420	420	0	46	443	0	0	U	41.682	27983.9	28029.9	331.052924 -218.149837,347.361765 -184.328002
1	214	26	46	1	0	0	0	0	8	0	0	0	Left	10.42	28040.3	28048.3	347.361765 -184.328002,338.295942 -182.319984
1	215	46	1160	1	1	480	480	0	40	500	0	0	Straight	0.0	28048.3	28088.3	338.295942 -182.319984,299.788006 -157.132005
1	216	1160	614	1	0	0	0	0	131	0	0	0	Right	5.21	28093.5	28224.5	299.788006 -157.132005,329.388226 -41.691561
1	217	614	618	1	0	0	0	0	258	0	0	0	Left	10.42	28235.0	28493.0	329.388226 -41.691561,-173.878084 43.095037
1	218	618	1356	1	0	0	0	0	557	0	0	0	Right	5.21	28498.2	29055.2	-173.878084 43.095037,-422.247647 415.299344
1	219	1356	1362	1	0	0	0	0	38	0	0	0	Straight	0.0	29055.2	29093.2	-422.247647 415.299344,-439.900239 439.900239
2	0	1362	10096	-1	-1	0	0	1453	1453	0	0	300		0.0	29093.2	30846.2	-439.900239 439.900239,439.900239 -439.900239
