Problem Type	Solution Method	Vehicle Capacity (Weight)	Vehicle Capacity(Volume)	Disposal Trips	Route Time	Route Time wo Turns	Computational Time(Sec)	Clustering Time(Sec)	VA(CCI)	VA(NHO)	VA(ATD)	VA(DMT)	VA(AOI)	VA(ROI)	Optimal
MCARPTIF-TP	WJ19	10000	10000	2	32712.4	28797	139.624	0	1.26667	0.31487	1057.6	23668.5	0.191993	0.676328	0
Load No	Sequence No	Starting Node	Ending Node	Is Edge	Required	Weight	Volume	Travel Miles	Travel Time	Service Time	Served	Dumped	Turn Type	Turn Cost	Depart Time	Arrival Time	Shape
0	0	2277	922	1	0	0	0	0	91	0	0	300		0.0	300.0	391.0	360.38 280.33,363.4 284.32
0	1	922	923	1	0	0	0	0	20	0	0	0	Straight	0.0	391.0	411.0	363.4 284.32,367.72 288.77
0	2	923	2011	1	0	0	0	0	100	0	0	0	Straight	0.0	411.0	511.0	367.72 288.77,372.78 294.49
0	3	2011	1004	1	0	0	0	0	249	0	0	0	Straight	0.0	511.0	760.0	372.78 294.49,378.59 301.43
0	4	1004	1528	1	0	0	0	0	24	0	0	0	Straight	0.0	760.0	784.0	378.59 301.43,385.69 307.89
0	5	1528	957	1	0	0	0	0	9	0	0	0	Straight	0.0	784.0	793.0	385.69 307.89,393.42 311.13
0	6	957	586	1	0	0	0	0	11	0	0	0	Straight	0.0	793.0	804.0	393.42 311.13,404.06 311.5
0	7	586	587	1	0	0	0	0	117	0	0	0	Straight	0.0	804.0	921.0	404.06 311.5,427.62 301.53
0	8	587	513	1	1	159	159	0	29	179	1	0	Right	7.158	928.158	1107.16	427.62 301.53,425.71 291.3
0	9	513	834	1	1	61	61	0	11	71	1	0	Straight	0.0	1107.16	1178.16	425.71 291.3,422.77 288.72
0	10	834	513	1	1	61	61	0	11	71	0	0	U	57.264	1235.42	1246.42	422.77 288.72,425.71 291.3
0	11	513	512	1	1	379	379	0	68	438	1	0	U	57.264	1303.69	1741.69	425.71 291.3,424.89 281.77
0	12	512	625	1	1	128	128	0	23	143	1	0	Straight	0.0	1741.69	1884.69	424.89 281.77,420.67 276.39
0	13	625	626	1	1	413	413	0	74	484	1	0	Straight	0.0	1884.69	2368.69	420.67 276.39,420.42 271.44
0	14	626	645	1	1	141	141	0	25	165	1	0	Left	14.316	2383.0	2548.0	420.42 271.44,425.23 270.56
0	15	645	646	1	1	148	148	0	27	167	1	0	Straight	0.0	2548.0	2715.0	425.23 270.56,428.65 267.55
0	16	646	1786	1	1	114	114	0	21	131	1	0	Right	7.158	2722.16	2853.16	428.65 267.55,426.41 263.07
0	17	1786	646	1	1	114	114	0	21	131	0	0	U	57.264	2910.42	2931.42	426.41 263.07,428.65 267.55
0	18	646	1828	1	1	865	865	0	156	1016	1	0	Straight	0.0	2931.42	3947.42	428.65 267.55,434.08 271.15
0	19	1828	2023	1	1	272	272	0	49	319	1	0	Right	7.158	3954.58	4273.58	434.08 271.15,434.34 264.89
0	20	2023	2024	1	1	67	67	0	12	72	1	0	Straight	0.0	4273.58	4345.58	434.34 264.89,432.42 260.65
0	21	2024	2023	1	1	67	67	0	12	72	0	0	U	57.264	4402.85	4414.85	432.42 260.65,434.34 264.89
0	22	2023	2365	1	1	174	174	0	31	201	1	0	Right	7.158	4422.0	4623.0	434.34 264.89,438.09 263.13
0	23	2365	2412	1	1	66	66	0	12	72	1	0	Right	7.158	4630.16	4702.16	438.09 263.13,436.84 258.31
0	24	2412	2365	1	1	66	66	0	12	72	0	0	U	57.264	4759.43	4771.43	436.84 258.31,438.09 263.13
0	25	2365	1903	1	1	165	165	0	30	190	1	0	Straight	0.0	4771.43	4961.43	438.09 263.13,440.7 268.86
0	26	1903	758	1	1	38	38	0	7	37	1	0	Straight	0.0	4961.43	4998.43	440.7 268.86,442.21 275.71
0	27	758	1828	1	1	754	754	0	136	886	1	0	Left	14.316	5012.74	5898.74	442.21 275.71,434.08 271.15
0	28	1828	2000	1	1	123	123	0	22	142	1	0	Right	7.158	5905.9	6047.9	434.08 271.15,428.19 274.95
0	29	2000	645	1	1	712	712	0	128	838	1	0	Left	14.316	6062.22	6900.22	428.19 274.95,425.23 270.56
0	30	645	626	1	1	141	141	0	25	165	0	0	Right	7.158	6907.37	6932.37	425.23 270.56,420.42 271.44
0	31	626	1827	1	1	158	158	0	28	178	1	0	Straight	0.0	6932.37	7110.37	420.42 271.44,416.39 270.08
0	32	1827	1826	1	1	278	278	0	50	320	1	0	Right	7.158	7117.53	7437.53	416.39 270.08,416.54 274.04
0	33	1826	625	1	1	209	209	0	38	238	1	0	Right	7.158	7444.69	7682.69	416.54 274.04,420.67 276.39
0	34	625	512	1	1	128	128	0	23	143	0	0	Straight	0.0	7682.69	7705.69	420.67 276.39,424.89 281.77
0	35	512	2000	1	1	117	117	0	21	131	1	0	Right	7.158	7712.85	7843.85	424.89 281.77,428.19 274.95
0	36	2000	1828	1	1	123	123	0	22	142	0	0	Straight	0.0	7843.85	7865.85	428.19 274.95,434.08 271.15
0	37	1828	2023	1	1	272	272	0	49	319	0	0	Right	7.158	7873.01	7922.01	434.08 271.15,434.34 264.89
0	38	2023	2365	1	1	174	174	0	31	201	0	0	Left	14.316	7936.32	7967.32	434.34 264.89,438.09 263.13
0	39	2365	1903	1	1	165	165	0	30	190	0	0	Left	14.316	7981.64	8011.64	438.09 263.13,440.7 268.86
0	40	1903	758	1	1	38	38	0	7	37	0	0	Straight	0.0	8011.64	8018.64	440.7 268.86,442.21 275.71
0	41	758	759	1	1	140	140	0	25	165	1	0	Straight	0.0	8018.64	8183.64	442.21 275.71,449.81 284.26
0	42	759	1743	1	1	122	122	0	22	142	1	0	Right	7.158	8190.8	8332.8	449.81 284.26,457.41 281.24
0	43	1743	1703	1	1	107	107	0	19	119	1	0	Straight	0.0	8332.8	8451.8	457.41 281.24,465.49 279.8
0	44	1703	705	1	1	315	315	0	57	367	1	0	Straight	0.0	8451.8	8818.8	465.49 279.8,474.06 279.2
0	45	705	706	1	1	175	175	0	32	202	1	0	Straight	0.0	8818.8	9020.8	474.06 279.2,483.27 278.26
0	46	706	1803	1	1	982	982	0	177	1157	1	0	Straight	0.0	9020.8	10177.8	483.27 278.26,493.41 284.2
0	47	1803	1413	1	1	292	292	0	53	343	1	0	U	57.264	10235.1	10578.1	493.41 284.2,487.3 275.73
0	48	1413	1414	1	1	695	695	0	125	815	1	0	Straight	0.0	10578.1	11393.1	487.3 275.73,480.25 269.52
0	49	1414	1772	1	1	100	100	0	18	118	1	0	Straight	0.0	11393.1	11511.1	480.25 269.52,473.8 259.01
0	50	1772	146	1	1	779	779	0	140	910	1	0	Straight	0.0	11511.1	12421.1	473.8 259.01,468.52 248.28
0	51	146	145	1	0	0	0	0	250	0	0	0	Straight	0.0	12421.1	12671.1	468.52 248.28,464.25 237.83
0	52	145	2338	1	0	0	0	0	95	0	0	0	Straight	0.0	12671.1	12766.1	464.25 237.83,461.63 227.3
0	53	2338	272	1	1	15	15	0	3	13	1	0	Straight	0.0	12766.1	12779.1	461.63 227.3,460.44 217.53
0	54	272	273	1	0	0	0	0	106	0	0	0	Straight	0.0	12779.1	12885.1	460.44 217.53,460.99 208.73
0	55	273	1602	1	1	23	23	0	4	24	1	0	Straight	0.0	12885.1	12909.1	460.99 208.73,457.45 204.23
0	56	1602	273	1	1	23	23	0	4	24	0	0	U	57.264	12966.3	12970.3	457.45 204.23,460.99 208.73
0	57	273	1921	1	0	0	0	0	35	0	0	0	Right	7.158	12977.5	13012.5	460.99 208.73,466.77 204.15
0	58	1921	1922	1	1	391	391	0	70	460	1	0	Right	7.158	13019.6	13479.6	466.77 204.15,464.35 198.88
0	59	1922	1921	1	1	391	391	0	70	460	0	0	U	57.264	13536.9	13606.9	464.35 198.88,466.77 204.15
0	60	1921	1097	1	0	0	0	0	20	0	0	0	Right	7.158	13614.1	13634.1	466.77 204.15,475.09 206.37
0	61	1097	1658	1	1	24	24	0	4	24	1	0	Right	7.158	13641.2	13665.2	475.09 206.37,479.31 200.44
0	62	1658	1657	1	0	0	0	0	151	0	0	0	Left	14.316	13679.5	13830.5	479.31 200.44,484.53 208.88
0	63	1657	1095	1	1	24	24	0	4	24	1	0	Left	14.316	13844.9	13868.9	484.53 208.88,480.69 213.73
0	64	1095	1256	1	0	0	0	0	57	0	0	0	Right	7.158	13876.0	13933.0	480.69 213.73,488.94 219.37
0	65	1256	1255	1	0	0	0	0	53	0	0	0	Straight	0.0	13933.0	13986.0	488.94 219.37,497.94 231.86
0	66	1255	1339	1	0	0	0	0	41	0	0	0	Straight	0.0	13986.0	14027.0	497.94 231.86,504.29 251.38
0	67	1339	1520	0	0	0	0	0	14	0	0	0	Straight	0.0	14027.0	14041.0	504.29 251.38,511.38 265.36
0	68	1520	1340	0	1	24	24	0	9	49	1	0	Straight	0.0	14041.0	14090.0	511.38 265.36,518.71 278.05
0	69	1340	1341	0	0	0	0	0	10	0	0	0	Straight	0.0	14090.0	14100.0	518.71 278.05,527.98 292.88
0	70	1341	1521	1	0	0	0	0	171	0	0	0	Straight	0.0	14100.0	14271.0	527.98 292.88,546.5 315.01
0	71	1521	1562	1	0	0	0	0	121	0	0	0	Straight	0.0	14271.0	14392.0	546.5 315.01,551.71 349.14
0	72	1562	1860	1	0	0	0	0	90	0	0	0	Straight	0.0	14392.0	14482.0	551.71 349.14,555.53 383.19
0	73	1860	1386	1	0	0	0	0	59	0	0	0	Straight	0.0	14482.0	14541.0	555.53 383.19,568.84 412.62
0	74	1386	1385	1	0	0	0	0	30	0	0	0	Straight	0.0	14541.0	14571.0	568.84 412.62,587.07 437.24
0	75	1385	1713	1	0	0	0	0	168	0	0	0	Straight	0.0	14571.0	14739.0	587.07 437.24,603.76 462.32
0	76	1713	1394	1	0	0	0	0	18	0	0	0	Straight	0.0	14739.0	14757.0	603.76 462.32,620.21 487.49
0	77	1394	1157	1	0	0	0	0	65	0	0	0	Straight	0.0	14757.0	14822.0	620.21 487.49,646.85 500.85
0	78	1157	1148	1	0	0	0	0	49	0	0	0	Right	7.158	14829.2	14878.2	646.85 500.85,666.58 493.15
0	79	1148	2242	1	1	24	24	0	4	24	1	0	Right	7.158	14885.3	14909.3	666.58 493.15,670.56 482.05
0	80	2242	1367	0	1	128	128	0	23	143	0	0	Straight	0.0	14909.3	14932.3	670.56 482.05,675.58 471.47
0	81	1367	1368	1	1	92	92	0	17	107	0	0	Straight	0.0	14932.3	14949.3	675.58 471.47,680.82 461.09
0	82	1368	1724	0	1	25	25	0	5	25	1	0	Straight	0.0	14949.3	14974.3	680.82 461.09,685.35 455.66
0	83	1724	1639	0	0	0	0	0	3	0	0	0	Right	7.158	14981.5	14984.5	685.35 455.66,683.43 452.21
0	84	1639	1368	0	1	14	14	0	3	13	1	0	Right	7.158	14991.6	15004.6	683.43 452.21,680.82 461.09
0	85	1368	1367	1	1	92	92	0	17	107	0	0	Straight	0.0	15004.6	15021.6	680.82 461.09,675.58 471.47
0	86	1367	2242	0	1	127	127	0	23	143	0	0	Straight	0.0	15021.6	15044.6	675.58 471.47,670.56 482.05
0	87	2242	1148	1	1	24	24	0	4	24	0	0	Straight	0.0	15044.6	15048.6	670.56 482.05,666.58 493.15
0	88	1148	1157	1	0	0	0	0	49	0	0	0	Left	14.316	15063.0	15112.0	666.58 493.15,646.85 500.85
0	89	1157	1381	1	0	0	0	0	30	0	0	0	Right	7.158	15119.1	15149.1	646.85 500.85,640.54 521.24
0	90	1381	1925	1	0	0	0	0	32	0	0	0	Straight	0.0	15149.1	15181.1	640.54 521.24,641.04 541.96
0	91	1925	1980	1	0	0	0	0	2	0	0	0	Straight	0.0	15181.1	15183.1	641.04 541.96,635.72 561.93
0	92	1980	1306	0	0	0	0	0	154	0	0	0	Right	7.158	15190.3	15344.3	635.72 561.93,654.82 566.3
0	93	1306	1307	0	0	0	0	0	37	0	0	0	Right	7.158	15351.4	15388.4	654.82 566.3,667.43 553.85
0	94	1307	1732	0	0	0	0	0	18	0	0	0	Straight	0.0	15388.4	15406.4	667.43 553.85,676.83 553.64
0	95	1732	1508	0	0	0	0	0	24	0	0	0	Right	7.158	15413.6	15437.6	676.83 553.64,679.33 550.7
1	0	1508	1509	0	0	0	0	0	23	0	0	300		0.0	15737.6	15760.6	679.33 550.7,677.61 547.31
1	1	1509	1507	0	0	0	0	0	18	0	0	0	Straight	0.0	15760.6	15778.6	677.61 547.31,676.53 540.56
1	2	1507	1846	1	0	0	0	0	76	0	0	0	Left	14.316	15792.9	15868.9	676.53 540.56,696.47 524.12
1	3	1846	1492	1	0	0	0	0	62	0	0	0	Straight	0.0	15868.9	15930.9	696.47 524.12,698.31 510.22
1	4	1492	1369	1	1	460	460	0	83	543	1	0	Straight	0.0	15930.9	16473.9	698.31 510.22,696.68 505.08
1	5	1369	2086	1	1	282	282	0	51	331	1	0	Straight	0.0	16473.9	16804.9	696.68 505.08,697.92 501.9
1	6	2086	1369	1	1	282	282	0	51	331	0	0	U	57.264	16862.2	16913.2	697.92 501.9,696.68 505.08
1	7	1369	1318	1	1	53	53	0	9	59	1	0	Right	7.158	16920.3	16979.3	696.68 505.08,707.11 517.64
1	8	1318	1317	0	1	108	108	0	19	119	1	0	Straight	0.0	16979.3	17098.3	707.11 517.64,717.55 529.98
1	9	1317	1314	1	1	22	22	0	4	24	1	0	Straight	0.0	17098.3	17122.3	717.55 529.98,728.41 541.88
1	10	1314	1719	0	1	24	24	0	4	24	1	0	Straight	0.0	17122.3	17146.3	728.41 541.88,734.66 549.61
1	11	1719	2085	1	1	139	139	0	25	155	1	0	Right	7.158	17153.5	17308.5	734.66 549.61,736.79 546.59
1	12	2085	1719	1	1	139	139	0	25	155	0	0	U	57.264	17365.7	17390.7	736.79 546.59,734.66 549.61
1	13	1719	2071	0	1	25	25	0	5	25	1	0	Right	7.158	17397.9	17422.9	734.66 549.61,740.91 557.86
1	14	2071	1486	1	1	63	63	0	11	71	1	0	Straight	0.0	17422.9	17493.9	740.91 557.86,748.7 567.92
1	15	1486	1485	1	1	106	106	0	19	119	1	0	Straight	0.0	17493.9	17612.9	748.7 567.92,756.96 574.25
1	16	1485	1462	1	1	65	65	0	12	72	1	0	Straight	0.0	17612.9	17684.9	756.96 574.25,763.98 583.52
1	17	1462	1468	1	1	73	73	0	13	83	1	0	Straight	0.0	17684.9	17767.9	763.98 583.52,771.75 592.03
1	18	1468	1271	1	1	93	93	0	17	107	1	0	Right	7.158	17775.1	17882.1	771.75 592.03,777.92 591.36
1	19	1271	1718	1	1	81	81	0	15	95	1	0	Straight	0.0	17882.1	17977.1	777.92 591.36,781.27 589.14
1	20	1718	1271	1	1	81	81	0	15	95	0	0	U	57.264	18034.3	18049.3	781.27 589.14,777.92 591.36
1	21	1271	1270	1	1	51	51	0	9	59	1	0	Right	7.158	18056.5	18115.5	777.92 591.36,784.67 594.68
1	22	1270	1272	1	1	81	81	0	15	95	1	0	Straight	0.0	18115.5	18210.5	784.67 594.68,789.32 594.19
1	23	1272	1270	1	1	81	81	0	15	95	0	0	U	57.264	18267.8	18282.8	789.32 594.19,784.67 594.68
1	24	1270	2087	1	1	51	51	0	9	59	1	0	Right	7.158	18289.9	18348.9	784.67 594.68,790.36 600.12
1	25	2087	2288	1	1	81	81	0	15	95	1	0	Right	7.158	18356.1	18451.1	790.36 600.12,795.57 599.63
1	26	2288	2087	1	1	81	81	0	15	95	0	0	U	57.264	18508.3	18523.3	795.57 599.63,790.36 600.12
1	27	2087	1974	1	1	50	50	0	9	59	1	0	Right	7.158	18530.5	18589.5	790.36 600.12,794.21 607.22
1	28	1974	1973	1	1	83	83	0	15	95	1	0	U	57.264	18646.8	18741.8	794.21 607.22,794.75 604.05
1	29	1973	1974	1	1	83	83	0	15	95	0	0	U	57.264	18799.0	18814.0	794.75 604.05,794.21 607.22
1	30	1974	2184	1	1	67	67	0	12	72	1	0	Straight	0.0	18814.0	18886.0	794.21 607.22,795.6 614.42
1	31	2184	2244	1	1	60	60	0	11	71	0	0	Right	7.158	18893.2	18904.2	795.6 614.42,800.76 615.13
1	32	2244	2184	1	1	60	60	0	11	71	1	0	U	57.264	18961.4	19032.4	800.76 615.13,795.6 614.42
1	33	2184	1463	1	1	60	60	0	11	71	1	0	Right	7.158	19039.6	19110.6	795.6 614.42,792.02 620.97
1	34	1463	2390	1	1	60	60	0	11	71	0	0	Right	7.158	19117.8	19128.8	792.02 620.97,793.12 624.59
1	35	2390	1463	1	1	60	60	0	11	71	1	0	U	57.264	19186.0	19257.0	793.12 624.59,792.02 620.97
1	36	1463	1265	1	1	59	59	0	11	61	1	0	U	57.264	19314.3	19375.3	792.02 620.97,789.31 627.22
1	37	1265	1472	1	1	60	60	0	11	71	1	0	Straight	0.0	19375.3	19446.3	789.31 627.22,787.66 631.69
1	38	1472	1265	1	1	60	60	0	11	71	0	0	U	57.264	19503.5	19514.5	787.66 631.69,789.31 627.22
1	39	1265	1264	1	1	186	186	0	34	214	1	0	Left	14.316	19528.9	19742.9	789.31 627.22,791.48 631.72
1	40	1264	2106	1	1	75	75	0	14	84	1	0	Straight	0.0	19742.9	19826.9	791.48 631.72,792.88 636.93
1	41	2106	1264	1	1	75	75	0	14	84	0	0	U	57.264	19884.1	19898.1	792.88 636.93,791.48 631.72
1	42	1264	1465	1	1	55	55	0	10	60	1	0	Left	14.316	19912.4	19972.4	791.48 631.72,797.44 632.86
1	43	1465	2160	1	1	81	81	0	15	95	1	0	Straight	0.0	19972.4	20067.4	797.44 632.86,801.04 637.18
1	44	2160	1465	1	1	81	81	0	15	95	0	0	U	57.264	20124.7	20139.7	801.04 637.18,797.44 632.86
1	45	1465	1464	1	1	58	58	0	10	60	1	0	Left	14.316	20154.0	20214.0	797.44 632.86,800.33 628.28
1	46	1464	1923	1	1	89	89	0	16	96	1	0	Left	14.316	20228.3	20324.3	800.33 628.28,805.16 630.88
1	47	1923	1464	1	1	89	89	0	16	96	0	0	U	57.264	20381.6	20397.6	805.16 630.88,800.33 628.28
1	48	1464	2347	1	1	46	46	0	8	48	1	0	Straight	0.0	20397.6	20445.6	800.33 628.28,796.0 621.44
1	49	2347	2414	1	1	81	81	0	15	95	1	0	U	57.264	20502.9	20597.9	796.0 621.44,801.38 623.07
1	50	2414	2347	1	1	81	81	0	15	95	0	0	U	57.264	20655.1	20670.1	801.38 623.07,796.0 621.44
1	51	2347	1269	1	1	54	54	0	10	60	1	0	Straight	0.0	20670.1	20730.1	796.0 621.44,788.73 615.57
1	52	1269	1984	1	1	57	57	0	10	60	1	0	Right	7.158	20737.3	20797.3	788.73 615.57,787.84 619.21
1	53	1984	1269	1	1	57	57	0	10	60	0	0	U	57.264	20854.6	20864.6	787.84 619.21,788.73 615.57
1	54	1269	1268	1	1	54	54	0	10	60	1	0	Right	7.158	20871.7	20931.7	788.73 615.57,781.42 608.53
1	55	1268	2060	1	1	57	57	0	10	60	1	0	Right	7.158	20938.9	20998.9	781.42 608.53,781.14 612.45
1	56	2060	1268	1	1	57	57	0	10	60	0	0	U	57.264	21056.1	21066.1	781.14 612.45,781.42 608.53
1	57	1268	1484	1	1	64	64	0	11	71	1	0	Straight	0.0	21066.1	21137.1	781.42 608.53,776.36 600.89
1	58	1484	1964	1	1	56	56	0	10	60	1	0	U	57.264	21194.4	21254.4	776.36 600.89,776.2 604.77
1	59	1964	1484	1	1	56	56	0	10	60	0	0	U	57.264	21311.7	21321.7	776.2 604.77,776.36 600.89
1	60	1484	1468	1	1	40	40	0	7	47	1	0	Straight	0.0	21321.7	21368.7	776.36 600.89,771.75 592.03
1	61	1468	2305	1	1	27	27	0	5	25	1	0	U	57.264	21425.9	21450.9	771.75 592.03,773.17 595.66
1	62	2305	1468	1	1	27	27	0	5	25	0	0	U	57.264	21508.2	21513.2	773.17 595.66,771.75 592.03
1	63	1468	1462	1	1	73	73	0	13	83	0	0	Straight	0.0	21513.2	21526.2	771.75 592.03,763.98 583.52
1	64	1462	1281	1	1	102	102	0	18	118	1	0	Right	7.158	21533.3	21651.3	763.98 583.52,758.49 584.27
1	65	1281	1844	1	1	81	81	0	15	95	1	0	Right	7.158	21658.5	21753.5	758.49 584.27,760.29 588.42
1	66	1844	1281	1	1	81	81	0	15	95	0	0	U	57.264	21810.8	21825.8	760.29 588.42,758.49 584.27
1	67	1281	1282	1	1	72	72	0	13	83	1	0	Straight	0.0	21825.8	21908.8	758.49 584.27,752.5 581.32
1	68	1282	2204	1	1	81	81	0	15	95	1	0	Right	7.158	21915.9	22010.9	752.5 581.32,751.05 585.33
1	69	2204	1282	1	1	81	81	0	15	95	0	0	U	57.264	22068.2	22083.2	751.05 585.33,752.5 581.32
1	70	1282	1285	1	1	70	70	0	13	83	1	0	Straight	0.0	22083.2	22166.2	752.5 581.32,750.5 575.12
1	71	1285	2118	1	1	83	83	0	15	95	1	0	U	57.264	22223.5	22318.5	750.5 575.12,753.56 577.47
1	72	2118	1285	1	1	83	83	0	15	95	0	0	U	57.264	22375.7	22390.7	753.56 577.47,750.5 575.12
1	73	1285	1486	1	1	74	74	0	13	83	1	0	Straight	0.0	22390.7	22473.7	750.5 575.12,748.7 567.92
1	74	1486	2071	1	1	63	63	0	11	71	0	0	Straight	0.0	22473.7	22484.7	748.7 567.92,740.91 557.86
1	75	2071	1313	0	1	23	23	0	4	24	1	0	Straight	0.0	22484.7	22508.7	740.91 557.86,737.02 550.81
1	76	1313	1489	1	1	307	307	0	55	355	1	0	U	57.264	22566.0	22921.0	737.02 550.81,744.01 555.76
1	77	1489	1488	1	1	79	79	0	14	84	1	0	U	57.264	22978.2	23062.2	744.01 555.76,743.19 552.56
1	78	1488	1489	1	1	79	79	0	14	84	0	0	U	57.264	23119.5	23133.5	743.19 552.56,744.01 555.76
1	79	1489	1283	1	1	60	60	0	11	71	1	0	Straight	0.0	23133.5	23204.5	744.01 555.76,749.73 561.39
1	80	1283	1618	1	1	79	79	0	14	84	1	0	Right	7.158	23211.7	23295.7	749.73 561.39,752.78 559.37
1	81	1618	1283	1	1	79	79	0	14	84	0	0	U	57.264	23352.9	23366.9	752.78 559.37,749.73 561.39
1	82	1283	1284	1	1	254	254	0	46	296	1	0	Right	7.158	23374.1	23670.1	749.73 561.39,754.62 567.6
1	83	1284	1487	1	1	60	60	0	11	71	1	0	Right	7.158	23677.2	23748.2	754.62 567.6,758.85 567.59
1	84	1487	1284	1	1	60	60	0	11	71	0	0	U	57.264	23805.5	23816.5	758.85 567.59,754.62 567.6
1	85	1284	1485	1	1	63	63	0	11	71	1	0	Right	7.158	23823.7	23894.7	754.62 567.6,756.96 574.25
1	86	1485	1486	1	1	106	106	0	19	119	0	0	U	57.264	23951.9	23970.9	756.96 574.25,748.7 567.92
1	87	1486	2071	1	1	63	63	0	11	71	0	0	Straight	0.0	23970.9	23981.9	748.7 567.92,740.91 557.86
1	88	2071	1313	0	1	23	23	0	4	24	0	0	Straight	0.0	23981.9	23985.9	740.91 557.86,737.02 550.81
1	89	1313	1314	0	1	25	25	0	4	24	1	0	Straight	0.0	23985.9	24009.9	737.02 550.81,728.41 541.88
1	90	1314	1317	1	1	22	22	0	4	24	0	0	Straight	0.0	24009.9	24013.9	728.41 541.88,717.55 529.98
1	91	1317	1318	0	1	110	110	0	20	130	1	0	Straight	0.0	24013.9	24143.9	717.55 529.98,707.11 517.64
1	92	1318	1369	1	1	53	53	0	9	59	0	0	Straight	0.0	24143.9	24152.9	707.11 517.64,696.68 505.08
1	93	1369	1149	1	1	357	357	0	64	414	1	0	Straight	0.0	24152.9	24566.9	696.68 505.08,686.16 491.83
1	94	1149	1140	1	1	36	36	0	6	36	1	0	Left	14.316	24581.3	24617.3	686.16 491.83,697.64 478.16
1	95	1140	1139	0	1	114	114	0	20	130	1	0	Straight	0.0	24617.3	24747.3	697.64 478.16,709.09 464.7
1	96	1139	1380	1	1	42	42	0	8	48	1	0	Straight	0.0	24747.3	24795.3	709.09 464.7,720.11 451.24
1	97	1380	1150	0	1	21	21	0	4	24	1	0	Straight	0.0	24795.3	24819.3	720.11 451.24,727.85 439.28
1	98	1150	1379	1	1	62	62	0	11	71	1	0	Straight	0.0	24819.3	24890.3	727.85 439.28,734.77 427.61
1	99	1379	1127	1	1	328	328	0	59	379	1	0	Straight	0.0	24890.3	25269.3	734.77 427.61,737.28 419.42
1	100	1127	1940	1	1	78	78	0	14	84	1	0	Straight	0.0	25269.3	25353.3	737.28 419.42,737.01 415.21
1	101	1940	1127	1	1	78	78	0	14	84	0	0	U	57.264	25410.5	25424.5	737.01 415.21,737.28 419.42
1	102	1127	1126	1	1	180	180	0	32	212	1	0	U	57.264	25481.8	25693.8	737.28 419.42,740.9 413.16
1	103	1126	2316	1	1	109	109	0	20	120	1	0	Straight	0.0	25693.8	25813.8	740.9 413.16,742.45 408.28
1	104	2316	1126	1	1	109	109	0	20	120	0	0	U	57.264	25871.0	25891.0	742.45 408.28,740.9 413.16
1	105	1126	1136	1	1	52	52	0	9	59	1	0	Right	7.158	25898.2	25957.2	740.9 413.16,745.84 412.98
1	106	1136	1377	1	1	21	21	0	4	24	1	0	Straight	0.0	25957.2	25981.2	745.84 412.98,751.42 407.15
1	107	1377	1376	1	1	98	98	0	18	108	1	0	Straight	0.0	25981.2	26089.2	751.42 407.15,756.25 402.48
1	108	1376	2045	1	1	7	7	0	1	1	0	0	Straight	0.0	26089.2	26090.2	756.25 402.48,759.54 398.74
1	109	2045	1376	1	1	7	7	0	1	1	1	0	U	57.264	26147.5	26148.5	759.54 398.74,756.25 402.48
1	110	1376	1377	1	1	98	98	0	18	108	0	0	Straight	0.0	26148.5	26166.5	756.25 402.48,751.42 407.15
1	111	1377	1136	1	1	21	21	0	4	24	0	0	Straight	0.0	26166.5	26170.5	751.42 407.15,745.84 412.98
1	112	1136	1135	1	1	76	76	0	14	84	1	0	Straight	0.0	26170.5	26254.5	745.84 412.98,742.01 420.46
1	113	1135	2295	1	1	18	18	0	3	13	1	0	Right	7.158	26261.6	26274.6	742.01 420.46,746.85 419.27
1	114	2295	1135	1	1	18	18	0	3	13	0	0	U	57.264	26331.9	26334.9	746.85 419.27,742.01 420.46
1	115	1135	1379	1	1	41	41	0	7	47	1	0	Straight	0.0	26334.9	26381.9	742.01 420.46,734.77 427.61
1	116	1379	1150	1	1	62	62	0	11	71	0	0	Straight	0.0	26381.9	26392.9	734.77 427.61,727.85 439.28
1	117	1150	1151	0	1	18	18	0	3	13	1	0	Right	7.158	26400.0	26413.0	727.85 439.28,732.11 439.84
1	118	1151	1158	1	1	227	227	0	41	261	1	0	Straight	0.0	26413.0	26674.0	732.11 439.84,738.53 436.79
1	119	1158	2399	1	1	48	48	0	9	49	1	0	Straight	0.0	26674.0	26723.0	738.53 436.79,743.39 437.89
1	120	2399	1158	1	1	48	48	0	9	49	0	0	U	57.264	26780.3	26789.3	743.39 437.89,738.53 436.79
1	121	1158	1854	1	1	329	329	0	59	379	1	0	U	57.264	26846.6	27225.6	738.53 436.79,743.58 435.47
1	122	1854	2294	1	1	133	133	0	24	154	1	0	Straight	0.0	27225.6	27379.6	743.58 435.47,748.59 433.38
1	123	2294	1854	1	1	133	133	0	24	154	0	0	U	57.264	27436.8	27460.8	748.59 433.38,743.58 435.47
1	124	1854	1853	1	1	162	162	0	29	189	1	0	Straight	0.0	27460.8	27649.8	743.58 435.47,739.58 439.67
1	125	1853	1153	1	1	165	165	0	30	190	1	0	Straight	0.0	27649.8	27839.8	739.58 439.67,734.07 443.07
1	126	1153	1152	1	1	44	44	0	8	48	1	0	Right	7.158	27847.0	27895.0	734.07 443.07,737.1 444.94
1	127	1152	1153	1	1	44	44	0	8	48	0	0	U	57.264	27952.3	27960.3	737.1 444.94,734.07 443.07
1	128	1153	1156	1	1	418	418	0	75	485	1	0	Right	7.158	27967.4	28452.4	734.07 443.07,727.83 445.42
1	129	1156	1380	0	1	20	20	0	4	24	1	0	Straight	0.0	28452.4	28476.4	727.83 445.42,720.11 451.24
1	130	1380	1150	0	1	21	21	0	4	24	0	0	U	57.264	28533.7	28537.7	720.11 451.24,727.85 439.28
1	131	1150	1151	0	1	18	18	0	3	13	0	0	Left	14.316	28552.0	28555.0	727.85 439.28,732.11 439.84
1	132	1151	1156	0	1	24	24	0	4	24	1	0	Left	14.316	28569.3	28593.3	732.11 439.84,727.83 445.42
1	133	1156	1380	0	1	20	20	0	4	24	0	0	Straight	0.0	28593.3	28597.3	727.83 445.42,720.11 451.24
1	134	1380	1139	1	1	42	42	0	8	48	0	0	Straight	0.0	28597.3	28605.3	720.11 451.24,709.09 464.7
1	135	1139	1140	0	1	114	114	0	21	131	1	0	Straight	0.0	28605.3	28736.3	709.09 464.7,697.64 478.16
1	136	1140	1149	1	1	36	36	0	6	36	0	0	Straight	0.0	28736.3	28742.3	697.64 478.16,686.16 491.83
1	137	1149	1148	1	1	200	200	0	36	236	1	0	Left	14.316	28756.6	28992.6	686.16 491.83,666.58 493.15
1	138	1148	2242	1	1	24	24	0	4	24	0	0	Left	14.316	29006.9	29010.9	666.58 493.15,670.56 482.05
1	139	2242	1367	0	1	128	128	0	23	143	1	0	Straight	0.0	29010.9	29153.9	670.56 482.05,675.58 471.47
1	140	1367	1368	1	1	92	92	0	17	107	1	0	Straight	0.0	29153.9	29260.9	675.58 471.47,680.82 461.09
1	141	1368	1724	0	1	25	25	0	5	25	0	0	Straight	0.0	29260.9	29265.9	680.82 461.09,685.35 455.66
1	142	1724	1351	1	1	280	280	0	50	330	1	0	Straight	0.0	29265.9	29595.9	685.35 455.66,690.32 450.9
1	143	1351	1108	1	1	85	85	0	15	95	1	0	Right	7.158	29603.1	29698.1	690.32 450.9,689.81 444.81
1	144	1108	1721	1	1	43	43	0	8	48	1	0	Left	14.316	29712.4	29760.4	689.81 444.81,694.14 443.36
1	145	1721	1108	1	1	43	43	0	8	48	0	0	U	57.264	29817.7	29825.7	694.14 443.36,689.81 444.81
1	146	1108	1351	1	1	85	85	0	15	95	0	0	Right	7.158	29832.8	29847.8	689.81 444.81,690.32 450.9
1	147	1351	2349	1	1	48	48	0	9	49	1	0	Right	7.158	29855.0	29904.0	690.32 450.9,694.52 449.52
1	148	2349	1351	1	1	48	48	0	9	49	0	0	U	57.264	29961.3	29970.3	694.52 449.52,690.32 450.9
1	149	1351	1724	1	1	280	280	0	50	330	0	0	Straight	0.0	29970.3	30020.3	690.32 450.9,685.35 455.66
1	150	1724	1639	0	0	0	0	0	3	0	0	0	Left	14.316	30034.6	30037.6	685.35 455.66,683.43 452.21
1	151	1639	1368	0	1	14	14	0	3	13	0	0	Right	7.158	30044.7	30047.7	683.43 452.21,680.82 461.09
1	152	1368	1367	1	1	92	92	0	17	107	0	0	Straight	0.0	30047.7	30064.7	680.82 461.09,675.58 471.47
1	153	1367	2242	0	1	127	127	0	23	143	1	0	Straight	0.0	30064.7	30207.7	675.58 471.47,670.56 482.05
1	154	2242	1148	1	1	24	24	0	4	24	0	0	Straight	0.0	30207.7	30211.7	670.56 482.05,666.58 493.15
1	155	1148	1157	1	0	0	0	0	49	0	0	0	Left	14.316	30226.1	30275.1	666.58 493.15,646.85 500.85
1	156	1157	1381	1	0	0	0	0	30	0	0	0	Right	7.158	30282.2	30312.2	646.85 500.85,640.54 521.24
1	157	1381	1925	1	0	0	0	0	32	0	0	0	Straight	0.0	30312.2	30344.2	640.54 521.24,641.04 541.96
1	158	1925	1154	0	0	0	0	0	24	0	0	0	Left	14.316	30358.5	30382.5	641.04 541.96,628.4 534.79
1	159	1154	1155	0	0	0	0	0	10	0	0	0	Straight	0.0	30382.5	30392.5	628.4 534.79,624.3 528.77
1	160	1155	1165	0	1	18	18	0	7	37	1	0	Right	7.158	30399.7	30436.7	624.3 528.77,616.11 530.15
1	161	1165	1166	0	0	0	0	0	29	0	0	0	Straight	0.0	30436.7	30465.7	616.11 530.15,600.82 526.78
1	162	1166	1399	0	0	0	0	0	1	0	0	0	Straight	0.0	30465.7	30466.7	600.82 526.78,588.79 516.59
1	163	1399	1839	0	0	0	0	0	56	0	0	0	Straight	0.0	30466.7	30522.7	588.79 516.59,573.16 502.95
1	164	1839	1656	0	0	0	0	0	1	0	0	0	Straight	0.0	30522.7	30523.7	573.16 502.95,563.42 483.44
1	165	1656	1172	0	1	47	47	0	9	49	1	0	Straight	0.0	30523.7	30572.7	563.42 483.44,556.05 462.69
1	166	1172	1173	0	0	0	0	0	4	0	0	0	U	57.264	30629.9	30633.9	556.05 462.69,554.0 476.66
1	167	1173	1397	0	1	20	20	0	7	37	1	0	Straight	0.0	30633.9	30670.9	554.0 476.66,548.87 485.64
1	168	1397	1159	0	0	0	0	0	6	0	0	0	Straight	0.0	30670.9	30676.9	548.87 485.64,539.71 492.95
1	169	1159	1160	1	0	0	0	0	54	0	0	0	Straight	0.0	30676.9	30730.9	539.71 492.95,521.43 492.3
1	170	1160	1181	1	0	0	0	0	45	0	0	0	Straight	0.0	30730.9	30775.9	521.43 492.3,507.66 481.54
1	171	1181	1725	1	0	0	0	0	39	0	0	0	Straight	0.0	30775.9	30814.9	507.66 481.54,495.86 469.21
1	172	1725	539	1	0	0	0	0	11	0	0	0	Right	7.158	30822.1	30833.1	495.86 469.21,487.09 470.79
1	173	539	538	1	1	140	140	0	25	165	1	0	Left	14.316	30847.4	31012.4	487.09 470.79,485.69 466.66
1	174	538	1589	1	0	0	0	0	16	0	0	0	Straight	0.0	31012.4	31028.4	485.69 466.66,485.93 461.56
1	175	1589	1588	1	0	0	0	0	7	0	0	0	Straight	0.0	31028.4	31035.4	485.93 461.56,486.94 456.26
1	176	1588	192	1	0	0	0	0	9	0	0	0	Right	7.158	31042.6	31051.6	486.94 456.26,482.33 453.14
1	177	192	571	1	0	0	0	0	16	0	0	0	Straight	0.0	31051.6	31067.6	482.33 453.14,479.65 447.49
1	178	571	601	1	1	94	94	0	17	107	1	0	Straight	0.0	31067.6	31174.6	479.65 447.49,478.51 441.19
1	179	601	636	1	0	0	0	0	18	0	0	0	Straight	0.0	31174.6	31192.6	478.51 441.19,476.86 434.89
1	180	636	635	1	0	0	0	0	17	0	0	0	Straight	0.0	31192.6	31209.6	476.86 434.89,475.49 428.35
1	181	635	638	1	1	59	59	0	11	61	1	0	Straight	0.0	31209.6	31270.6	475.49 428.35,479.82 418.66
1	182	638	2042	1	0	0	0	0	54	0	0	0	Straight	0.0	31270.6	31324.6	479.82 418.66,486.01 408.88
1	183	2042	2107	1	0	0	0	0	3	0	0	0	Straight	0.0	31324.6	31327.6	486.01 408.88,491.18 398.64
1	184	2107	288	1	0	0	0	0	24	0	0	0	Straight	0.0	31327.6	31351.6	491.18 398.64,493.33 387.69
1	185	288	712	1	0	0	0	0	27	0	0	0	Left	14.316	31365.9	31392.9	493.33 387.69,509.0 384.56
1	186	712	711	1	0	0	0	0	2	0	0	0	Straight	0.0	31392.9	31394.9	509.0 384.56,524.13 380.68
1	187	711	713	1	0	0	0	0	3	0	0	0	Straight	0.0	31394.9	31397.9	524.13 380.68,538.49 376.33
1	188	713	315	1	0	0	0	0	3	0	0	0	Straight	0.0	31397.9	31400.9	538.49 376.33,551.92 371.66
1	189	315	328	1	0	0	0	0	14	0	0	0	Straight	0.0	31400.9	31414.9	551.92 371.66,563.02 364.84
1	190	328	327	1	0	0	0	0	9	0	0	0	Straight	0.0	31414.9	31423.9	563.02 364.84,572.82 357.2
1	191	327	738	1	0	0	0	0	28	0	0	0	Straight	0.0	31423.9	31451.9	572.82 357.2,581.26 348.19
1	192	738	1749	1	0	0	0	0	2	0	0	0	Straight	0.0	31451.9	31453.9	581.26 348.19,587.24 339.24
1	193	1749	375	1	0	0	0	0	16	0	0	0	Straight	0.0	31453.9	31469.9	587.24 339.24,588.54 329.81
1	194	375	374	1	0	0	0	0	17	0	0	0	Straight	0.0	31469.9	31486.9	588.54 329.81,584.02 321.03
1	195	374	755	1	0	0	0	0	3	0	0	0	Straight	0.0	31486.9	31489.9	584.02 321.03,575.8 313.97
1	196	755	391	1	0	0	0	0	16	0	0	0	Straight	0.0	31489.9	31505.9	575.8 313.97,565.12 308.21
1	197	391	390	1	0	0	0	0	15	0	0	0	Straight	0.0	31505.9	31520.9	565.12 308.21,553.13 302.75
1	198	390	392	1	0	0	0	0	51	0	0	0	Straight	0.0	31520.9	31571.9	553.13 302.75,533.03 305.26
1	199	392	1778	1	0	0	0	0	7	0	0	0	Straight	0.0	31571.9	31578.9	533.03 305.26,512.65 307.61
1	200	1778	409	1	0	0	0	0	9	0	0	0	Straight	0.0	31578.9	31587.9	512.65 307.61,492.08 310.13
1	201	409	2094	1	0	0	0	0	9	0	0	0	Straight	0.0	31587.9	31596.9	492.08 310.13,471.29 313.39
1	202	2094	750	1	0	0	0	0	29	0	0	0	Straight	0.0	31596.9	31625.9	471.29 313.39,450.47 317.04
1	203	750	2026	1	0	0	0	0	53	0	0	0	Straight	0.0	31625.9	31678.9	450.47 317.04,431.52 322.97
1	204	2026	864	1	0	0	0	0	51	0	0	0	Straight	0.0	31678.9	31729.9	431.52 322.97,413.1 329.07
1	205	864	863	1	0	0	0	0	25	0	0	0	Straight	0.0	31729.9	31754.9	413.1 329.07,395.02 335.48
1	206	863	1745	1	0	0	0	0	3	0	0	0	Straight	0.0	31754.9	31757.9	395.02 335.48,377.2 341.69
1	207	1745	562	1	0	0	0	0	16	0	0	0	Straight	0.0	31757.9	31773.9	377.2 341.69,359.33 347.26
1	208	562	561	1	0	0	0	0	48	0	0	0	Straight	0.0	31773.9	31821.9	359.33 347.26,341.6 352.6
1	209	561	951	1	0	0	0	0	65	0	0	0	U	57.264	31879.2	31944.2	341.6 352.6,362.6 336.16
1	210	951	610	1	0	0	0	0	5	0	0	0	Straight	0.0	31944.2	31949.2	362.6 336.16,383.27 322.52
1	211	610	586	0	1	88	88	0	32	202	1	0	Straight	0.0	31949.2	32151.2	383.27 322.52,404.06 311.5
1	212	586	957	1	0	0	0	0	11	0	0	0	U	57.264	32208.4	32219.4	404.06 311.5,393.42 311.13
1	213	957	1528	1	0	0	0	0	9	0	0	0	Straight	0.0	32219.4	32228.4	393.42 311.13,385.69 307.89
1	214	1528	1004	1	0	0	0	0	24	0	0	0	Straight	0.0	32228.4	32252.4	385.69 307.89,378.59 301.43
1	215	1004	2011	1	0	0	0	0	249	0	0	0	Straight	0.0	32252.4	32501.4	378.59 301.43,372.78 294.49
1	216	2011	923	1	0	0	0	0	100	0	0	0	Straight	0.0	32501.4	32601.4	372.78 294.49,367.72 288.77
1	217	923	922	1	0	0	0	0	20	0	0	0	Straight	0.0	32601.4	32621.4	367.72 288.77,363.4 284.32
1	218	922	2277	1	0	0	0	0	91	0	0	0	Straight	0.0	32621.4	32712.4	363.4 284.32,360.38 280.33
2	0	2277	2277	-1	-1	0	0	0	0	0	0	300		0.0	32712.4	33012.4	360.38 280.33,360.38 280.33
