Problem Type	Solution Method	Vehicle Capacity (Weight)	Vehicle Capacity(Volume)	Disposal Trips	Route Time	Route Time wo Turns	Computational Time(Sec)	Clustering Time(Sec)	VA(CCI)	VA(NHO)	VA(ATD)	VA(DMT)	VA(AOI)	VA(ROI)	Optimal
MCARPTIF-TP	WJ19	10000	10000	2	29546.6	26238	103.115	0	1	0	937.254	20420.5	0.0824485	0.0906101	0
Load No	Sequence No	Starting Node	Ending Node	Is Edge	Required	Weight	Volume	Travel Miles	Travel Time	Service Time	Served	Dumped	Turn Type	Turn Cost	Depart Time	Arrival Time	Shape
0	0	1083	2085	1	0	0	0	0	71	0	0	300		0.0	300.0	371.0	446.0 251.77,421.88 250.66
0	1	2085	1825	0	0	0	0	0	21	0	0	0	Straight	0.0	371.0	392.0	421.88 250.66,401.59 256.48
0	2	1825	615	1	0	0	0	0	27	0	0	0	Straight	0.0	392.0	419.0	401.59 256.48,379.09 271.73
0	3	615	616	1	0	0	0	0	3	0	0	0	Straight	0.0	419.0	422.0	379.09 271.73,363.03 281.58
0	4	616	607	1	0	0	0	0	22	0	0	0	Straight	0.0	422.0	444.0	363.03 281.58,341.47 281.28
0	5	607	593	1	0	0	0	0	30	0	0	0	Straight	0.0	444.0	474.0	341.47 281.28,320.19 279.47
0	6	593	594	1	0	0	0	0	34	0	0	0	Straight	0.0	474.0	508.0	320.19 279.47,307.38 288.17
0	7	594	564	1	0	0	0	0	26	0	0	0	Straight	0.0	508.0	534.0	307.38 288.17,297.85 297.27
0	8	564	556	1	0	0	0	0	27	0	0	0	Straight	0.0	534.0	561.0	297.85 297.27,289.6 308.42
0	9	556	2097	1	0	0	0	0	25	0	0	0	Straight	0.0	561.0	586.0	289.6 308.42,279.58 320.46
0	10	2097	969	1	0	0	0	0	24	0	0	0	Straight	0.0	586.0	610.0	279.58 320.46,267.88 330.78
0	11	969	506	1	0	0	0	0	43	0	0	0	Straight	0.0	610.0	653.0	267.88 330.78,262.85 344.55
0	12	506	478	1	0	0	0	0	25	0	0	0	Straight	0.0	653.0	678.0	262.85 344.55,250.63 358.81
0	13	478	500	1	0	0	0	0	15	0	0	0	Left	11.389	689.389	704.389	250.63 358.81,235.35 357.54
0	14	500	971	1	0	0	0	0	3	0	0	0	Straight	0.0	704.389	707.389	235.35 357.54,221.11 357.76
0	15	971	970	1	0	0	0	0	66	0	0	0	Straight	0.0	707.389	773.389	221.11 357.76,211.4 361.91
0	16	970	980	1	1	198	198	0	36	226	1	0	Left	11.389	784.778	1010.78	211.4 361.91,200.54 354.2
0	17	980	1460	1	0	0	0	0	10	0	0	0	Straight	0.0	1010.78	1020.78	200.54 354.2,181.62 351.41
0	18	1460	568	1	0	0	0	0	15	0	0	0	Straight	0.0	1020.78	1035.78	181.62 351.41,166.36 352.32
0	19	568	623	1	0	0	0	0	67	0	0	0	Straight	0.0	1035.78	1102.78	166.36 352.32,159.17 347.9
0	20	623	659	1	0	0	0	0	37	0	0	0	U	45.557	1148.34	1185.34	159.17 347.9,176.13 344.04
0	21	659	1002	0	0	0	0	0	85	0	0	0	Left	11.389	1196.72	1281.72	176.13 344.04,172.85 370.63
0	22	1002	1001	0	0	0	0	0	2	0	0	0	Straight	0.0	1281.72	1283.72	172.85 370.63,167.84 394.3
0	23	1001	998	0	0	0	0	0	25	0	0	0	Straight	0.0	1283.72	1308.72	167.84 394.3,167.11 412.04
0	24	998	999	0	1	98	98	0	18	108	1	0	U	45.557	1354.28	1462.28	167.11 412.04,167.98 398.92
0	25	999	1005	0	1	45	45	0	8	48	1	0	Straight	0.0	1462.28	1510.28	167.98 398.92,170.1 393.42
0	26	1005	619	0	0	0	0	0	32	0	0	0	Left	11.389	1521.67	1553.67	170.1 393.42,174.56 397.03
0	27	619	620	0	0	0	0	0	30	0	0	0	U	45.557	1599.23	1629.23	174.56 397.03,171.14 377.56
0	28	620	675	0	1	41	41	0	7	47	1	0	Straight	0.0	1629.23	1676.23	171.14 377.56,168.33 358.59
0	29	675	658	0	1	441	441	0	79	519	1	0	Straight	0.0	1676.23	2195.23	168.33 358.59,166.54 334.58
0	30	658	659	1	0	0	0	0	2	0	0	0	U	45.557	2240.78	2242.78	166.54 334.58,176.13 344.04
0	31	659	1002	0	0	0	0	0	85	0	0	0	Left	11.389	2254.17	2339.17	176.13 344.04,172.85 370.63
0	32	1002	1001	0	0	0	0	0	2	0	0	0	Straight	0.0	2339.17	2341.17	172.85 370.63,167.84 394.3
0	33	1001	998	0	0	0	0	0	25	0	0	0	Straight	0.0	2341.17	2366.17	167.84 394.3,167.11 412.04
0	34	998	999	0	1	98	98	0	18	108	0	0	U	45.557	2411.73	2429.73	167.11 412.04,167.98 398.92
0	35	999	1003	0	1	39	39	0	7	37	1	0	Straight	0.0	2429.73	2466.73	167.98 398.92,168.23 387.54
0	36	1003	1004	0	1	12	12	0	2	12	1	0	Straight	0.0	2466.73	2478.73	168.23 387.54,168.6 373.15
0	37	1004	675	0	1	29	29	0	5	25	1	0	Straight	0.0	2478.73	2503.73	168.6 373.15,168.33 358.59
0	38	675	658	0	1	441	441	0	79	519	0	0	Straight	0.0	2503.73	2582.73	168.33 358.59,166.54 334.58
0	39	658	659	1	0	0	0	0	2	0	0	0	U	45.557	2628.29	2630.29	166.54 334.58,176.13 344.04
0	40	659	1002	0	0	0	0	0	85	0	0	0	Left	11.389	2641.68	2726.68	176.13 344.04,172.85 370.63
0	41	1002	1001	0	0	0	0	0	2	0	0	0	Straight	0.0	2726.68	2728.68	172.85 370.63,167.84 394.3
0	42	1001	998	0	0	0	0	0	25	0	0	0	Straight	0.0	2728.68	2753.68	167.84 394.3,167.11 412.04
0	43	998	989	1	0	0	0	0	16	0	0	0	Straight	0.0	2753.68	2769.68	167.11 412.04,165.96 433.65
0	44	989	1662	1	1	245	245	0	44	284	1	0	Left	11.389	2781.06	3065.06	165.96 433.65,158.01 427.14
0	45	1662	513	1	0	0	0	0	27	0	0	0	Right	5.695	3070.76	3097.76	158.01 427.14,147.74 438.64
0	46	513	1681	1	1	10	10	0	2	12	1	0	Straight	0.0	3097.76	3109.76	147.74 438.64,136.09 442.24
0	47	1681	1680	1	1	76	76	0	14	84	1	0	Straight	0.0	3109.76	3193.76	136.09 442.24,130.38 441.81
0	48	1680	1681	1	1	76	76	0	14	84	0	0	U	45.557	3239.32	3253.32	130.38 441.81,136.09 442.24
0	49	1681	1740	1	1	49	49	0	9	49	1	0	U	45.557	3298.87	3347.87	136.09 442.24,127.44 446.58
0	50	1740	1928	1	1	193	193	0	35	225	1	0	Straight	0.0	3347.87	3572.87	127.44 446.58,123.52 452.04
0	51	1928	2074	1	1	80	80	0	14	94	1	0	Straight	0.0	3572.87	3666.87	123.52 452.04,121.48 455.79
0	52	2074	1928	1	1	80	80	0	14	94	0	0	U	45.557	3712.43	3726.43	121.48 455.79,123.52 452.04
0	53	1928	2138	1	1	22	22	0	4	24	1	0	U	45.557	3771.99	3795.99	123.52 452.04,124.17 456.85
0	54	2138	1928	1	1	22	22	0	4	24	0	0	U	45.557	3841.54	3845.54	124.17 456.85,123.52 452.04
0	55	1928	1740	1	1	193	193	0	35	225	0	0	Straight	0.0	3845.54	3880.54	123.52 452.04,127.44 446.58
0	56	1740	1739	1	1	88	88	0	16	96	1	0	Right	5.695	3886.24	3982.24	127.44 446.58,121.03 446.3
0	57	1739	1740	1	1	88	88	0	16	96	0	0	U	45.557	4027.8	4043.8	121.03 446.3,127.44 446.58
0	58	1740	1681	1	1	49	49	0	9	49	0	0	Straight	0.0	4043.8	4052.8	127.44 446.58,136.09 442.24
0	59	1681	513	1	1	10	10	0	2	12	0	0	Straight	0.0	4052.8	4054.8	136.09 442.24,147.74 438.64
0	60	513	514	1	0	0	0	0	44	0	0	0	Left	11.389	4066.19	4110.19	147.74 438.64,149.84 449.74
0	61	514	2084	1	0	0	0	0	38	0	0	0	Straight	0.0	4110.19	4148.19	149.84 449.74,157.39 457.13
0	62	2084	539	1	0	0	0	0	34	0	0	0	Right	5.695	4153.88	4187.88	157.39 457.13,169.3 456.4
0	63	539	538	1	0	0	0	0	93	0	0	0	Left	11.389	4199.27	4292.27	169.3 456.4,180.09 477.08
0	64	538	1552	1	0	0	0	0	7	0	0	0	Straight	0.0	4292.27	4299.27	180.09 477.08,191.42 497.31
0	65	1552	1575	1	0	0	0	0	28	0	0	0	Straight	0.0	4299.27	4327.27	191.42 497.31,203.96 516.88
0	66	1575	1572	1	1	233	233	0	42	272	1	0	Straight	0.0	4327.27	4599.27	203.96 516.88,212.77 526.6
0	67	1572	357	1	1	189	189	0	34	214	1	0	Straight	0.0	4599.27	4813.27	212.77 526.6,223.81 534.99
0	68	357	342	1	1	183	183	0	33	213	1	0	U	45.557	4858.83	5071.83	223.81 534.99,215.28 529.43
0	69	342	313	1	1	192	192	0	35	225	1	0	Right	5.695	5077.52	5302.52	215.28 529.43,207.19 533.79
0	70	313	1478	1	1	59	59	0	11	61	1	0	Straight	0.0	5302.52	5363.52	207.19 533.79,196.67 539.53
0	71	1478	295	1	1	75	75	0	13	83	1	0	Straight	0.0	5363.52	5446.52	196.67 539.53,187.49 544.2
0	72	295	296	1	1	67	67	0	12	72	1	0	Straight	0.0	5446.52	5518.52	187.49 544.2,178.78 550.28
0	73	296	732	1	1	103	103	0	19	119	1	0	Straight	0.0	5518.52	5637.52	178.78 550.28,171.97 553.61
0	74	732	1409	1	1	22	22	0	4	24	1	0	Straight	0.0	5637.52	5661.52	171.97 553.61,166.38 555.44
0	75	1409	732	1	1	22	22	0	4	24	0	0	U	45.557	5707.08	5711.08	166.38 555.44,171.97 553.61
0	76	732	1453	1	1	24	24	0	4	24	1	0	Left	11.389	5722.47	5746.47	171.97 553.61,170.17 557.86
0	77	1453	732	1	1	24	24	0	4	24	0	0	U	45.557	5792.02	5796.02	170.17 557.86,171.97 553.61
0	78	732	296	1	1	103	103	0	19	119	0	0	Straight	0.0	5796.02	5815.02	171.97 553.61,178.78 550.28
0	79	296	1938	1	1	65	65	0	12	72	1	0	U	45.557	5860.58	5932.58	178.78 550.28,176.19 554.56
0	80	1938	296	1	1	65	65	0	12	72	0	0	U	45.557	5978.14	5990.14	176.19 554.56,178.78 550.28
0	81	296	295	1	1	67	67	0	12	72	0	0	Straight	0.0	5990.14	6002.14	178.78 550.28,187.49 544.2
0	82	295	307	1	1	52	52	0	9	59	1	0	U	45.557	6047.7	6106.7	187.49 544.2,180.94 548.49
0	83	307	736	1	1	41	41	0	7	47	1	0	Right	5.695	6112.39	6159.39	180.94 548.49,179.97 554.06
0	84	736	307	1	1	41	41	0	7	47	0	0	U	45.557	6204.95	6211.95	179.97 554.06,180.94 548.49
0	85	307	1985	1	1	11	11	0	2	12	1	0	Right	5.695	6217.64	6229.64	180.94 548.49,175.27 548.01
0	86	1985	307	1	1	11	11	0	2	12	0	0	U	45.557	6275.2	6277.2	175.27 548.01,180.94 548.49
0	87	307	295	1	1	52	52	0	9	59	0	0	Straight	0.0	6277.2	6286.2	180.94 548.49,187.49 544.2
0	88	295	1478	1	1	75	75	0	13	83	0	0	Straight	0.0	6286.2	6299.2	187.49 544.2,196.67 539.53
0	89	1478	1782	1	1	12	12	0	2	12	1	0	U	45.557	6344.76	6356.76	196.67 539.53,194.27 542.03
0	90	1782	1478	1	1	12	12	0	2	12	0	0	U	45.557	6402.31	6404.31	194.27 542.03,196.67 539.53
0	91	1478	313	1	1	59	59	0	11	61	0	0	Straight	0.0	6404.31	6415.31	196.67 539.53,207.19 533.79
0	92	313	767	1	1	37	37	0	7	37	1	0	U	45.557	6460.87	6497.87	207.19 533.79,202.81 537.66
0	93	767	313	1	1	37	37	0	7	37	0	0	U	45.557	6543.43	6550.43	202.81 537.66,207.19 533.79
0	94	313	314	1	1	149	149	0	27	167	1	0	Straight	0.0	6550.43	6717.43	207.19 533.79,216.57 527.3
0	95	314	735	1	1	77	77	0	14	84	1	0	Straight	0.0	6717.43	6801.43	216.57 527.3,226.16 523.88
0	96	735	761	1	1	186	186	0	34	214	1	0	Right	5.695	6807.12	7021.12	226.16 523.88,224.8 517.97
0	97	761	343	1	1	77	77	0	14	84	1	0	Right	5.695	7026.82	7110.82	224.8 517.97,218.1 520.59
0	98	343	342	1	1	276	276	0	50	320	1	0	Right	5.695	7116.51	7436.51	218.1 520.59,215.28 529.43
0	99	342	378	1	1	183	183	0	33	213	1	0	Left	11.389	7447.9	7660.9	215.28 529.43,211.28 523.65
0	100	378	1572	1	1	212	212	0	38	248	1	0	U	45.557	7706.46	7954.46	211.28 523.65,212.77 526.6
0	101	1572	378	1	1	212	212	0	38	248	0	0	U	45.557	8000.02	8038.02	212.77 526.6,211.28 523.65
0	102	378	1573	1	1	213	213	0	38	248	1	0	Straight	0.0	8038.02	8286.02	211.28 523.65,207.31 521.37
0	103	1573	379	1	1	423	423	0	76	496	1	0	Left	11.389	8297.4	8793.4	207.31 521.37,211.65 516.98
0	104	379	378	1	1	199	199	0	36	226	1	0	U	45.557	8838.96	9064.96	211.65 516.98,211.28 523.65
0	105	378	379	1	1	199	199	0	36	226	0	0	U	45.557	9110.52	9146.52	211.28 523.65,211.65 516.98
0	106	379	795	1	1	150	150	0	27	177	1	0	Straight	0.0	9146.52	9323.52	211.65 516.98,217.86 509.72
0	107	795	343	1	1	179	179	0	32	202	1	0	U	45.557	9369.08	9571.08	217.86 509.72,218.1 520.59
0	108	343	761	1	1	77	77	0	14	84	0	0	Right	5.695	9576.77	9590.77	218.1 520.59,224.8 517.97
0	109	761	753	1	1	74	74	0	13	83	1	0	Straight	0.0	9590.77	9673.77	224.8 517.97,230.59 511.14
0	110	753	754	0	1	126	126	0	23	143	1	0	Left	11.389	9685.16	9828.16	230.59 511.14,239.69 511.06
0	111	754	731	1	1	184	184	0	33	213	1	0	Left	11.389	9839.55	10052.5	239.69 511.06,240.04 519.17
0	112	731	754	1	1	184	184	0	33	213	0	0	U	45.557	10098.1	10131.1	240.04 519.17,239.69 511.06
0	113	754	775	1	1	190	190	0	34	224	1	0	Straight	0.0	10131.1	10355.1	239.69 511.06,236.87 501.04
0	114	775	2170	1	1	257	257	0	46	296	1	0	Right	5.695	10360.8	10656.8	236.87 501.04,232.59 502.74
0	115	2170	775	1	1	257	257	0	46	296	0	0	U	45.557	10702.4	10748.4	232.59 502.74,236.87 501.04
0	116	775	754	1	1	190	190	0	34	224	0	0	Left	11.389	10759.7	10793.7	236.87 501.04,239.69 511.06
0	117	754	2094	0	1	357	357	0	64	414	1	0	Right	5.695	10799.4	11213.4	239.69 511.06,250.51 513.73
0	118	2094	254	0	1	18	18	0	3	13	1	0	Right	5.695	11219.1	11232.1	250.51 513.73,252.88 507.53
0	119	254	255	0	1	26	26	0	5	25	1	0	Straight	0.0	11232.1	11257.1	252.88 507.53,257.79 502.99
0	120	255	682	0	0	0	0	0	14	0	0	0	Straight	0.0	11257.1	11271.1	257.79 502.99,265.04 499.51
0	121	682	683	0	0	0	0	0	14	0	0	0	Straight	0.0	11271.1	11285.1	265.04 499.51,274.48 500.0
0	122	683	666	0	0	0	0	0	13	0	0	0	Straight	0.0	11285.1	11298.1	274.48 500.0,283.58 497.1
0	123	666	204	0	0	0	0	0	34	0	0	0	Left	11.389	11309.5	11343.5	283.58 497.1,288.67 506.89
0	124	204	192	0	0	0	0	0	27	0	0	0	Straight	0.0	11343.5	11370.5	288.67 506.89,295.28 514.41
0	125	192	193	0	0	0	0	0	6	0	0	0	Straight	0.0	11370.5	11376.5	295.28 514.41,302.12 520.81
0	126	193	1569	0	1	59	59	0	11	61	1	0	Left	11.389	11387.9	11448.9	302.12 520.81,296.25 528.01
0	127	1569	177	0	1	29	29	0	5	25	1	0	Straight	0.0	11448.9	11473.9	296.25 528.01,296.33 538.89
0	128	177	1896	0	1	41	41	0	7	47	1	0	Straight	0.0	11473.9	11520.9	296.33 538.89,299.97 546.16
0	129	1896	1897	0	1	127	127	0	23	143	1	0	Left	11.389	11532.3	11675.3	299.97 546.16,291.64 557.62
0	130	1897	171	0	1	350	350	0	63	413	1	0	Straight	0.0	11675.3	12088.3	291.64 557.62,286.19 568.77
0	131	171	572	1	1	49	49	0	9	49	1	0	Straight	0.0	12088.3	12137.3	286.19 568.77,283.05 583.1
0	132	572	133	1	1	397	397	0	71	461	1	0	Straight	0.0	12137.3	12598.3	283.05 583.1,280.83 596.15
0	133	133	1490	1	1	369	369	0	66	426	1	0	Right	5.695	12604.0	13030.0	280.83 596.15,295.2 590.93
0	134	1490	2251	1	1	346	346	0	62	402	1	0	Straight	0.0	13030.0	13432.0	295.2 590.93,320.67 578.13
0	135	2251	1310	1	1	13	13	0	2	12	1	0	Straight	0.0	13432.0	13444.0	320.67 578.13,346.04 564.61
0	136	1310	1311	1	1	34	34	0	6	36	1	0	Straight	0.0	13444.0	13480.0	346.04 564.61,371.29 572.05
0	137	1311	2252	1	1	20	20	0	4	24	1	0	Straight	0.0	13480.0	13504.0	371.29 572.05,384.81 591.14
0	138	2252	1368	1	1	89	89	0	16	96	1	0	Straight	0.0	13504.0	13600.0	384.81 591.14,398.5 609.9
0	139	1368	1367	1	1	393	393	0	71	461	1	0	Straight	0.0	13600.0	14061.0	398.5 609.9,398.78 623.93
0	140	1367	1671	1	1	597	597	0	107	697	1	0	Straight	0.0	14061.0	14758.0	398.78 623.93,393.76 634.18
0	141	1671	1546	1	0	0	0	0	74	0	0	0	Straight	0.0	14758.0	14832.0	393.76 634.18,389.41 644.17
0	142	1546	1418	1	0	0	0	0	30	0	0	0	Straight	0.0	14832.0	14862.0	389.41 644.17,384.0 650.81
0	143	1418	1309	1	0	0	0	0	26	0	0	0	Straight	0.0	14862.0	14888.0	384.0 650.81,379.14 653.96
0	144	1309	1307	1	0	0	0	0	22	0	0	0	Left	11.389	14899.4	14921.4	379.14 653.96,379.14 647.32
0	145	1307	1308	1	0	0	0	0	39	0	0	0	Straight	0.0	14921.4	14960.4	379.14 647.32,381.14 640.59
0	146	1308	1364	1	1	192	192	0	35	225	1	0	U	45.557	15005.9	15230.9	381.14 640.59,376.17 644.65
0	147	1364	285	0	0	0	0	0	4	0	0	0	U	45.557	15276.5	15280.5	376.17 644.65,378.14 639.65
0	148	285	15	0	1	17	17	0	3	13	1	0	U	45.557	15326.1	15339.1	378.14 639.65,371.99 646.1
0	149	15	16	0	1	21	21	0	4	24	1	0	Right	5.695	15344.8	15368.8	371.99 646.1,373.42 651.22
0	150	16	1364	0	0	0	0	0	4	0	0	0	U	45.557	15414.3	15418.3	373.42 651.22,376.17 644.65
0	151	1364	285	0	0	0	0	0	4	0	0	0	Straight	0.0	15418.3	15422.3	376.17 644.65,378.14 639.65
0	152	285	1333	1	0	0	0	0	42	0	0	0	Straight	0.0	15422.3	15464.3	378.14 639.65,386.62 632.51
0	153	1333	1367	1	0	0	0	0	25	0	0	0	Straight	0.0	15464.3	15489.3	386.62 632.51,398.78 623.93
0	154	1367	1368	1	1	393	393	0	71	461	0	0	Right	5.695	15495.0	15566.0	398.78 623.93,398.5 609.9
0	155	1368	2252	1	1	89	89	0	16	96	0	0	Straight	0.0	15566.0	15582.0	398.5 609.9,384.81 591.14
0	156	2252	1311	1	1	20	20	0	4	24	0	0	Straight	0.0	15582.0	15586.0	384.81 591.14,371.29 572.05
0	157	1311	1310	1	1	34	34	0	6	36	0	0	Straight	0.0	15586.0	15592.0	371.29 572.05,346.04 564.61
0	158	1310	2251	1	1	13	13	0	2	12	0	0	Straight	0.0	15592.0	15594.0	346.04 564.61,320.67 578.13
0	159	2251	1490	1	1	346	346	0	62	402	0	0	Straight	0.0	15594.0	15656.0	320.67 578.13,295.2 590.93
0	160	1490	133	1	1	369	369	0	66	426	0	0	Straight	0.0	15656.0	15722.0	295.2 590.93,280.83 596.15
0	161	133	572	1	1	397	397	0	71	461	0	0	Left	11.389	15733.4	15804.4	280.83 596.15,283.05 583.1
0	162	572	171	1	1	49	49	0	9	49	0	0	Straight	0.0	15804.4	15813.4	283.05 583.1,286.19 568.77
0	163	171	172	0	0	0	0	0	63	0	0	0	Straight	0.0	15813.4	15876.4	286.19 568.77,284.57 559.5
0	164	172	1780	0	0	0	0	0	6	0	0	0	Straight	0.0	15876.4	15882.4	284.57 559.5,278.2 551.77
0	165	1780	187	0	0	0	0	0	14	0	0	0	Left	11.389	15893.8	15907.8	278.2 551.77,281.19 543.25
0	166	187	661	0	0	0	0	0	4	0	0	0	Straight	0.0	15907.8	15911.8	281.19 543.25,277.78 532.6
0	167	661	660	0	0	0	0	0	45	0	0	0	Straight	0.0	15911.8	15956.8	277.78 532.6,269.67 523.72
0	168	660	238	0	0	0	0	0	8	0	0	0	Straight	0.0	15956.8	15964.8	269.67 523.72,269.65 514.88
0	169	238	237	0	0	0	0	0	16	0	0	0	Straight	0.0	15964.8	15980.8	269.65 514.88,268.89 506.99
0	170	237	682	0	0	0	0	0	17	0	0	0	Straight	0.0	15980.8	15997.8	268.89 506.99,265.04 499.51
0	171	682	727	0	0	0	0	0	33	0	0	0	Straight	0.0	15997.8	16030.8	265.04 499.51,259.71 490.35
0	172	727	290	0	0	0	0	0	11	0	0	0	Straight	0.0	16030.8	16041.8	259.71 490.35,256.63 479.34
0	173	290	289	0	0	0	0	0	13	0	0	0	Straight	0.0	16041.8	16054.8	256.63 479.34,253.34 468.03
0	174	289	335	0	0	0	0	0	53	0	0	0	Straight	0.0	16054.8	16107.8	253.34 468.03,245.13 456.3
0	175	335	317	0	0	0	0	0	4	0	0	0	Straight	0.0	16107.8	16111.8	245.13 456.3,241.26 443.73
0	176	317	815	0	0	0	0	0	68	0	0	0	Straight	0.0	16111.8	16179.8	241.26 443.73,240.33 429.25
0	177	815	2070	0	0	0	0	0	49	0	0	0	Straight	0.0	16179.8	16228.8	240.33 429.25,240.27 415.95
0	178	2070	412	0	0	0	0	0	22	0	0	0	Straight	0.0	16228.8	16250.8	240.27 415.95,244.88 405.62
0	179	412	893	0	0	0	0	0	2	0	0	0	Straight	0.0	16250.8	16252.8	244.88 405.62,241.32 390.94
0	180	893	477	0	1	128	128	0	23	143	1	0	Straight	0.0	16252.8	16395.8	241.32 390.94,247.76 376.52
0	181	477	478	1	0	0	0	0	61	0	0	0	Straight	0.0	16395.8	16456.8	247.76 376.52,250.63 358.81
0	182	478	506	1	0	0	0	0	25	0	0	0	Straight	0.0	16456.8	16481.8	250.63 358.81,262.85 344.55
0	183	506	969	1	0	0	0	0	43	0	0	0	Straight	0.0	16481.8	16524.8	262.85 344.55,267.88 330.78
0	184	969	2097	1	0	0	0	0	24	0	0	0	Straight	0.0	16524.8	16548.8	267.88 330.78,279.58 320.46
0	185	2097	556	1	0	0	0	0	25	0	0	0	Straight	0.0	16548.8	16573.8	279.58 320.46,289.6 308.42
0	186	556	564	1	0	0	0	0	27	0	0	0	Straight	0.0	16573.8	16600.8	289.6 308.42,297.85 297.27
0	187	564	594	1	0	0	0	0	26	0	0	0	Straight	0.0	16600.8	16626.8	297.85 297.27,307.38 288.17
0	188	594	593	1	0	0	0	0	34	0	0	0	Straight	0.0	16626.8	16660.8	307.38 288.17,320.19 279.47
0	189	593	607	1	0	0	0	0	30	0	0	0	Straight	0.0	16660.8	16690.8	320.19 279.47,341.47 281.28
0	190	607	616	1	0	0	0	0	22	0	0	0	Straight	0.0	16690.8	16712.8	341.47 281.28,363.03 281.58
0	191	616	615	1	0	0	0	0	3	0	0	0	Straight	0.0	16712.8	16715.8	363.03 281.58,379.09 271.73
0	192	615	1825	1	0	0	0	0	27	0	0	0	Straight	0.0	16715.8	16742.8	379.09 271.73,401.59 256.48
0	193	1825	690	1	0	0	0	0	12	0	0	0	Straight	0.0	16742.8	16754.8	401.59 256.48,411.19 240.76
0	194	690	2085	1	0	0	0	0	15	0	0	0	Left	11.389	16766.2	16781.2	411.19 240.76,421.88 250.66
0	195	2085	1083	1	0	0	0	0	71	0	0	0	Straight	0.0	16781.2	16852.2	421.88 250.66,446.0 251.77
1	0	1083	1084	1	0	0	0	0	544	0	0	300		0.0	17152.2	17696.2	446.0 251.77,472.41 259.17
1	1	1084	710	1	0	0	0	0	6	0	0	0	Straight	0.0	17696.2	17702.2	472.41 259.17,492.08 262.01
1	2	710	1790	1	0	0	0	0	15	0	0	0	Straight	0.0	17702.2	17717.2	492.08 262.01,512.21 263.69
1	3	1790	1536	1	0	0	0	0	2	0	0	0	Straight	0.0	17717.2	17719.2	512.21 263.69,528.75 266.95
1	4	1536	1537	0	0	0	0	0	20	0	0	0	Straight	0.0	17719.2	17739.2	528.75 266.95,548.05 280.18
1	5	1537	695	0	0	0	0	0	5	0	0	0	Straight	0.0	17739.2	17744.2	548.05 280.18,574.53 280.89
1	6	695	1047	0	0	0	0	0	69	0	0	0	Straight	0.0	17744.2	17813.2	574.53 280.89,602.27 269.26
1	7	1047	693	1	0	0	0	0	1	0	0	0	Left	11.389	17824.6	17825.6	602.27 269.26,605.14 281.85
1	8	693	1654	1	0	0	0	0	37	0	0	0	Right	5.695	17831.3	17868.3	605.14 281.85,638.5 271.88
1	9	1654	609	1	1	79	79	0	14	84	0	0	Straight	0.0	17868.3	17882.3	638.5 271.88,657.73 262.07
1	10	609	1901	1	1	262	262	0	47	307	1	0	Straight	0.0	17882.3	18189.3	657.73 262.07,669.13 255.69
1	11	1901	651	1	0	0	0	0	7	0	0	0	Straight	0.0	18189.3	18196.3	669.13 255.69,679.08 250.16
1	12	651	652	1	1	97	97	0	17	107	1	0	U	45.557	18241.8	18348.8	679.08 250.16,670.74 251.79
1	13	652	676	1	1	80	80	0	14	94	1	0	Straight	0.0	18348.8	18442.8	670.74 251.79,666.42 252.04
1	14	676	618	1	1	322	322	0	58	378	1	0	Right	5.695	18448.5	18826.5	666.42 252.04,664.23 256.11
1	15	618	652	1	1	273	273	0	49	319	1	0	U	45.557	18872.1	19191.1	664.23 256.11,670.74 251.79
1	16	652	651	1	1	97	97	0	17	107	0	0	Straight	0.0	19191.1	19208.1	670.74 251.79,679.08 250.16
1	17	651	1901	1	0	0	0	0	7	0	0	0	U	45.557	19253.6	19260.6	679.08 250.16,669.13 255.69
1	18	1901	611	1	0	0	0	0	16	0	0	0	U	45.557	19306.2	19322.2	669.13 255.69,675.38 252.1
1	19	611	608	1	1	214	214	0	38	248	1	0	U	45.557	19367.7	19615.7	675.38 252.1,671.86 256.83
1	20	608	2058	1	1	163	163	0	29	189	1	0	U	45.557	19661.3	19850.3	671.86 256.83,684.77 251.81
1	21	2058	608	1	1	163	163	0	29	189	0	0	U	45.557	19895.9	19924.9	684.77 251.81,671.86 256.83
1	22	608	609	1	1	89	89	0	16	96	1	0	Straight	0.0	19924.9	20020.9	671.86 256.83,657.73 262.07
1	23	609	618	1	1	82	82	0	15	95	1	0	U	45.557	20066.4	20161.4	657.73 262.07,664.23 256.11
1	24	618	609	1	1	82	82	0	15	95	0	0	U	45.557	20207.0	20222.0	664.23 256.11,657.73 262.07
1	25	609	1654	1	1	79	79	0	14	84	1	0	Straight	0.0	20222.0	20306.0	657.73 262.07,638.5 271.88
1	26	1654	1653	1	0	0	0	0	21	0	0	0	U	45.557	20351.5	20372.5	638.5 271.88,665.81 266.92
1	27	1653	1743	1	1	239	239	0	43	273	1	0	Straight	0.0	20372.5	20645.5	665.81 266.92,673.3 270.42
1	28	1743	966	1	1	92	92	0	17	107	1	0	Straight	0.0	20645.5	20752.5	673.3 270.42,680.63 272.55
1	29	966	1652	1	1	88	88	0	16	96	1	0	Straight	0.0	20752.5	20848.5	680.63 272.55,686.92 273.05
1	30	1652	2027	1	0	0	0	0	15	0	0	0	Left	11.389	20859.9	20874.9	686.92 273.05,683.15 285.81
1	31	2027	499	1	0	0	0	0	15	0	0	0	Straight	0.0	20874.9	20889.9	683.15 285.81,679.92 296.18
1	32	499	947	1	1	93	93	0	17	107	1	0	Right	5.695	20895.6	21002.6	679.92 296.18,684.17 302.75
1	33	947	1679	1	1	119	119	0	21	131	1	0	U	45.557	21048.2	21179.2	684.17 302.75,682.15 300.91
1	34	1679	1482	1	0	0	0	0	15	0	0	0	Straight	0.0	21179.2	21194.2	682.15 300.91,680.23 293.17
1	35	1482	559	1	1	78	78	0	14	84	1	0	Right	5.695	21199.9	21283.9	680.23 293.17,673.29 294.65
1	36	559	479	1	0	0	0	0	20	0	0	0	Right	5.695	21289.6	21309.6	673.29 294.65,682.87 305.32
1	37	479	481	1	0	0	0	0	52	0	0	0	Straight	0.0	21309.6	21361.6	682.87 305.32,695.26 308.71
1	38	481	510	1	1	96	96	0	17	107	1	0	Right	5.695	21367.2	21474.2	695.26 308.71,690.0 296.32
1	39	510	515	1	1	80	80	0	14	94	1	0	Left	11.389	21485.6	21579.6	690.0 296.32,704.65 294.36
1	40	515	530	1	1	250	250	0	45	295	1	0	Straight	0.0	21579.6	21874.6	704.65 294.36,713.94 292.55
1	41	530	964	1	1	62	62	0	11	71	1	0	Straight	0.0	21874.6	21945.6	713.94 292.55,719.34 291.52
1	42	964	530	1	1	62	62	0	11	71	0	0	U	45.557	21991.2	22002.2	719.34 291.52,713.94 292.55
1	43	530	509	1	0	0	0	0	15	0	0	0	Right	5.695	22007.9	22022.9	713.94 292.55,719.39 298.55
1	44	509	2154	1	1	45	45	0	8	48	1	0	Right	5.695	22028.6	22076.6	719.39 298.55,725.04 297.71
1	45	2154	509	1	1	45	45	0	8	48	0	0	U	45.557	22122.1	22130.1	725.04 297.71,719.39 298.55
1	46	509	508	1	1	260	260	0	47	307	1	0	Straight	0.0	22130.1	22437.1	719.39 298.55,713.24 299.77
1	47	508	482	1	1	82	82	0	15	95	1	0	Right	5.695	22442.8	22537.8	713.24 299.77,719.11 305.86
1	48	482	483	1	1	268	268	0	48	308	1	0	Right	5.695	22543.5	22851.5	719.11 305.86,723.44 304.64
1	49	483	476	1	0	0	0	0	15	0	0	0	Left	11.389	22862.9	22877.9	723.44 304.64,727.51 310.17
1	50	476	475	1	1	280	280	0	50	330	1	0	Left	11.389	22889.3	23219.3	727.51 310.17,723.5 311.86
1	51	475	2152	1	1	83	83	0	15	95	1	0	Right	5.695	23225.0	23320.0	723.5 311.86,729.65 315.72
1	52	2152	1970	1	1	289	289	0	52	332	1	0	Right	5.695	23325.7	23657.7	729.65 315.72,733.28 314.08
1	53	1970	913	1	0	0	0	0	15	0	0	0	Left	11.389	23669.1	23684.1	733.28 314.08,737.16 319.04
1	54	913	1806	1	1	298	298	0	54	344	1	0	Left	11.389	23695.5	24039.5	737.16 319.04,733.23 320.53
1	55	1806	2152	1	1	83	83	0	15	95	1	0	Left	11.389	24050.9	24145.9	733.23 320.53,729.65 315.72
1	56	2152	475	1	1	83	83	0	15	95	0	0	Straight	0.0	24145.9	24160.9	729.65 315.72,723.5 311.86
1	57	475	482	1	1	83	83	0	15	95	1	0	Straight	0.0	24160.9	24255.9	723.5 311.86,719.11 305.86
1	58	482	508	1	1	82	82	0	15	95	0	0	Straight	0.0	24255.9	24270.9	719.11 305.86,713.24 299.77
1	59	508	515	1	1	83	83	0	15	95	1	0	Straight	0.0	24270.9	24365.9	713.24 299.77,704.65 294.36
1	60	515	544	1	1	82	82	0	15	95	1	0	Left	11.389	24377.3	24472.3	704.65 294.36,707.81 286.32
1	61	544	545	1	1	238	238	0	43	273	1	0	Left	11.389	24483.6	24756.6	707.81 286.32,713.5 284.83
1	62	545	977	1	0	0	0	0	15	0	0	0	Right	5.695	24762.3	24777.3	713.5 284.83,711.91 276.56
1	63	977	1929	1	1	63	63	0	11	71	1	0	Left	11.389	24788.7	24859.7	711.91 276.56,717.7 275.9
1	64	1929	977	1	1	63	63	0	11	71	0	0	U	45.557	24905.3	24916.3	717.7 275.9,711.91 276.56
1	65	977	550	1	1	233	233	0	42	272	1	0	Straight	0.0	24916.3	25188.3	711.91 276.56,706.98 278.17
1	66	550	544	1	1	83	83	0	15	95	1	0	Right	5.695	25194.0	25289.0	706.98 278.17,707.81 286.32
1	67	544	550	1	1	83	83	0	15	95	0	0	U	45.557	25334.5	25349.5	707.81 286.32,706.98 278.17
1	68	550	1578	1	1	82	82	0	15	95	1	0	Straight	0.0	25349.5	25444.5	706.98 278.17,702.71 270.62
1	69	1578	991	1	1	232	232	0	42	272	1	0	Left	11.389	25455.9	25727.9	702.71 270.62,707.16 268.69
1	70	991	992	1	1	71	71	0	13	83	1	0	Straight	0.0	25727.9	25810.9	707.16 268.69,712.54 267.45
1	71	992	991	1	1	71	71	0	13	83	0	0	U	45.557	25856.5	25869.5	712.54 267.45,707.16 268.69
1	72	991	2075	1	0	0	0	0	15	0	0	0	Left	11.389	25880.9	25895.9	707.16 268.69,699.8 261.56
1	73	2075	2104	1	1	68	68	0	12	72	1	0	Left	11.389	25907.3	25979.3	699.8 261.56,705.26 260.91
1	74	2104	2075	1	1	68	68	0	12	72	0	0	U	45.557	26024.8	26036.8	705.26 260.91,699.8 261.56
1	75	2075	1853	1	1	231	231	0	41	271	1	0	Straight	0.0	26036.8	26307.8	699.8 261.56,695.71 264.06
1	76	1853	1578	1	1	83	83	0	15	95	1	0	Right	5.695	26313.5	26408.5	695.71 264.06,702.71 270.62
1	77	1578	1853	1	1	83	83	0	15	95	0	0	U	45.557	26454.1	26469.1	702.71 270.62,695.71 264.06
1	78	1853	1872	1	1	83	83	0	15	95	1	0	Straight	0.0	26469.1	26564.1	695.71 264.06,686.13 258.59
1	79	1872	602	1	1	228	228	0	41	261	1	0	Left	11.389	26575.5	26836.5	686.13 258.59,690.55 254.48
1	80	602	603	1	1	66	66	0	12	72	1	0	Straight	0.0	26836.5	26908.5	690.55 254.48,695.84 253.84
1	81	603	602	1	1	66	66	0	12	72	0	0	U	45.557	26954.0	26966.0	695.84 253.84,690.55 254.48
1	82	602	1021	1	0	0	0	0	15	0	0	0	Left	11.389	26977.4	26992.4	690.55 254.48,681.46 245.69
1	83	1021	1655	1	1	58	58	0	10	60	1	0	Left	11.389	27003.8	27063.8	681.46 245.69,682.32 240.83
1	84	1655	1021	1	1	58	58	0	10	60	0	0	U	45.557	27109.4	27119.4	682.32 240.83,681.46 245.69
1	85	1021	1020	1	1	228	228	0	41	261	1	0	Straight	0.0	27119.4	27380.4	681.46 245.69,675.13 254.31
1	86	1020	1872	1	1	81	81	0	15	95	1	0	Right	5.695	27386.0	27481.0	675.13 254.31,686.13 258.59
1	87	1872	1020	1	1	81	81	0	15	95	0	0	U	45.557	27526.6	27541.6	686.13 258.59,675.13 254.31
1	88	1020	1035	1	1	94	94	0	17	107	1	0	Straight	0.0	27541.6	27648.6	675.13 254.31,660.82 256.04
1	89	1035	1036	1	1	68	68	0	12	72	1	0	Left	11.389	27660.0	27732.0	660.82 256.04,652.0 244.4
1	90	1036	1035	1	1	68	68	0	12	72	0	0	U	45.557	27777.5	27789.5	652.0 244.4,660.82 256.04
1	91	1035	1393	1	1	81	81	0	15	95	1	0	Left	11.389	27800.9	27895.9	660.82 256.04,656.58 269.83
1	92	1393	995	1	1	150	150	0	27	177	1	0	Right	5.695	27901.6	28078.6	656.58 269.83,664.98 279.28
1	93	995	985	1	1	87	87	0	16	96	1	0	Straight	0.0	28078.6	28174.6	664.98 279.28,673.94 288.26
1	94	985	510	1	1	307	307	0	55	355	1	0	Straight	0.0	28174.6	28529.6	673.94 288.26,690.0 296.32
1	95	510	985	1	1	307	307	0	55	355	0	0	U	45.557	28575.2	28630.2	690.0 296.32,673.94 288.26
1	96	985	995	1	1	87	87	0	16	96	0	0	Straight	0.0	28630.2	28646.2	673.94 288.26,664.98 279.28
1	97	995	1393	1	1	150	150	0	27	177	0	0	Straight	0.0	28646.2	28673.2	664.98 279.28,656.58 269.83
1	98	1393	617	1	1	134	134	0	24	154	1	0	Right	5.695	28678.9	28832.9	656.58 269.83,644.46 275.32
1	99	617	1046	1	0	0	0	0	25	0	0	0	Straight	0.0	28832.9	28857.9	644.46 275.32,622.63 269.3
1	100	1046	693	0	0	0	0	0	34	0	0	0	Right	5.695	28863.6	28897.6	622.63 269.3,605.14 281.85
1	101	693	694	0	0	0	0	0	69	0	0	0	Straight	0.0	28897.6	28966.6	605.14 281.85,568.38 300.6
1	102	694	1089	0	0	0	0	0	5	0	0	0	Straight	0.0	28966.6	28971.6	568.38 300.6,537.71 299.31
1	103	1089	1096	0	0	0	0	0	9	0	0	0	Straight	0.0	28971.6	28980.6	537.71 299.31,521.48 285.32
1	104	1096	1097	0	0	0	0	0	6	0	0	0	Straight	0.0	28980.6	28986.6	521.48 285.32,506.66 275.68
1	105	1097	711	1	0	0	0	0	9	0	0	0	Straight	0.0	28986.6	28995.6	506.66 275.68,489.8 266.86
1	106	711	1084	0	0	0	0	0	7	0	0	0	Straight	0.0	28995.6	29002.6	489.8 266.86,472.41 259.17
1	107	1084	1083	1	0	0	0	0	544	0	0	0	Straight	0.0	29002.6	29546.6	472.41 259.17,446.0 251.77
2	0	1083	1083	-1	-1	0	0	0	0	0	0	300		0.0	29546.6	29846.6	446.0 251.77,446.0 251.77
