Problem Type	Solution Method	Vehicle Capacity (Weight)	Vehicle Capacity(Volume)	Disposal Trips	Route Time	Route Time wo Turns	Computational Time(Sec)	Clustering Time(Sec)	VA(CCI)	VA(NHO)	VA(ATD)	VA(DMT)	VA(AOI)	VA(ROI)	Optimal
MCARPTIF-TP	GPM	10000	10000	2	32415.4	28593	71.349	1.924	1	0	578.193	12785.5	0.135525	0.0906101	1
Load No	Sequence No	Starting Node	Ending Node	Is Edge	Required	Weight	Volume	Travel Miles	Travel Time	Service Time	Served	Dumped	Turn Type	Turn Cost	Depart Time	Arrival Time	Shape
0	0	2277	922	1	0	0	0	0	91	0	0	300		0.0	300.0	391.0	360.38 280.33,363.4 284.32
0	1	922	923	1	0	0	0	0	20	0	0	0	Straight	0.0	391.0	411.0	363.4 284.32,367.72 288.77
0	2	923	2011	1	0	0	0	0	100	0	0	0	Straight	0.0	411.0	511.0	367.72 288.77,372.78 294.49
0	3	2011	1004	1	0	0	0	0	249	0	0	0	Straight	0.0	511.0	760.0	372.78 294.49,378.59 301.43
0	4	1004	1528	1	0	0	0	0	24	0	0	0	Straight	0.0	760.0	784.0	378.59 301.43,385.69 307.89
0	5	1528	611	0	0	0	0	0	16	0	0	0	Straight	0.0	784.0	800.0	385.69 307.89,386.97 314.45
0	6	611	610	1	0	0	0	0	13	0	0	0	Straight	0.0	800.0	813.0	386.97 314.45,383.27 322.52
0	7	610	951	1	0	0	0	0	5	0	0	0	Straight	0.0	813.0	818.0	383.27 322.52,362.6 336.16
0	8	951	561	1	0	0	0	0	65	0	0	0	Straight	0.0	818.0	883.0	362.6 336.16,341.6 352.6
0	9	561	562	1	0	0	0	0	48	0	0	0	U	57.264	940.264	988.264	341.6 352.6,359.33 347.26
0	10	562	1745	1	0	0	0	0	16	0	0	0	Straight	0.0	988.264	1004.26	359.33 347.26,377.2 341.69
0	11	1745	863	1	0	0	0	0	3	0	0	0	Straight	0.0	1004.26	1007.26	377.2 341.69,395.02 335.48
0	12	863	864	1	0	0	0	0	25	0	0	0	Straight	0.0	1007.26	1032.26	395.02 335.48,413.1 329.07
0	13	864	2026	1	0	0	0	0	51	0	0	0	Straight	0.0	1032.26	1083.26	413.1 329.07,431.52 322.97
0	14	2026	750	1	0	0	0	0	53	0	0	0	Straight	0.0	1083.26	1136.26	431.52 322.97,450.47 317.04
0	15	750	2094	1	0	0	0	0	29	0	0	0	Straight	0.0	1136.26	1165.26	450.47 317.04,471.29 313.39
0	16	2094	409	1	0	0	0	0	9	0	0	0	Straight	0.0	1165.26	1174.26	471.29 313.39,492.08 310.13
0	17	409	1778	1	0	0	0	0	9	0	0	0	Straight	0.0	1174.26	1183.26	492.08 310.13,512.65 307.61
0	18	1778	392	1	0	0	0	0	7	0	0	0	Straight	0.0	1183.26	1190.26	512.65 307.61,533.03 305.26
0	19	392	390	1	0	0	0	0	51	0	0	0	Straight	0.0	1190.26	1241.26	533.03 305.26,553.13 302.75
0	20	390	391	1	0	0	0	0	15	0	0	0	Straight	0.0	1241.26	1256.26	553.13 302.75,565.12 308.21
0	21	391	755	1	0	0	0	0	16	0	0	0	Straight	0.0	1256.26	1272.26	565.12 308.21,575.8 313.97
0	22	755	374	1	0	0	0	0	3	0	0	0	Straight	0.0	1272.26	1275.26	575.8 313.97,584.02 321.03
0	23	374	375	1	0	0	0	0	17	0	0	0	Straight	0.0	1275.26	1292.26	584.02 321.03,588.54 329.81
0	24	375	1749	1	0	0	0	0	16	0	0	0	Straight	0.0	1292.26	1308.26	588.54 329.81,587.24 339.24
0	25	1749	738	1	0	0	0	0	2	0	0	0	Straight	0.0	1308.26	1310.26	587.24 339.24,581.26 348.19
0	26	738	327	1	0	0	0	0	28	0	0	0	Straight	0.0	1310.26	1338.26	581.26 348.19,572.82 357.2
0	27	327	328	1	0	0	0	0	9	0	0	0	Straight	0.0	1338.26	1347.26	572.82 357.2,563.02 364.84
0	28	328	315	1	0	0	0	0	14	0	0	0	Straight	0.0	1347.26	1361.26	563.02 364.84,551.92 371.66
0	29	315	713	1	0	0	0	0	3	0	0	0	Straight	0.0	1361.26	1364.26	551.92 371.66,538.49 376.33
0	30	713	711	1	0	0	0	0	3	0	0	0	Straight	0.0	1364.26	1367.26	538.49 376.33,524.13 380.68
0	31	711	712	1	0	0	0	0	2	0	0	0	Straight	0.0	1367.26	1369.26	524.13 380.68,509.0 384.56
0	32	712	288	1	0	0	0	0	27	0	0	0	Straight	0.0	1369.26	1396.26	509.0 384.56,493.33 387.69
0	33	288	715	1	0	0	0	0	49	0	0	0	Straight	0.0	1396.26	1445.26	493.33 387.69,470.62 391.45
0	34	715	311	1	0	0	0	0	10	0	0	0	Straight	0.0	1445.26	1455.26	470.62 391.45,447.99 396.05
0	35	311	285	1	0	0	0	0	33	0	0	0	Right	7.158	1462.42	1495.42	447.99 396.05,443.6 408.31
0	36	285	284	1	1	107	107	0	19	119	1	0	Straight	0.0	1495.42	1614.42	443.6 408.31,437.59 411.8
0	37	284	352	1	0	0	0	0	8	0	0	0	Left	14.316	1628.74	1636.74	437.59 411.8,429.3 406.94
0	38	352	2047	1	0	0	0	0	16	0	0	0	Right	7.158	1643.9	1659.9	429.3 406.94,428.14 413.14
0	39	2047	702	1	0	0	0	0	14	0	0	0	Straight	0.0	1659.9	1673.9	428.14 413.14,431.42 419.63
0	40	702	703	1	1	170	170	0	31	201	1	0	Straight	0.0	1673.9	1874.9	431.42 419.63,433.87 426.28
0	41	703	269	1	0	0	0	0	27	0	0	0	Left	14.316	1889.21	1916.21	433.87 426.28,428.78 435.51
0	42	269	248	1	0	0	0	0	19	0	0	0	Right	7.158	1923.37	1942.37	428.78 435.51,434.63 448.99
0	43	248	246	1	0	0	0	0	26	0	0	0	Straight	0.0	1942.37	1968.37	434.63 448.99,440.25 464.17
0	44	246	242	1	0	0	0	0	70	0	0	0	Left	14.316	1982.69	2052.69	440.25 464.17,437.28 469.52
0	45	242	243	1	1	368	368	0	66	426	1	0	Right	7.158	2059.84	2485.84	437.28 469.52,442.08 481.68
0	46	243	221	1	0	0	0	0	10	0	0	0	Straight	0.0	2485.84	2495.84	442.08 481.68,438.14 503.31
0	47	221	597	1	0	0	0	0	10	0	0	0	Right	7.158	2503.0	2513.0	438.14 503.31,448.2 514.65
0	48	597	204	1	0	0	0	0	19	0	0	0	Straight	0.0	2513.0	2532.0	448.2 514.65,455.03 525.76
0	49	204	200	1	0	0	0	0	26	0	0	0	Straight	0.0	2532.0	2558.0	455.03 525.76,463.74 535.22
0	50	200	1816	1	0	0	0	0	25	0	0	0	Right	7.158	2565.16	2590.16	463.74 535.22,476.84 534.8
0	51	1816	537	1	0	0	0	0	26	0	0	0	Left	14.316	2604.48	2630.48	476.84 534.8,483.71 541.97
0	52	537	522	1	0	0	0	0	25	0	0	0	Straight	0.0	2630.48	2655.48	483.71 541.97,485.67 552.06
0	53	522	521	1	1	147	147	0	26	166	1	0	Straight	0.0	2655.48	2821.48	485.67 552.06,481.59 562.26
0	54	521	157	1	1	147	147	0	26	166	1	0	Straight	0.0	2821.48	2987.48	481.59 562.26,479.44 572.83
0	55	157	155	1	0	0	0	0	26	0	0	0	Straight	0.0	2987.48	3013.48	479.44 572.83,476.28 585.81
0	56	155	1531	1	0	0	0	0	66	0	0	0	Straight	0.0	3013.48	3079.48	476.28 585.81,479.15 604.63
0	57	1531	524	1	0	0	0	0	37	0	0	0	Straight	0.0	3079.48	3116.48	479.15 604.63,483.96 620.31
0	58	524	135	1	0	0	0	0	52	0	0	0	Right	7.158	3123.63	3175.63	483.96 620.31,499.72 626.79
0	59	135	485	1	0	0	0	0	32	0	0	0	Left	14.316	3189.95	3221.95	499.72 626.79,474.08 649.44
0	60	485	142	0	0	0	0	0	36	0	0	0	Straight	0.0	3221.95	3257.95	474.08 649.44,448.42 660.27
0	61	142	518	1	0	0	0	0	24	0	0	0	Straight	0.0	3257.95	3281.95	448.42 660.27,416.59 654.35
0	62	518	519	1	1	76	76	0	14	84	1	0	Right	7.158	3289.11	3373.11	416.59 654.35,414.59 665.81
0	63	519	1585	1	1	285	285	0	51	331	1	0	Straight	0.0	3373.11	3704.11	414.59 665.81,418.83 675.78
0	64	1585	151	1	1	102	102	0	18	118	1	0	Straight	0.0	3704.11	3822.11	418.83 675.78,418.98 686.29
0	65	151	516	1	1	97	97	0	17	107	1	0	Straight	0.0	3822.11	3929.11	418.98 686.29,421.19 695.6
0	66	516	2376	1	1	42	42	0	8	48	1	0	Straight	0.0	3929.11	3977.11	421.19 695.6,420.45 700.69
0	67	2376	516	1	1	42	42	0	8	48	0	0	U	57.264	4034.37	4042.37	420.45 700.69,421.19 695.6
0	68	516	162	1	1	220	220	0	40	260	1	0	U	57.264	4099.64	4359.64	421.19 695.6,424.84 702.17
0	69	162	161	1	1	107	107	0	19	119	1	0	Left	14.316	4373.95	4492.95	424.84 702.17,415.36 699.69
0	70	161	1580	1	1	301	301	0	54	354	1	0	Left	14.316	4507.27	4861.27	415.36 699.69,410.56 690.6
0	71	1580	151	1	1	115	115	0	21	131	1	0	Left	14.316	4875.58	5006.58	410.56 690.6,418.98 686.29
0	72	151	152	1	1	109	109	0	20	120	1	0	Straight	0.0	5006.58	5126.58	418.98 686.29,426.74 684.83
0	73	152	491	1	1	64	64	0	11	71	1	0	Left	14.316	5140.9	5211.9	426.74 684.83,431.43 689.95
0	74	491	492	1	1	54	54	0	10	60	1	0	Left	14.316	5226.22	5286.22	431.43 689.95,430.64 694.96
0	75	492	491	1	1	54	54	0	10	60	0	0	U	57.264	5343.48	5353.48	430.64 694.96,431.43 689.95
0	76	491	1929	1	1	23	23	0	4	24	1	0	Left	14.316	5367.8	5391.8	431.43 689.95,437.71 689.11
0	77	1929	1698	0	1	26	26	0	5	25	1	0	Straight	0.0	5391.8	5416.8	437.71 689.11,442.04 690.3
0	78	1698	2142	0	0	0	0	0	29	0	0	0	Straight	0.0	5416.8	5445.8	442.04 690.3,445.76 693.89
0	79	2142	1797	1	0	0	0	0	10	0	0	0	Left	14.316	5460.11	5470.11	445.76 693.89,437.65 701.17
0	80	1797	1798	1	0	0	0	0	15	0	0	0	Right	7.158	5477.27	5492.27	437.65 701.17,445.95 705.43
0	81	1798	137	1	0	0	0	0	80	0	0	0	Straight	0.0	5492.27	5572.27	445.95 705.43,454.93 705.99
0	82	137	129	1	1	152	152	0	27	177	1	0	Left	14.316	5586.59	5763.59	454.93 705.99,452.61 716.06
0	83	129	130	1	1	108	108	0	19	119	1	0	Straight	0.0	5763.59	5882.59	452.61 716.06,452.0 720.77
0	84	130	129	1	1	108	108	0	19	119	0	0	U	57.264	5939.85	5958.85	452.0 720.77,452.61 716.06
0	85	129	131	1	1	128	128	0	23	143	0	0	U	57.264	6016.11	6039.11	452.61 716.06,450.22 724.77
0	86	131	2266	1	1	53	53	0	9	59	0	0	Straight	0.0	6039.11	6048.11	450.22 724.77,447.1 729.43
0	87	2266	131	1	1	53	53	0	9	59	1	0	U	57.264	6105.38	6164.38	447.1 729.43,450.22 724.77
0	88	131	132	1	1	317	317	0	57	367	1	0	U	57.264	6221.64	6588.64	450.22 724.77,450.35 730.47
0	89	132	131	1	1	317	317	0	57	367	0	0	U	57.264	6645.91	6702.91	450.35 730.47,450.22 724.77
0	90	131	129	1	1	128	128	0	23	143	1	0	Straight	0.0	6702.91	6845.91	450.22 724.77,452.61 716.06
0	91	129	137	1	1	152	152	0	27	177	0	0	Straight	0.0	6845.91	6872.91	452.61 716.06,454.93 705.99
0	92	137	138	1	1	73	73	0	13	83	1	0	Straight	0.0	6872.91	6955.91	454.93 705.99,454.68 686.67
0	93	138	486	1	1	14	14	0	3	13	1	0	Straight	0.0	6955.91	6968.91	454.68 686.67,444.49 676.29
0	94	486	514	1	1	50	50	0	9	59	1	0	Right	7.158	6976.06	7035.06	444.49 676.29,430.95 678.37
0	95	514	1585	1	1	79	79	0	14	84	1	0	Straight	0.0	7035.06	7119.06	430.95 678.37,418.83 675.78
0	96	1585	523	1	1	98	98	0	18	108	1	0	Straight	0.0	7119.06	7227.06	418.83 675.78,408.53 672.93
0	97	523	2245	1	1	99	99	0	18	108	1	0	Straight	0.0	7227.06	7335.06	408.53 672.93,398.75 671.24
0	98	2245	1582	1	1	75	75	0	14	84	1	0	Straight	0.0	7335.06	7419.06	398.75 671.24,391.26 673.63
0	99	1582	1742	1	1	93	93	0	17	107	1	0	Right	7.158	7426.22	7533.22	391.26 673.63,399.75 686.19
0	100	1742	186	1	1	68	68	0	12	72	1	0	Straight	0.0	7533.22	7605.22	399.75 686.19,400.89 696.97
0	101	186	185	1	1	122	122	0	22	142	1	0	Straight	0.0	7605.22	7747.22	400.89 696.97,400.38 703.59
0	102	185	179	1	1	182	182	0	33	213	1	0	Straight	0.0	7747.22	7960.22	400.38 703.59,402.56 708.77
0	103	179	180	1	0	0	0	0	17	0	0	0	U	57.264	8017.49	8034.49	402.56 708.77,404.52 703.92
0	104	180	186	1	1	208	208	0	37	237	1	0	Right	7.158	8041.64	8278.64	404.52 703.92,400.89 696.97
0	105	186	1742	1	1	68	68	0	12	72	0	0	Straight	0.0	8278.64	8290.64	400.89 696.97,399.75 686.19
0	106	1742	1582	1	1	93	93	0	17	107	0	0	Straight	0.0	8290.64	8307.64	399.75 686.19,391.26 673.63
0	107	1582	1581	1	1	59	59	0	11	61	1	0	Straight	0.0	8307.64	8368.64	391.26 673.63,380.57 661.59
0	108	1581	1601	1	1	72	72	0	13	83	1	0	Straight	0.0	8368.64	8451.64	380.57 661.59,369.24 649.57
0	109	1601	203	1	1	73	73	0	13	83	0	0	Straight	0.0	8451.64	8464.64	369.24 649.57,355.84 637.41
0	110	203	1601	1	1	73	73	0	13	83	1	0	U	57.264	8521.91	8604.91	355.84 637.41,369.24 649.57
0	111	1601	566	1	1	285	285	0	51	331	1	0	Straight	0.0	8604.91	8935.91	369.24 649.57,376.12 651.5
0	112	566	567	1	1	117	117	0	21	131	1	0	Straight	0.0	8935.91	9066.91	376.12 651.5,385.04 659.0
0	113	567	168	1	0	0	0	0	19	0	0	0	Straight	0.0	9066.91	9085.91	385.04 659.0,395.58 664.7
0	114	168	2245	1	1	286	286	0	51	331	1	0	Straight	0.0	9085.91	9416.91	395.58 664.7,398.75 671.24
0	115	2245	523	1	1	99	99	0	18	108	0	0	Right	7.158	9424.07	9442.07	398.75 671.24,408.53 672.93
0	116	523	169	1	1	281	281	0	50	330	1	0	Right	7.158	9449.22	9779.22	408.53 672.93,405.87 667.28
0	117	169	168	1	0	0	0	0	17	0	0	0	Right	7.158	9786.38	9803.38	405.87 667.28,395.58 664.7
0	118	168	567	1	0	0	0	0	19	0	0	0	Straight	0.0	9803.38	9822.38	395.58 664.7,385.04 659.0
0	119	567	566	1	1	117	117	0	21	131	0	0	Straight	0.0	9822.38	9843.38	385.04 659.0,376.12 651.5
0	120	566	202	1	0	0	0	0	21	0	0	0	Straight	0.0	9843.38	9864.38	376.12 651.5,370.24 643.35
0	121	202	1683	1	1	122	122	0	22	142	1	0	Right	7.158	9871.54	10013.5	370.24 643.35,360.99 644.75
0	122	1683	2116	1	1	291	291	0	52	342	1	0	Right	7.158	10020.7	10362.7	360.99 644.75,361.37 649.72
0	123	2116	1683	1	1	291	291	0	52	342	0	0	U	57.264	10420.0	10472.0	361.37 649.72,360.99 644.75
0	124	1683	2025	1	1	107	107	0	19	119	1	0	Right	7.158	10479.1	10598.1	360.99 644.75,351.44 642.56
0	125	2025	1748	1	1	83	83	0	15	95	0	0	Right	7.158	10605.3	10620.3	351.44 642.56,348.42 648.06
0	126	1748	1775	1	1	102	102	0	18	118	1	0	Straight	0.0	10620.3	10738.3	348.42 648.06,346.6 653.23
0	127	1775	662	1	1	316	316	0	57	367	1	0	U	57.264	10795.5	11162.5	346.6 653.23,347.77 651.6
0	128	662	2076	1	1	308	308	0	55	355	1	0	U	57.264	11219.8	11574.8	347.77 651.6,348.24 657.44
0	129	2076	662	1	1	308	308	0	55	355	0	0	U	57.264	11632.1	11687.1	348.24 657.44,347.77 651.6
0	130	662	663	1	1	110	110	0	20	130	1	0	Straight	0.0	11687.1	11817.1	347.77 651.6,345.98 644.45
0	131	663	605	1	1	103	103	0	18	118	1	0	Straight	0.0	11817.1	11935.1	345.98 644.45,343.65 635.64
0	132	605	663	1	1	103	103	0	18	118	0	0	U	57.264	11992.3	12010.3	343.65 635.64,345.98 644.45
0	133	663	1748	1	1	280	280	0	50	330	1	0	Straight	0.0	12010.3	12340.3	345.98 644.45,348.42 648.06
0	134	1748	2025	1	1	83	83	0	15	95	1	0	Right	7.158	12347.5	12442.5	348.42 648.06,351.44 642.56
0	135	2025	605	1	1	250	250	0	45	295	1	0	Right	7.158	12449.6	12744.6	351.44 642.56,343.65 635.64
0	136	605	252	1	1	121	121	0	22	142	1	0	Straight	0.0	12744.6	12886.6	343.65 635.64,335.51 624.77
0	137	252	203	1	1	223	223	0	40	260	1	0	U	57.264	12943.9	13203.9	335.51 624.77,355.84 637.41
0	138	203	202	1	1	286	286	0	51	331	1	0	Straight	0.0	13203.9	13534.9	355.84 637.41,370.24 643.35
0	139	202	220	1	0	0	0	0	16	0	0	0	Straight	0.0	13534.9	13550.9	370.24 643.35,385.63 644.2
0	140	220	518	1	0	0	0	0	101	0	0	0	Straight	0.0	13550.9	13651.9	385.63 644.2,416.59 654.35
0	141	518	142	1	0	0	0	0	24	0	0	0	Straight	0.0	13651.9	13675.9	416.59 654.35,448.42 660.27
0	142	142	141	1	0	0	0	0	2	0	0	0	Straight	0.0	13675.9	13677.9	448.42 660.27,466.72 670.5
0	143	141	1740	1	0	0	0	0	145	0	0	0	Straight	0.0	13677.9	13822.9	466.72 670.5,485.92 685.09
0	144	1740	1664	0	0	0	0	0	52	0	0	0	Straight	0.0	13822.9	13874.9	485.92 685.09,495.27 698.16
0	145	1664	338	0	1	162	162	0	29	189	1	0	Straight	0.0	13874.9	14063.9	495.27 698.16,495.21 712.48
0	146	338	339	0	1	27	27	0	5	25	1	0	Right	7.158	14071.1	14096.1	495.21 712.48,499.16 712.81
0	147	339	1534	0	1	43	43	0	8	48	1	0	Right	7.158	14103.2	14151.2	499.16 712.81,501.9 709.59
0	148	1534	342	0	1	92	92	0	16	106	1	0	Straight	0.0	14151.2	14257.2	501.9 709.59,503.32 703.52
0	149	342	343	0	0	0	0	0	2	0	0	0	Straight	0.0	14257.2	14259.2	503.32 703.52,510.35 698.76
0	150	343	69	0	0	0	0	0	19	0	0	0	Straight	0.0	14259.2	14278.2	510.35 698.76,520.08 691.68
0	151	69	1768	1	0	0	0	0	18	0	0	0	Straight	0.0	14278.2	14296.2	520.08 691.68,540.37 687.82
0	152	1768	1769	1	0	0	0	0	60	0	0	0	Straight	0.0	14296.2	14356.2	540.37 687.82,551.8 678.61
0	153	1769	1694	1	0	0	0	0	18	0	0	0	Straight	0.0	14356.2	14374.2	551.8 678.61,563.31 671.89
0	154	1694	1695	1	0	0	0	0	46	0	0	0	Straight	0.0	14374.2	14420.2	563.31 671.89,568.24 659.9
0	155	1695	2155	1	0	0	0	0	15	0	0	0	Straight	0.0	14420.2	14435.2	568.24 659.9,578.39 650.73
0	156	2155	307	1	0	0	0	0	34	0	0	0	Left	14.316	14449.5	14483.5	578.39 650.73,590.37 654.04
0	157	307	48	1	0	0	0	0	21	0	0	0	Straight	0.0	14483.5	14504.5	590.37 654.04,599.66 662.98
0	158	48	274	1	0	0	0	0	22	0	0	0	Straight	0.0	14504.5	14526.5	599.66 662.98,612.75 663.23
0	159	274	38	1	0	0	0	0	12	0	0	0	Straight	0.0	14526.5	14538.5	612.75 663.23,625.45 661.25
0	160	38	39	1	0	0	0	0	13	0	0	0	Straight	0.0	14538.5	14551.5	625.45 661.25,638.07 657.56
0	161	39	227	1	0	0	0	0	17	0	0	0	Straight	0.0	14551.5	14568.5	638.07 657.56,650.28 656.62
0	162	227	1888	1	0	0	0	0	36	0	0	0	Right	7.158	14575.7	14611.7	650.28 656.62,663.7 640.65
0	163	1888	2314	1	0	0	0	0	93	0	0	0	Straight	0.0	14611.7	14704.7	663.7 640.65,663.79 616.0
0	164	2314	1312	1	0	0	0	0	40	0	0	0	Straight	0.0	14704.7	14744.7	663.79 616.0,659.12 591.06
0	165	1312	1306	1	0	0	0	0	21	0	0	0	Straight	0.0	14744.7	14765.7	659.12 591.06,654.82 566.3
0	166	1306	1307	0	0	0	0	0	37	0	0	0	Left	14.316	14780.0	14817.0	654.82 566.3,667.43 553.85
0	167	1307	1732	0	0	0	0	0	18	0	0	0	Straight	0.0	14817.0	14835.0	667.43 553.85,676.83 553.64
0	168	1732	1508	0	0	0	0	0	24	0	0	0	Right	7.158	14842.2	14866.2	676.83 553.64,679.33 550.7
1	0	1508	1509	0	0	0	0	0	23	0	0	300		0.0	15166.2	15189.2	679.33 550.7,677.61 547.31
1	1	1509	1507	0	0	0	0	0	18	0	0	0	Straight	0.0	15189.2	15207.2	677.61 547.31,676.53 540.56
1	2	1507	1924	0	0	0	0	0	37	0	0	0	Right	7.158	15214.3	15251.3	676.53 540.56,657.71 548.81
1	3	1924	1925	0	0	0	0	0	153	0	0	0	Left	14.316	15265.7	15418.7	657.71 548.81,641.04 541.96
1	4	1925	1154	0	0	0	0	0	24	0	0	0	Straight	0.0	15418.7	15442.7	641.04 541.96,628.4 534.79
1	5	1154	1165	0	0	0	0	0	10	0	0	0	Straight	0.0	15442.7	15452.7	628.4 534.79,616.11 530.15
1	6	1165	1166	0	0	0	0	0	29	0	0	0	Straight	0.0	15452.7	15481.7	616.11 530.15,600.82 526.78
1	7	1166	1399	0	0	0	0	0	1	0	0	0	Straight	0.0	15481.7	15482.7	600.82 526.78,588.79 516.59
1	8	1399	1839	0	0	0	0	0	56	0	0	0	Straight	0.0	15482.7	15538.7	588.79 516.59,573.16 502.95
1	9	1839	1656	0	0	0	0	0	1	0	0	0	Straight	0.0	15538.7	15539.7	573.16 502.95,563.42 483.44
1	10	1656	1396	0	0	0	0	0	2	0	0	0	Right	7.158	15546.8	15548.8	563.42 483.44,555.48 487.09
1	11	1396	1397	0	0	0	0	0	3	0	0	0	Straight	0.0	15548.8	15551.8	555.48 487.09,548.87 485.64
1	12	1397	1159	0	0	0	0	0	6	0	0	0	Right	7.158	15559.0	15565.0	548.87 485.64,539.71 492.95
1	13	1159	1160	1	0	0	0	0	54	0	0	0	Straight	0.0	15565.0	15619.0	539.71 492.95,521.43 492.3
1	14	1160	1181	1	0	0	0	0	45	0	0	0	Straight	0.0	15619.0	15664.0	521.43 492.3,507.66 481.54
1	15	1181	1725	1	0	0	0	0	39	0	0	0	Straight	0.0	15664.0	15703.0	507.66 481.54,495.86 469.21
1	16	1725	565	1	0	0	0	0	63	0	0	0	Right	7.158	15710.1	15773.1	495.86 469.21,476.24 482.63
1	17	565	222	1	0	0	0	0	59	0	0	0	Straight	0.0	15773.1	15832.1	476.24 482.63,458.02 492.7
1	18	222	221	1	0	0	0	0	46	0	0	0	Straight	0.0	15832.1	15878.1	458.02 492.7,438.14 503.31
1	19	221	416	1	0	0	0	0	155	0	0	0	Straight	0.0	15878.1	16033.1	438.14 503.31,415.08 521.65
1	20	416	415	1	0	0	0	0	178	0	0	0	Straight	0.0	16033.1	16211.1	415.08 521.65,384.78 529.86
1	21	415	451	1	0	0	0	0	23	0	0	0	Straight	0.0	16211.1	16234.1	384.78 529.86,359.28 532.43
1	22	451	452	1	0	0	0	0	9	0	0	0	Straight	0.0	16234.1	16243.1	359.28 532.43,339.49 522.5
1	23	452	843	1	0	0	0	0	46	0	0	0	Straight	0.0	16243.1	16289.1	339.49 522.5,328.11 505.23
1	24	843	477	1	0	0	0	0	17	0	0	0	Straight	0.0	16289.1	16306.1	328.11 505.23,316.89 501.06
1	25	477	497	1	0	0	0	0	14	0	0	0	Straight	0.0	16306.1	16320.1	316.89 501.06,304.88 498.7
1	26	497	932	1	1	375	375	0	68	438	1	0	Straight	0.0	16320.1	16758.1	304.88 498.7,295.49 491.78
1	27	932	608	1	1	144	144	0	26	166	1	0	Straight	0.0	16758.1	16924.1	295.49 491.78,288.25 488.25
1	28	608	543	1	0	0	0	0	17	0	0	0	U	57.264	16981.4	16998.4	288.25 488.25,305.76 490.33
1	29	543	542	1	1	78	78	0	14	84	1	0	Straight	0.0	16998.4	17082.4	305.76 490.33,315.68 486.31
1	30	542	1630	1	1	63	63	0	11	71	0	0	Straight	0.0	17082.4	17093.4	315.68 486.31,325.61 489.3
1	31	1630	909	1	1	37	37	0	7	37	0	0	Straight	0.0	17093.4	17100.4	325.61 489.3,335.6 492.53
1	32	909	908	1	1	62	62	0	11	71	0	0	Straight	0.0	17100.4	17111.4	335.6 492.53,341.27 498.85
1	33	908	2282	1	1	110	110	0	20	130	0	0	Straight	0.0	17111.4	17131.4	341.27 498.85,343.79 500.58
1	34	2282	908	1	1	110	110	0	20	130	1	0	U	57.264	17188.7	17318.7	343.79 500.58,341.27 498.85
1	35	908	909	1	1	62	62	0	11	71	1	0	Straight	0.0	17318.7	17389.7	341.27 498.85,335.6 492.53
1	36	909	1630	1	1	37	37	0	7	37	1	0	Straight	0.0	17389.7	17426.7	335.6 492.53,325.61 489.3
1	37	1630	1757	1	1	197	197	0	35	225	1	0	Straight	0.0	17426.7	17651.7	325.61 489.3,323.44 487.26
1	38	1757	1630	1	1	197	197	0	35	225	0	0	U	57.264	17708.9	17743.9	323.44 487.26,325.61 489.3
1	39	1630	909	1	1	37	37	0	7	37	0	0	Straight	0.0	17743.9	17750.9	325.61 489.3,335.6 492.53
1	40	909	544	1	1	25	25	0	5	25	0	0	Straight	0.0	17750.9	17755.9	335.6 492.53,342.98 489.6
1	41	544	545	1	1	78	78	0	14	84	1	0	Right	7.158	17763.1	17847.1	342.98 489.6,343.0 486.27
1	42	545	544	1	1	78	78	0	14	84	0	0	U	57.264	17904.3	17918.3	343.0 486.27,342.98 489.6
1	43	544	920	1	1	36	36	0	6	36	0	0	Right	7.158	17925.5	17931.5	342.98 489.6,350.34 487.22
1	44	920	921	1	1	71	71	0	13	83	1	0	Right	7.158	17938.7	18021.7	350.34 487.22,351.3 483.81
1	45	921	920	1	1	71	71	0	13	83	0	0	U	57.264	18078.9	18091.9	351.3 483.81,350.34 487.22
1	46	920	924	1	1	38	38	0	7	37	1	0	Right	7.158	18099.1	18136.1	350.34 487.22,357.35 485.61
1	47	924	928	1	1	71	71	0	13	83	1	0	Right	7.158	18143.2	18226.2	357.35 485.61,359.19 482.22
1	48	928	924	1	1	71	71	0	13	83	0	0	U	57.264	18283.5	18296.5	359.19 482.22,357.35 485.61
1	49	924	937	1	1	39	39	0	7	37	0	0	Right	7.158	18303.7	18310.7	357.35 485.61,363.57 485.06
1	50	937	2260	1	1	103	103	0	19	119	0	0	Straight	0.0	18310.7	18329.7	363.57 485.06,367.06 482.4
1	51	2260	937	1	1	103	103	0	19	119	1	0	U	57.264	18386.9	18505.9	367.06 482.4,363.57 485.06
1	52	937	938	1	1	69	69	0	12	72	1	0	Right	7.158	18513.1	18585.1	363.57 485.06,367.52 486.73
1	53	938	937	1	1	69	69	0	12	72	0	0	U	57.264	18642.3	18654.3	367.52 486.73,363.57 485.06
1	54	937	924	1	1	39	39	0	7	37	1	0	Straight	0.0	18654.3	18691.3	363.57 485.06,357.35 485.61
1	55	924	920	1	1	38	38	0	7	37	0	0	Straight	0.0	18691.3	18698.3	357.35 485.61,350.34 487.22
1	56	920	544	1	1	36	36	0	6	36	1	0	Straight	0.0	18698.3	18734.3	350.34 487.22,342.98 489.6
1	57	544	909	1	1	25	25	0	5	25	1	0	Straight	0.0	18734.3	18759.3	342.98 489.6,335.6 492.53
1	58	909	908	1	1	62	62	0	11	71	0	0	Right	7.158	18766.5	18777.5	335.6 492.53,341.27 498.85
1	59	908	901	1	1	29	29	0	5	25	0	0	Straight	0.0	18777.5	18782.5	341.27 498.85,347.27 504.89
1	60	901	2110	1	1	60	60	0	11	71	1	0	Straight	0.0	18782.5	18853.5	347.27 504.89,348.35 508.47
1	61	2110	901	1	1	60	60	0	11	71	0	0	U	57.264	18910.8	18921.8	348.35 508.47,347.27 504.89
1	62	901	2150	1	1	92	92	0	17	107	0	0	Right	7.158	18928.9	18945.9	347.27 504.89,344.33 507.88
1	63	2150	901	1	1	92	92	0	17	107	1	0	U	57.264	19003.2	19110.2	344.33 507.88,347.27 504.89
1	64	901	888	1	1	52	52	0	9	59	0	0	Left	14.316	19124.5	19133.5	347.27 504.89,354.22 508.61
1	65	888	887	1	1	56	56	0	10	60	0	0	Right	7.158	19140.7	19150.7	354.22 508.61,357.87 506.95
1	66	887	888	1	1	56	56	0	10	60	1	0	U	57.264	19207.9	19267.9	357.87 506.95,354.22 508.61
1	67	888	1880	1	1	44	44	0	8	48	1	0	Right	7.158	19275.1	19323.1	354.22 508.61,360.0 511.43
1	68	1880	1881	1	1	40	40	0	7	47	1	0	Straight	0.0	19323.1	19370.1	360.0 511.43,364.37 511.07
1	69	1881	1880	1	1	40	40	0	7	47	0	0	U	57.264	19427.3	19434.3	364.37 511.07,360.0 511.43
1	70	1880	2407	1	1	8	8	0	1	1	1	0	Right	7.158	19441.5	19442.5	360.0 511.43,362.57 514.97
1	71	2407	1880	1	1	8	8	0	1	1	0	0	U	57.264	19499.8	19500.8	362.57 514.97,360.0 511.43
1	72	1880	888	1	1	44	44	0	8	48	0	0	Straight	0.0	19500.8	19508.8	360.0 511.43,354.22 508.61
1	73	888	1736	1	1	56	56	0	10	60	1	0	Right	7.158	19515.9	19575.9	354.22 508.61,354.15 512.73
1	74	1736	888	1	1	56	56	0	10	60	0	0	U	57.264	19633.2	19643.2	354.15 512.73,354.22 508.61
1	75	888	901	1	1	52	52	0	9	59	1	0	Right	7.158	19650.3	19709.3	354.22 508.61,347.27 504.89
1	76	901	908	1	1	29	29	0	5	25	1	0	Straight	0.0	19709.3	19734.3	347.27 504.89,341.27 498.85
1	77	908	909	1	1	62	62	0	11	71	0	0	Straight	0.0	19734.3	19745.3	341.27 498.85,335.6 492.53
1	78	909	1630	1	1	37	37	0	7	37	0	0	Straight	0.0	19745.3	19752.3	335.6 492.53,325.61 489.3
1	79	1630	542	1	1	63	63	0	11	71	1	0	Straight	0.0	19752.3	19823.3	325.61 489.3,315.68 486.31
1	80	542	2248	1	1	129	129	0	23	143	1	0	Left	14.316	19837.7	19980.7	315.68 486.31,316.68 477.74
1	81	2248	503	1	1	128	128	0	23	143	1	0	Straight	0.0	19980.7	20123.7	316.68 477.74,313.3 472.2
1	82	503	504	1	1	34	34	0	6	36	0	0	Straight	0.0	20123.7	20129.7	313.3 472.2,309.96 469.23
1	83	504	503	1	1	34	34	0	6	36	1	0	U	57.264	20186.9	20222.9	309.96 469.23,313.3 472.2
1	84	503	2408	1	1	126	126	0	23	143	0	0	U	57.264	20280.2	20303.2	313.3 472.2,312.81 467.6
1	85	2408	503	1	1	126	126	0	23	143	1	0	U	57.264	20360.5	20503.5	312.81 467.6,313.3 472.2
1	86	503	2248	1	1	128	128	0	23	143	0	0	Straight	0.0	20503.5	20526.5	313.3 472.2,316.68 477.74
1	87	2248	493	1	1	53	53	0	9	59	1	0	Right	7.158	20533.6	20592.6	316.68 477.74,321.3 472.52
1	88	493	2380	1	1	166	166	0	30	190	1	0	Right	7.158	20599.8	20789.8	321.3 472.52,319.9 468.69
1	89	2380	493	1	1	166	166	0	30	190	0	0	U	57.264	20847.0	20877.0	319.9 468.69,321.3 472.52
1	90	493	473	1	1	50	50	0	9	59	1	0	Right	7.158	20884.2	20943.2	321.3 472.52,326.8 469.25
1	91	473	2300	1	1	139	139	0	25	155	1	0	Right	7.158	20950.4	21105.4	326.8 469.25,326.02 464.9
1	92	2300	473	1	1	139	139	0	25	155	0	0	U	57.264	21162.6	21187.6	326.02 464.9,326.8 469.25
1	93	473	462	1	1	70	70	0	13	83	1	0	Right	7.158	21194.8	21277.8	326.8 469.25,332.92 469.75
1	94	462	449	1	0	0	0	0	43	0	0	0	Left	14.316	21292.1	21335.1	332.92 469.75,334.57 475.57
1	95	449	470	1	0	0	0	0	14	0	0	0	Straight	0.0	21335.1	21349.1	334.57 475.57,328.67 491.09
1	96	470	471	1	1	89	89	0	16	96	1	0	Straight	0.0	21349.1	21445.1	328.67 491.09,319.37 496.13
1	97	471	477	1	1	90	90	0	16	106	1	0	Straight	0.0	21445.1	21551.1	319.37 496.13,316.89 501.06
1	98	477	497	1	0	0	0	0	14	0	0	0	Left	14.316	21565.4	21579.4	316.89 501.06,304.88 498.7
1	99	497	896	1	1	142	142	0	26	166	1	0	Straight	0.0	21579.4	21745.4	304.88 498.7,299.26 502.0
1	100	896	895	1	1	228	228	0	41	261	1	0	Right	7.158	21752.6	22013.6	299.26 502.0,299.37 508.08
1	101	895	910	1	1	140	140	0	25	165	1	0	Straight	0.0	22013.6	22178.6	299.37 508.08,295.89 514.5
1	102	910	658	1	1	728	728	0	131	851	1	0	Left	14.316	22192.9	23043.9	295.89 514.5,286.08 508.62
1	103	658	644	1	1	475	475	0	85	555	1	0	Straight	0.0	23043.9	23598.9	286.08 508.62,281.45 502.97
1	104	644	643	1	1	97	97	0	17	107	1	0	Straight	0.0	23598.9	23705.9	281.45 502.97,278.95 496.26
1	105	643	615	1	1	139	139	0	25	155	1	0	Straight	0.0	23705.9	23860.9	278.95 496.26,270.71 489.12
1	106	615	606	1	1	28	28	0	5	25	1	0	Straight	0.0	23860.9	23885.9	270.71 489.12,269.68 480.69
1	107	606	607	1	1	40	40	0	7	47	0	0	Straight	0.0	23885.9	23892.9	269.68 480.69,265.06 475.86
1	108	607	1590	1	1	59	59	0	11	61	0	0	Straight	0.0	23892.9	23903.9	265.06 475.86,260.94 474.61
1	109	1590	607	1	1	59	59	0	11	61	1	0	U	57.264	23961.1	24022.1	260.94 474.61,265.06 475.86
1	110	607	1712	1	1	75	75	0	13	83	0	0	Right	7.158	24029.3	24042.3	265.06 475.86,263.53 471.32
1	111	1712	607	1	1	75	75	0	13	83	1	0	U	57.264	24099.6	24182.6	263.53 471.32,265.06 475.86
1	112	607	606	1	1	40	40	0	7	47	1	0	Straight	0.0	24182.6	24229.6	265.06 475.86,269.68 480.69
1	113	606	1551	1	1	21	21	0	4	24	1	0	Right	7.158	24236.7	24260.7	269.68 480.69,273.68 475.64
1	114	1551	1552	1	1	148	148	0	27	167	0	0	Right	7.158	24267.9	24294.9	273.68 475.64,271.7 471.83
1	115	1552	1551	1	1	148	148	0	27	167	1	0	U	57.264	24352.1	24519.1	271.7 471.83,273.68 475.64
1	116	1551	1646	1	1	23	23	0	4	24	1	0	Right	7.158	24526.3	24550.3	273.68 475.64,279.44 473.43
1	117	1646	2331	1	1	156	156	0	28	178	0	0	Right	7.158	24557.5	24585.5	279.44 473.43,277.96 469.31
1	118	2331	1646	1	1	156	156	0	28	178	1	0	U	57.264	24642.7	24820.7	277.96 469.31,279.44 473.43
1	119	1646	949	1	1	22	22	0	4	24	1	0	Right	7.158	24827.9	24851.9	279.44 473.43,286.07 474.53
1	120	949	950	1	1	65	65	0	12	72	0	0	Right	7.158	24859.0	24871.0	286.07 474.53,285.25 467.16
1	121	950	2111	1	1	8	8	0	1	1	0	0	Straight	0.0	24871.0	24872.0	285.25 467.16,286.57 462.53
1	122	2111	950	1	1	8	8	0	1	1	1	0	U	57.264	24929.3	24930.3	286.57 462.53,285.25 467.16
1	123	950	2301	1	1	34	34	0	6	36	0	0	U	57.264	24987.6	24993.6	285.25 467.16,282.93 462.75
1	124	2301	950	1	1	34	34	0	6	36	1	0	U	57.264	25050.8	25086.8	282.93 462.75,285.25 467.16
1	125	950	949	1	1	65	65	0	12	72	1	0	Straight	0.0	25086.8	25158.8	285.25 467.16,286.07 474.53
1	126	949	940	1	1	35	35	0	6	36	1	0	Straight	0.0	25158.8	25194.8	286.07 474.53,291.58 481.99
1	127	940	941	1	1	124	124	0	22	142	0	0	Right	7.158	25202.0	25224.0	291.58 481.99,293.09 476.45
1	128	941	2438	1	1	11	11	0	2	12	0	0	Straight	0.0	25224.0	25226.0	293.09 476.45,292.56 472.0
1	129	2438	941	1	1	11	11	0	2	12	1	0	U	57.264	25283.3	25295.3	292.56 472.0,293.09 476.45
1	130	941	1883	1	1	52	52	0	9	59	0	0	Right	7.158	25302.4	25311.4	293.09 476.45,295.93 473.59
1	131	1883	941	1	1	52	52	0	9	59	1	0	U	57.264	25368.7	25427.7	295.93 473.59,293.09 476.45
1	132	941	940	1	1	124	124	0	22	142	1	0	Straight	0.0	25427.7	25569.7	293.09 476.45,291.58 481.99
1	133	940	932	1	1	48	48	0	9	49	1	0	Straight	0.0	25569.7	25618.7	291.58 481.99,295.49 491.78
1	134	932	579	1	1	138	138	0	25	155	1	0	Straight	0.0	25618.7	25773.7	295.49 491.78,293.58 499.47
1	135	579	578	1	1	387	387	0	70	450	1	0	Straight	0.0	25773.7	26223.7	293.58 499.47,292.42 505.91
1	136	578	910	1	1	56	56	0	10	60	1	0	Straight	0.0	26223.7	26283.7	292.42 505.91,295.89 514.5
1	137	910	895	1	1	140	140	0	25	165	0	0	Right	7.158	26290.8	26315.8	295.89 514.5,299.37 508.08
1	138	895	896	1	1	228	228	0	41	261	0	0	Straight	0.0	26315.8	26356.8	299.37 508.08,299.26 502.0
1	139	896	579	1	1	246	246	0	44	284	1	0	Right	7.158	26364.0	26648.0	299.26 502.0,293.58 499.47
1	140	579	1785	1	1	136	136	0	25	155	1	0	Straight	0.0	26648.0	26803.0	293.58 499.47,287.28 500.23
1	141	1785	643	1	1	43	43	0	8	48	0	0	Straight	0.0	26803.0	26811.0	287.28 500.23,278.95 496.26
1	142	643	1785	1	1	43	43	0	8	48	1	0	U	57.264	26868.3	26916.3	278.95 496.26,287.28 500.23
1	143	1785	578	1	1	617	617	0	111	721	1	0	Straight	0.0	26916.3	27637.3	287.28 500.23,292.42 505.91
1	144	578	910	1	1	56	56	0	10	60	0	0	Straight	0.0	27637.3	27647.3	292.42 505.91,295.89 514.5
1	145	910	653	1	0	0	0	0	4	0	0	0	Straight	0.0	27647.3	27651.3	295.89 514.5,303.71 526.94
1	146	653	652	1	0	0	0	0	104	0	0	0	Left	14.316	27665.6	27769.6	303.71 526.94,283.71 531.04
1	147	652	693	1	0	0	0	0	34	0	0	0	Straight	0.0	27769.6	27803.6	283.71 531.04,266.14 539.95
1	148	693	694	0	1	70	70	0	25	155	1	0	Straight	0.0	27803.6	27958.6	266.14 539.95,249.37 543.68
1	149	694	2215	1	0	0	0	0	4	0	0	0	Straight	0.0	27958.6	27962.6	249.37 543.68,230.59 543.69
1	150	2215	1002	1	1	25	25	0	4	24	1	0	Right	7.158	27969.7	27993.7	230.59 543.69,236.2 562.75
1	151	1002	2131	1	1	244	244	0	44	284	1	0	Left	14.316	28008.0	28292.0	236.2 562.75,233.53 566.2
1	152	2131	1002	1	1	244	244	0	44	284	0	0	U	57.264	28349.3	28393.3	233.53 566.2,236.2 562.75
1	153	1002	2215	1	1	25	25	0	4	24	0	0	Right	7.158	28400.5	28404.5	236.2 562.75,230.59 543.69
1	154	2215	694	1	0	0	0	0	4	0	0	0	Left	14.316	28418.8	28422.8	230.59 543.69,249.37 543.68
1	155	694	1962	1	0	0	0	0	12	0	0	0	Left	14.316	28437.1	28449.1	249.37 543.68,254.75 551.16
1	156	1962	989	1	0	0	0	0	5	0	0	0	Right	7.158	28456.3	28461.3	254.75 551.16,260.3 549.81
1	157	989	693	1	0	0	0	0	14	0	0	0	Right	7.158	28468.4	28482.4	260.3 549.81,266.14 539.95
1	158	693	652	1	0	0	0	0	34	0	0	0	Straight	0.0	28482.4	28516.4	266.14 539.95,283.71 531.04
1	159	652	2117	1	1	135	135	0	24	154	1	0	Right	7.158	28523.6	28677.6	283.71 531.04,277.68 521.99
1	160	2117	980	1	1	183	183	0	33	213	1	0	Right	7.158	28684.7	28897.7	277.68 521.99,274.43 525.4
1	161	980	981	1	1	25	25	0	4	24	1	0	Straight	0.0	28897.7	28921.7	274.43 525.4,273.89 529.25
1	162	981	980	1	1	25	25	0	4	24	0	0	U	57.264	28979.0	28983.0	273.89 529.25,274.43 525.4
1	163	980	982	1	1	30	30	0	5	35	1	0	Right	7.158	28990.2	29025.2	274.43 525.4,270.65 525.82
1	164	982	980	1	1	30	30	0	5	35	0	0	U	57.264	29082.4	29087.4	270.65 525.82,274.43 525.4
1	165	980	2117	1	1	183	183	0	33	213	0	0	Straight	0.0	29087.4	29120.4	274.43 525.4,277.68 521.99
1	166	2117	992	1	1	68	68	0	12	72	1	0	Right	7.158	29127.6	29199.6	277.68 521.99,272.86 511.89
1	167	992	1001	1	1	171	171	0	31	201	1	0	Right	7.158	29206.7	29407.7	272.86 511.89,268.93 512.62
1	168	1001	992	1	1	171	171	0	31	201	0	0	U	57.264	29465.0	29496.0	268.93 512.62,272.86 511.89
1	169	992	979	1	1	563	563	0	101	661	1	0	Right	7.158	29503.2	30164.2	272.86 511.89,269.56 501.34
1	170	979	1649	1	1	140	140	0	25	165	1	0	Straight	0.0	30164.2	30329.2	269.56 501.34,261.95 490.33
1	171	1649	650	1	1	146	146	0	26	166	1	0	Straight	0.0	30329.2	30495.2	261.95 490.33,250.18 481.31
1	172	650	651	1	1	72	72	0	13	83	0	0	Straight	0.0	30495.2	30508.2	250.18 481.31,246.95 479.48
1	173	651	650	1	1	72	72	0	13	83	1	0	U	57.264	30565.4	30648.4	246.95 479.48,250.18 481.31
1	174	650	1649	1	1	146	146	0	26	166	0	0	Straight	0.0	30648.4	30674.4	250.18 481.31,261.95 490.33
1	175	1649	615	1	1	272	272	0	49	319	1	0	Right	7.158	30681.6	31000.6	261.95 490.33,270.71 489.12
1	176	615	609	1	1	146	146	0	26	166	1	0	Right	7.158	31007.7	31173.7	270.71 489.12,269.39 484.98
1	177	609	650	1	0	0	0	0	49	0	0	0	Right	7.158	31180.9	31229.9	269.39 484.98,250.18 481.31
1	178	650	2009	1	0	0	0	0	14	0	0	0	Straight	0.0	31229.9	31243.9	250.18 481.31,227.85 473.01
1	179	2009	1000	1	0	0	0	0	13	0	0	0	Straight	0.0	31243.9	31256.9	227.85 473.01,214.99 456.27
1	180	1000	1965	1	0	0	0	0	214	0	0	0	Left	14.316	31271.2	31485.2	214.99 456.27,235.22 422.08
1	181	1965	2313	1	0	0	0	0	155	0	0	0	Straight	0.0	31485.2	31640.2	235.22 422.08,258.18 400.59
1	182	2313	1553	1	0	0	0	0	55	0	0	0	Straight	0.0	31640.2	31695.2	258.18 400.59,285.87 384.49
1	183	1553	900	1	0	0	0	0	42	0	0	0	Straight	0.0	31695.2	31737.2	285.87 384.49,313.77 368.79
1	184	900	561	1	0	0	0	0	83	0	0	0	Straight	0.0	31737.2	31820.2	313.77 368.79,341.6 352.6
1	185	561	951	1	0	0	0	0	65	0	0	0	Straight	0.0	31820.2	31885.2	341.6 352.6,362.6 336.16
1	186	951	610	1	0	0	0	0	5	0	0	0	Straight	0.0	31885.2	31890.2	362.6 336.16,383.27 322.52
1	187	610	611	1	0	0	0	0	13	0	0	0	Straight	0.0	31890.2	31903.2	383.27 322.52,386.97 314.45
1	188	611	957	1	0	0	0	0	12	0	0	0	Straight	0.0	31903.2	31915.2	386.97 314.45,393.42 311.13
1	189	957	1528	1	0	0	0	0	9	0	0	0	Right	7.158	31922.4	31931.4	393.42 311.13,385.69 307.89
1	190	1528	1004	1	0	0	0	0	24	0	0	0	Straight	0.0	31931.4	31955.4	385.69 307.89,378.59 301.43
1	191	1004	2011	1	0	0	0	0	249	0	0	0	Straight	0.0	31955.4	32204.4	378.59 301.43,372.78 294.49
1	192	2011	923	1	0	0	0	0	100	0	0	0	Straight	0.0	32204.4	32304.4	372.78 294.49,367.72 288.77
1	193	923	922	1	0	0	0	0	20	0	0	0	Straight	0.0	32304.4	32324.4	367.72 288.77,363.4 284.32
1	194	922	2277	1	0	0	0	0	91	0	0	0	Straight	0.0	32324.4	32415.4	363.4 284.32,360.38 280.33
2	0	2277	2277	-1	-1	0	0	0	0	0	0	300		0.0	32415.4	32715.4	360.38 280.33,360.38 280.33
