Problem Type	Solution Method	Vehicle Capacity (Weight)	Vehicle Capacity(Volume)	Disposal Trips	Route Time	Route Time wo Turns	Computational Time(Sec)	Clustering Time(Sec)	VA(CCI)	VA(NHO)	VA(ATD)	VA(DMT)	VA(AOI)	VA(ROI)	Optimal
MCARPTIF-TP	GPM	10000	10000	2	33769.1	28100	86.709	2.743	1.07692	0.147939	965.883	26054	0.310578	0.65546	1
Load No	Sequence No	Starting Node	Ending Node	Is Edge	Required	Weight	Volume	Travel Miles	Travel Time	Service Time	Served	Dumped	Turn Type	Turn Cost	Depart Time	Arrival Time	Shape
0	0	2277	922	1	0	0	0	0	91	0	0	300		0.0	300.0	391.0	360.38 280.33,363.4 284.32
0	1	922	923	1	0	0	0	0	20	0	0	0	Straight	0.0	391.0	411.0	363.4 284.32,367.72 288.77
0	2	923	2011	1	0	0	0	0	100	0	0	0	Straight	0.0	411.0	511.0	367.72 288.77,372.78 294.49
0	3	2011	1004	1	0	0	0	0	249	0	0	0	Straight	0.0	511.0	760.0	372.78 294.49,378.59 301.43
0	4	1004	1528	1	0	0	0	0	24	0	0	0	Straight	0.0	760.0	784.0	378.59 301.43,385.69 307.89
0	5	1528	611	0	0	0	0	0	16	0	0	0	Straight	0.0	784.0	800.0	385.69 307.89,386.97 314.45
0	6	611	610	1	0	0	0	0	13	0	0	0	Straight	0.0	800.0	813.0	386.97 314.45,383.27 322.52
0	7	610	951	1	0	0	0	0	5	0	0	0	Straight	0.0	813.0	818.0	383.27 322.52,362.6 336.16
0	8	951	561	1	0	0	0	0	65	0	0	0	Straight	0.0	818.0	883.0	362.6 336.16,341.6 352.6
0	9	561	900	1	0	0	0	0	83	0	0	0	Straight	0.0	883.0	966.0	341.6 352.6,313.77 368.79
0	10	900	1553	1	0	0	0	0	42	0	0	0	Straight	0.0	966.0	1008.0	313.77 368.79,285.87 384.49
0	11	1553	2313	1	0	0	0	0	55	0	0	0	Straight	0.0	1008.0	1063.0	285.87 384.49,258.18 400.59
0	12	2313	1965	1	0	0	0	0	155	0	0	0	Straight	0.0	1063.0	1218.0	258.18 400.59,235.22 422.08
0	13	1965	1000	1	0	0	0	0	214	0	0	0	Straight	0.0	1218.0	1432.0	235.22 422.08,214.99 456.27
0	14	1000	2009	1	0	0	0	0	13	0	0	0	Right	7.158	1439.16	1452.16	214.99 456.27,227.85 473.01
0	15	2009	650	1	0	0	0	0	14	0	0	0	Straight	0.0	1452.16	1466.16	227.85 473.01,250.18 481.31
0	16	650	1649	1	0	0	0	0	26	0	0	0	Straight	0.0	1466.16	1492.16	250.18 481.31,261.95 490.33
0	17	1649	979	1	0	0	0	0	25	0	0	0	Straight	0.0	1492.16	1517.16	261.95 490.33,269.56 501.34
0	18	979	992	1	0	0	0	0	101	0	0	0	Straight	0.0	1517.16	1618.16	269.56 501.34,272.86 511.89
0	19	992	2117	1	0	0	0	0	12	0	0	0	Straight	0.0	1618.16	1630.16	272.86 511.89,277.68 521.99
0	20	2117	652	1	0	0	0	0	24	0	0	0	Straight	0.0	1630.16	1654.16	277.68 521.99,283.71 531.04
0	21	652	693	1	0	0	0	0	34	0	0	0	Left	14.316	1668.47	1702.47	283.71 531.04,266.14 539.95
0	22	693	989	1	0	0	0	0	14	0	0	0	Straight	0.0	1702.47	1716.47	266.14 539.95,260.3 549.81
0	23	989	1962	1	0	0	0	0	5	0	0	0	Left	14.316	1730.79	1735.79	260.3 549.81,254.75 551.16
0	24	1962	984	1	0	0	0	0	7	0	0	0	Right	7.158	1742.95	1749.95	254.75 551.16,256.77 559.69
0	25	984	989	0	1	26	26	0	9	59	1	0	U	57.264	1807.21	1866.21	256.77 559.69,260.3 549.81
0	26	989	1962	1	0	0	0	0	5	0	0	0	Right	7.158	1873.37	1878.37	260.3 549.81,254.75 551.16
0	27	1962	984	1	0	0	0	0	7	0	0	0	Right	7.158	1885.53	1892.53	254.75 551.16,256.77 559.69
0	28	984	983	1	0	0	0	0	25	0	0	0	Straight	0.0	1892.53	1917.53	256.77 559.69,254.95 572.72
0	29	983	647	1	1	26	26	0	5	25	1	0	Left	14.316	1931.84	1956.84	254.95 572.72,243.91 576.01
0	30	647	648	1	1	374	374	0	67	437	1	0	Right	7.158	1964.0	2401.0	243.91 576.01,251.63 583.96
0	31	648	1833	1	1	97	97	0	17	107	0	0	Left	14.316	2415.32	2432.32	251.63 583.96,247.93 593.39
0	32	1833	648	1	1	97	97	0	17	107	1	0	U	57.264	2489.58	2596.58	247.93 593.39,251.63 583.96
0	33	648	934	1	1	26	26	0	5	25	1	0	Left	14.316	2610.9	2635.9	251.63 583.96,262.96 582.86
0	34	934	933	1	0	0	0	0	83	0	0	0	Straight	0.0	2635.9	2718.9	262.96 582.86,277.71 590.05
0	35	933	1744	1	0	0	0	0	37	0	0	0	Straight	0.0	2718.9	2755.9	277.71 590.05,294.91 594.45
0	36	1744	2021	1	0	0	0	0	63	0	0	0	Straight	0.0	2755.9	2818.9	294.91 594.45,313.31 610.93
0	37	2021	763	1	1	17	17	0	3	13	1	0	Left	14.316	2833.21	2846.21	313.31 610.93,311.69 620.35
0	38	763	767	1	1	100	100	0	18	118	1	0	Straight	0.0	2846.21	2964.21	311.69 620.35,304.9 625.26
0	39	767	2274	1	1	312	312	0	56	366	1	0	Right	7.158	2971.37	3337.37	304.9 625.26,304.25 630.52
0	40	2274	764	1	1	139	139	0	25	155	1	0	Right	7.158	3344.53	3499.53	304.25 630.52,317.54 625.9
0	41	764	763	1	1	327	327	0	59	379	1	0	Right	7.158	3506.69	3885.69	317.54 625.9,311.69 620.35
0	42	763	767	1	1	100	100	0	18	118	0	0	Right	7.158	3892.85	3910.85	311.69 620.35,304.9 625.26
0	43	767	401	1	1	95	95	0	17	107	1	0	Straight	0.0	3910.85	4017.85	304.9 625.26,297.89 627.62
0	44	401	400	1	1	35	35	0	6	36	1	0	Right	7.158	4025.0	4061.0	297.89 627.62,297.51 631.13
0	45	400	401	1	1	35	35	0	6	36	0	0	U	57.264	4118.27	4124.27	297.51 631.13,297.89 627.62
0	46	401	775	1	1	105	105	0	19	119	1	0	Right	7.158	4131.43	4250.43	297.89 627.62,291.43 629.3
0	47	775	368	1	1	101	101	0	18	118	1	0	Straight	0.0	4250.43	4368.43	291.43 629.3,288.03 631.81
0	48	368	1931	1	0	0	0	0	17	0	0	0	Right	7.158	4375.58	4392.58	288.03 631.81,291.27 636.3
0	49	1931	1609	1	1	112	112	0	20	130	0	0	Left	14.316	4406.9	4426.9	291.27 636.3,279.11 643.05
0	50	1609	330	1	1	129	129	0	23	143	1	0	Straight	0.0	4426.9	4569.9	279.11 643.05,269.97 652.6
0	51	330	331	1	1	32	32	0	6	36	0	0	Straight	0.0	4569.9	4575.9	269.97 652.6,265.95 661.44
0	52	331	346	1	1	59	59	0	11	61	1	0	Straight	0.0	4575.9	4636.9	265.95 661.44,264.94 667.3
0	53	346	331	1	1	59	59	0	11	61	0	0	U	57.264	4694.16	4705.16	264.94 667.3,265.95 661.44
0	54	331	731	1	1	39	39	0	7	37	1	0	U	57.264	4762.43	4799.43	265.95 661.44,262.01 666.08
0	55	731	331	1	1	39	39	0	7	37	0	0	U	57.264	4856.69	4863.69	262.01 666.08,265.95 661.44
0	56	331	330	1	1	32	32	0	6	36	1	0	Straight	0.0	4863.69	4899.69	265.95 661.44,269.97 652.6
0	57	330	325	1	1	32	32	0	6	36	1	0	Right	7.158	4906.85	4942.85	269.97 652.6,261.6 655.39
0	58	325	326	1	1	50	50	0	9	59	1	0	Straight	0.0	4942.85	5001.85	261.6 655.39,258.45 660.03
0	59	326	325	1	1	50	50	0	9	59	0	0	U	57.264	5059.11	5068.11	258.45 660.03,261.6 655.39
0	60	325	318	1	1	27	27	0	5	25	1	0	Right	7.158	5075.27	5100.27	261.6 655.39,254.16 654.34
0	61	318	2093	1	1	40	40	0	7	47	1	0	Right	7.158	5107.43	5154.43	254.16 654.34,251.14 659.32
0	62	2093	318	1	1	40	40	0	7	47	0	0	U	57.264	5211.69	5218.69	251.14 659.32,254.16 654.34
0	63	318	317	1	1	14	14	0	2	12	1	0	Right	7.158	5225.85	5237.85	254.16 654.34,250.34 647.76
0	64	317	1584	1	1	79	79	0	14	84	1	0	Left	14.316	5252.17	5336.17	250.34 647.76,253.9 636.59
0	65	1584	2424	1	1	147	147	0	26	166	1	0	U	57.264	5393.43	5559.43	253.9 636.59,250.27 640.34
0	66	2424	1584	1	1	147	147	0	26	166	0	0	U	57.264	5616.7	5642.7	250.27 640.34,253.9 636.59
0	67	1584	735	1	1	31	31	0	6	36	1	0	Straight	0.0	5642.7	5678.7	253.9 636.59,258.92 624.4
0	68	735	734	1	1	92	92	0	17	107	0	0	Straight	0.0	5678.7	5695.7	258.92 624.4,264.84 611.39
0	69	734	730	1	1	134	134	0	24	154	1	0	Straight	0.0	5695.7	5849.7	264.84 611.39,267.4 594.33
0	70	730	697	1	1	396	396	0	71	461	1	0	Left	14.316	5864.01	6325.01	267.4 594.33,289.76 602.26
0	71	697	698	1	1	51	51	0	9	59	1	0	Left	14.316	6339.33	6398.33	289.76 602.26,287.48 605.66
0	72	698	697	1	1	51	51	0	9	59	0	0	U	57.264	6455.59	6464.59	287.48 605.66,289.76 602.26
0	73	697	730	1	1	396	396	0	71	461	0	0	Right	7.158	6471.75	6542.75	289.76 602.26,267.4 594.33
0	74	730	1780	1	1	341	341	0	61	401	1	0	Straight	0.0	6542.75	6943.75	267.4 594.33,245.15 589.79
0	75	1780	757	1	1	40	40	0	7	47	1	0	Straight	0.0	6943.75	6990.75	245.15 589.79,230.58 598.92
0	76	757	753	1	1	41	41	0	7	47	0	0	Straight	0.0	6990.75	6997.75	230.58 598.92,218.36 607.81
0	77	753	754	1	1	38	38	0	7	37	0	0	Straight	0.0	6997.75	7004.75	218.36 607.81,208.14 615.71
0	78	754	371	1	1	38	38	0	7	37	0	0	Straight	0.0	7004.75	7011.75	208.14 615.71,199.95 621.42
0	79	371	2028	1	1	7	7	0	1	1	0	0	Straight	0.0	7011.75	7012.75	199.95 621.42,196.68 626.88
0	80	2028	371	1	1	7	7	0	1	1	1	0	U	57.264	7070.01	7071.01	196.68 626.88,199.95 621.42
0	81	371	370	1	1	41	41	0	7	47	0	0	Right	7.158	7078.17	7085.17	199.95 621.42,196.25 619.18
0	82	370	371	1	1	41	41	0	7	47	1	0	U	57.264	7142.44	7189.44	196.25 619.18,199.95 621.42
0	83	371	2292	1	1	24	24	0	4	24	0	0	Left	14.316	7203.75	7207.75	199.95 621.42,194.82 624.2
0	84	2292	371	1	1	24	24	0	4	24	1	0	U	57.264	7265.02	7289.02	194.82 624.2,199.95 621.42
0	85	371	754	1	1	38	38	0	7	37	1	0	Straight	0.0	7289.02	7326.02	199.95 621.42,208.14 615.71
0	86	754	2147	1	1	32	32	0	6	36	0	0	U	57.264	7383.28	7389.28	208.14 615.71,205.4 620.52
0	87	2147	754	1	1	32	32	0	6	36	1	0	U	57.264	7446.54	7482.54	205.4 620.52,208.14 615.71
0	88	754	756	1	1	44	44	0	8	48	1	0	Right	7.158	7489.7	7537.7	208.14 615.71,203.96 616.83
0	89	756	754	1	1	44	44	0	8	48	0	0	U	57.264	7594.97	7602.97	203.96 616.83,208.14 615.71
0	90	754	753	1	1	38	38	0	7	37	1	0	Straight	0.0	7602.97	7639.97	208.14 615.71,218.36 607.81
0	91	753	2395	1	1	47	47	0	9	49	0	0	U	57.264	7697.23	7706.23	218.36 607.81,213.81 609.02
0	92	2395	753	1	1	47	47	0	9	49	1	0	U	57.264	7763.49	7812.49	213.81 609.02,218.36 607.81
0	93	753	2077	1	1	31	31	0	6	36	1	0	U	57.264	7869.76	7905.76	218.36 607.81,214.92 611.86
0	94	2077	753	1	1	31	31	0	6	36	0	0	U	57.264	7963.02	7969.02	214.92 611.86,218.36 607.81
0	95	753	757	1	1	41	41	0	7	47	1	0	Straight	0.0	7969.02	8016.02	218.36 607.81,230.58 598.92
0	96	757	762	1	1	44	44	0	8	48	0	0	U	57.264	8073.29	8081.29	230.58 598.92,226.47 602.37
0	97	762	757	1	1	44	44	0	8	48	1	0	U	57.264	8138.55	8186.55	226.47 602.37,230.58 598.92
0	98	757	1819	1	1	27	27	0	5	25	1	0	U	57.264	8243.81	8268.81	230.58 598.92,225.37 599.11
0	99	1819	757	1	1	27	27	0	5	25	0	0	U	57.264	8326.08	8331.08	225.37 599.11,230.58 598.92
0	100	757	1780	1	1	40	40	0	7	47	0	0	Straight	0.0	8331.08	8338.08	230.58 598.92,245.15 589.79
0	101	1780	2119	1	1	22	22	0	4	24	1	0	Right	7.158	8345.24	8369.24	245.15 589.79,232.17 576.06
0	102	2119	395	1	1	92	92	0	17	107	1	0	Straight	0.0	8369.24	8476.24	232.17 576.06,220.35 567.82
0	103	395	396	1	1	37	37	0	7	37	1	0	Right	7.158	8483.39	8520.39	220.35 567.82,208.21 577.6
0	104	396	1905	1	1	42	42	0	7	47	0	0	Straight	0.0	8520.39	8527.39	208.21 577.6,205.54 581.68
0	105	1905	396	1	1	42	42	0	7	47	1	0	U	57.264	8584.66	8631.66	205.54 581.68,208.21 577.6
0	106	396	1904	1	1	36	36	0	6	36	1	0	Right	7.158	8638.82	8674.82	208.21 577.6,203.37 578.47
0	107	1904	396	1	1	36	36	0	6	36	0	0	U	57.264	8732.08	8738.08	203.37 578.47,208.21 577.6
0	108	396	770	1	1	41	41	0	7	47	0	0	U	57.264	8795.34	8802.34	208.21 577.6,197.56 586.55
0	109	770	771	1	1	41	41	0	7	47	1	0	Straight	0.0	8802.34	8849.34	197.56 586.55,188.99 594.34
0	110	771	2328	1	1	39	39	0	7	37	1	0	Straight	0.0	8849.34	8886.34	188.99 594.34,186.29 598.24
0	111	2328	771	1	1	39	39	0	7	37	0	0	U	57.264	8943.61	8950.61	186.29 598.24,188.99 594.34
0	112	771	2095	1	1	32	32	0	6	36	0	0	Right	7.158	8957.77	8963.77	188.99 594.34,183.85 595.14
0	113	2095	771	1	1	32	32	0	6	36	1	0	U	57.264	9021.03	9057.03	183.85 595.14,188.99 594.34
0	114	771	761	1	1	40	40	0	7	47	1	0	U	57.264	9114.29	9161.29	188.99 594.34,183.7 600.82
0	115	761	760	1	1	32	32	0	6	36	0	0	Right	7.158	9168.45	9174.45	183.7 600.82,184.34 604.75
0	116	760	761	1	1	32	32	0	6	36	1	0	U	57.264	9231.72	9267.72	184.34 604.75,183.7 600.82
0	117	761	2109	1	1	34	34	0	6	36	1	0	Right	7.158	9274.87	9310.87	183.7 600.82,178.9 604.61
0	118	2109	761	1	1	34	34	0	6	36	0	0	U	57.264	9368.14	9374.14	178.9 604.61,183.7 600.82
0	119	761	771	1	1	40	40	0	7	47	0	0	Straight	0.0	9374.14	9381.14	183.7 600.82,188.99 594.34
0	120	771	770	1	1	41	41	0	7	47	0	0	Straight	0.0	9381.14	9388.14	188.99 594.34,197.56 586.55
0	121	770	2127	1	1	34	34	0	6	36	0	0	U	57.264	9445.4	9451.4	197.56 586.55,195.05 590.8
0	122	2127	770	1	1	34	34	0	6	36	1	0	U	57.264	9508.67	9544.67	195.05 590.8,197.56 586.55
0	123	770	2096	1	1	35	35	0	6	36	1	0	Right	7.158	9551.82	9587.82	197.56 586.55,192.73 587.71
0	124	2096	770	1	1	35	35	0	6	36	0	0	U	57.264	9645.09	9651.09	192.73 587.71,197.56 586.55
0	125	770	396	1	1	41	41	0	7	47	1	0	Straight	0.0	9651.09	9698.09	197.56 586.55,208.21 577.6
0	126	396	395	1	1	37	37	0	7	37	0	0	Straight	0.0	9698.09	9705.09	208.21 577.6,220.35 567.82
0	127	395	412	1	1	182	182	0	33	213	1	0	Straight	0.0	9705.09	9918.09	220.35 567.82,222.75 551.15
0	128	412	1932	1	1	137	137	0	25	155	1	0	Straight	0.0	9918.09	10073.1	222.75 551.15,231.77 542.82
0	129	1932	2165	1	1	46	46	0	8	48	1	0	Right	7.158	10080.2	10128.2	231.77 542.82,226.18 542.56
0	130	2165	2209	1	1	42	42	0	8	48	1	0	Straight	0.0	10128.2	10176.2	226.18 542.56,222.06 544.03
0	131	2209	2165	1	1	42	42	0	8	48	0	0	U	57.264	10233.5	10241.5	222.06 544.03,226.18 542.56
0	132	2165	2166	1	1	42	42	0	8	48	1	0	Right	7.158	10248.7	10296.7	226.18 542.56,225.59 538.88
0	133	2166	2165	1	1	42	42	0	8	48	0	0	U	57.264	10353.9	10361.9	225.59 538.88,226.18 542.56
0	134	2165	1932	1	1	46	46	0	8	48	0	0	Right	7.158	10369.1	10377.1	226.18 542.56,231.77 542.82
0	135	1932	1751	1	1	154	154	0	28	178	1	0	Straight	0.0	10377.1	10555.1	231.77 542.82,242.24 536.85
0	136	1751	2033	1	1	174	174	0	31	201	1	0	Right	7.158	10562.2	10763.2	242.24 536.85,241.0 533.69
0	137	2033	1751	1	1	174	174	0	31	201	0	0	U	57.264	10820.5	10851.5	241.0 533.69,242.24 536.85
0	138	1751	727	1	1	386	386	0	69	449	1	0	Right	7.158	10858.7	11307.7	242.24 536.85,252.96 531.29
0	139	727	728	1	1	44	44	0	8	48	0	0	Right	7.158	11314.8	11322.8	252.96 531.29,245.54 505.13
0	140	728	313	1	1	12	12	0	2	12	0	0	Straight	0.0	11322.8	11324.8	245.54 505.13,238.11 479.05
0	141	313	314	1	1	22	22	0	4	24	1	0	Straight	0.0	11324.8	11348.8	238.11 479.05,233.55 459.12
0	142	314	319	1	1	8	8	0	1	1	0	0	Straight	0.0	11348.8	11349.8	233.55 459.12,231.14 449.19
0	143	319	721	1	1	6	6	0	1	1	0	0	Straight	0.0	11349.8	11350.8	231.14 449.19,228.05 439.88
0	144	721	393	0	1	52	52	0	9	59	1	0	Straight	0.0	11350.8	11409.8	228.05 439.88,224.79 432.28
0	145	393	394	1	1	515	515	0	93	603	1	0	Straight	0.0	11409.8	12012.8	224.79 432.28,220.38 425.42
0	146	394	806	1	1	273	273	0	49	319	1	0	Straight	0.0	12012.8	12331.8	220.38 425.42,215.36 420.09
0	147	806	823	1	1	91	91	0	16	106	1	0	Straight	0.0	12331.8	12437.8	215.36 420.09,209.94 417.09
0	148	823	824	0	1	98	98	0	18	108	1	0	Right	7.158	12445.0	12553.0	209.94 417.09,210.02 421.84
0	149	824	833	0	1	45	45	0	8	48	1	0	Straight	0.0	12553.0	12601.0	210.02 421.84,211.34 427.82
0	150	833	467	0	0	0	0	0	32	0	0	0	Straight	0.0	12601.0	12633.0	211.34 427.82,213.08 434.75
0	151	467	468	0	0	0	0	0	30	0	0	0	U	57.264	12690.2	12720.2	213.08 434.75,207.26 428.77
0	152	468	1705	0	0	0	0	0	5	0	0	0	Straight	0.0	12720.2	12725.2	207.26 428.77,203.2 422.88
0	153	1705	832	0	0	0	0	0	2	0	0	0	Straight	0.0	12725.2	12727.2	203.2 422.88,201.93 417.43
0	154	832	831	0	1	12	12	0	2	12	1	0	Left	14.316	12741.6	12753.6	201.93 417.43,204.96 414.5
0	155	831	823	0	1	137	137	0	25	155	1	0	Left	14.316	12767.9	12922.9	204.96 414.5,209.94 417.09
0	156	823	806	1	1	91	91	0	16	106	0	0	Straight	0.0	12922.9	12938.9	209.94 417.09,215.36 420.09
0	157	806	394	1	1	273	273	0	49	319	0	0	Straight	0.0	12938.9	12987.9	215.36 420.09,220.38 425.42
0	158	394	393	1	1	515	515	0	93	603	0	0	Straight	0.0	12987.9	13080.9	220.38 425.42,224.79 432.28
0	159	393	720	1	1	41	41	0	7	47	1	0	Straight	0.0	13080.9	13127.9	224.79 432.28,226.96 435.29
0	160	720	721	1	1	22	22	0	4	24	1	0	Straight	0.0	13127.9	13151.9	226.96 435.29,228.05 439.88
0	161	721	319	1	1	6	6	0	1	1	1	0	Straight	0.0	13151.9	13152.9	228.05 439.88,231.14 449.19
0	162	319	314	1	1	8	8	0	1	1	1	0	Straight	0.0	13152.9	13153.9	231.14 449.19,233.55 459.12
0	163	314	313	1	1	22	22	0	4	24	0	0	Straight	0.0	13153.9	13157.9	233.55 459.12,238.11 479.05
0	164	313	728	1	1	12	12	0	2	12	1	0	Straight	0.0	13157.9	13169.9	238.11 479.05,245.54 505.13
0	165	728	727	1	1	44	44	0	8	48	1	0	Straight	0.0	13169.9	13217.9	245.54 505.13,252.96 531.29
0	166	727	726	1	1	505	505	0	91	591	1	0	Straight	0.0	13217.9	13808.9	252.96 531.29,265.15 555.33
0	167	726	1583	1	1	311	311	0	56	366	0	0	Straight	0.0	13808.9	13864.9	265.15 555.33,268.15 574.69
0	168	1583	730	1	1	100	100	0	18	118	0	0	Straight	0.0	13864.9	13882.9	268.15 574.69,267.4 594.33
0	169	730	734	1	1	134	134	0	24	154	0	0	Straight	0.0	13882.9	13906.9	267.4 594.33,264.84 611.39
0	170	734	735	1	1	92	92	0	17	107	1	0	Straight	0.0	13906.9	14013.9	264.84 611.39,258.92 624.4
0	171	735	1954	1	1	69	69	0	12	72	1	0	Straight	0.0	14013.9	14085.9	258.92 624.4,255.65 627.91
0	172	1954	735	1	1	69	69	0	12	72	0	0	U	57.264	14143.1	14155.1	255.65 627.91,258.92 624.4
0	173	735	734	1	1	92	92	0	17	107	0	0	Straight	0.0	14155.1	14172.1	258.92 624.4,264.84 611.39
0	174	734	742	1	1	59	59	0	11	61	1	0	Left	14.316	14186.5	14247.5	264.84 611.39,268.77 621.0
0	175	742	743	1	1	48	48	0	9	49	1	0	Left	14.316	14261.8	14310.8	268.77 621.0,266.14 624.61
0	176	743	742	1	1	48	48	0	9	49	0	0	U	57.264	14368.0	14377.0	266.14 624.61,268.77 621.0
0	177	742	376	1	1	24	24	0	4	24	1	0	Left	14.316	14391.4	14415.4	268.77 621.0,273.81 629.39
0	178	376	369	1	1	154	154	0	28	178	0	0	Right	7.158	14422.5	14450.5	273.81 629.39,281.18 630.31
0	179	369	368	1	1	191	191	0	34	224	1	0	Straight	0.0	14450.5	14674.5	281.18 630.31,288.03 631.81
0	180	368	775	1	1	101	101	0	18	118	0	0	Right	7.158	14681.7	14699.7	288.03 631.81,291.43 629.3
0	181	775	1750	1	0	0	0	0	14	0	0	0	U	57.264	14756.9	14770.9	291.43 629.3,285.49 630.75
0	182	1750	369	1	1	155	155	0	28	178	1	0	Straight	0.0	14770.9	14948.9	285.49 630.75,281.18 630.31
0	183	369	376	1	1	154	154	0	28	178	1	0	Straight	0.0	14948.9	15126.9	281.18 630.31,273.81 629.39
0	184	376	744	1	1	40	40	0	7	47	1	0	Right	7.158	15134.1	15181.1	273.81 629.39,274.15 637.77
0	185	744	745	1	1	36	36	0	7	37	1	0	Left	14.316	15195.4	15232.4	274.15 637.77,270.46 641.66
0	186	745	744	1	1	36	36	0	7	37	0	0	U	57.264	15289.7	15296.7	270.46 641.66,274.15 637.77
0	187	744	1609	1	1	97	97	0	18	108	1	0	Left	14.316	15311.0	15419.0	274.15 637.77,279.11 643.05
0	188	1609	1931	1	1	112	112	0	20	130	1	0	Right	7.158	15426.1	15556.1	279.11 643.05,291.27 636.3
0	189	1931	2274	1	1	143	143	0	26	166	1	0	Straight	0.0	15556.1	15722.1	291.27 636.3,304.25 630.52
0	190	2274	764	1	1	139	139	0	25	155	0	0	Straight	0.0	15722.1	15747.1	304.25 630.52,317.54 625.9
0	191	764	1648	1	1	34	34	0	6	36	1	0	Straight	0.0	15747.1	15783.1	317.54 625.9,333.02 623.75
0	192	1648	700	1	0	0	0	0	46	0	0	0	Straight	0.0	15783.1	15829.1	333.02 623.75,358.52 634.19
0	193	700	220	1	0	0	0	0	121	0	0	0	Straight	0.0	15829.1	15950.1	358.52 634.19,385.63 644.2
0	194	220	518	1	0	0	0	0	101	0	0	0	Straight	0.0	15950.1	16051.1	385.63 644.2,416.59 654.35
0	195	518	142	1	0	0	0	0	24	0	0	0	Straight	0.0	16051.1	16075.1	416.59 654.35,448.42 660.27
0	196	142	141	1	0	0	0	0	2	0	0	0	Straight	0.0	16075.1	16077.1	448.42 660.27,466.72 670.5
0	197	141	485	0	0	0	0	0	36	0	0	0	Right	7.158	16084.3	16120.3	466.72 670.5,474.08 649.44
0	198	485	135	1	0	0	0	0	32	0	0	0	Straight	0.0	16120.3	16152.3	474.08 649.44,499.72 626.79
0	199	135	104	1	0	0	0	0	182	0	0	0	Straight	0.0	16152.3	16334.3	499.72 626.79,529.46 605.43
0	200	104	92	1	0	0	0	0	38	0	0	0	Left	14.316	16348.6	16386.6	529.46 605.43,547.19 620.72
0	201	92	1535	1	0	0	0	0	11	0	0	0	Straight	0.0	16386.6	16397.6	547.19 620.72,566.3 625.93
0	202	1535	1536	1	0	0	0	0	18	0	0	0	Straight	0.0	16397.6	16415.6	566.3 625.93,577.46 637.63
0	203	1536	2155	1	0	0	0	0	27	0	0	0	Straight	0.0	16415.6	16442.6	577.46 637.63,578.39 650.73
0	204	2155	307	1	0	0	0	0	34	0	0	0	Right	7.158	16449.8	16483.8	578.39 650.73,590.37 654.04
0	205	307	48	1	0	0	0	0	21	0	0	0	Straight	0.0	16483.8	16504.8	590.37 654.04,599.66 662.98
0	206	48	274	1	0	0	0	0	22	0	0	0	Straight	0.0	16504.8	16526.8	599.66 662.98,612.75 663.23
0	207	274	38	1	0	0	0	0	12	0	0	0	Straight	0.0	16526.8	16538.8	612.75 663.23,625.45 661.25
0	208	38	39	1	0	0	0	0	13	0	0	0	Straight	0.0	16538.8	16551.8	625.45 661.25,638.07 657.56
0	209	39	227	1	0	0	0	0	17	0	0	0	Straight	0.0	16551.8	16568.8	638.07 657.56,650.28 656.62
0	210	227	1888	1	0	0	0	0	36	0	0	0	Right	7.158	16575.9	16611.9	650.28 656.62,663.7 640.65
0	211	1888	2314	1	0	0	0	0	93	0	0	0	Straight	0.0	16611.9	16704.9	663.7 640.65,663.79 616.0
0	212	2314	1312	1	0	0	0	0	40	0	0	0	Straight	0.0	16704.9	16744.9	663.79 616.0,659.12 591.06
0	213	1312	1306	1	0	0	0	0	21	0	0	0	Straight	0.0	16744.9	16765.9	659.12 591.06,654.82 566.3
0	214	1306	1307	0	0	0	0	0	37	0	0	0	Left	14.316	16780.3	16817.3	654.82 566.3,667.43 553.85
0	215	1307	1732	0	0	0	0	0	18	0	0	0	Straight	0.0	16817.3	16835.3	667.43 553.85,676.83 553.64
0	216	1732	1508	0	0	0	0	0	24	0	0	0	Right	7.158	16842.4	16866.4	676.83 553.64,679.33 550.7
1	0	1508	1509	0	0	0	0	0	23	0	0	300		0.0	17166.4	17189.4	679.33 550.7,677.61 547.31
1	1	1509	1507	0	0	0	0	0	18	0	0	0	Straight	0.0	17189.4	17207.4	677.61 547.31,676.53 540.56
1	2	1507	1924	0	0	0	0	0	37	0	0	0	Right	7.158	17214.6	17251.6	676.53 540.56,657.71 548.81
1	3	1924	1925	0	0	0	0	0	153	0	0	0	Left	14.316	17265.9	17418.9	657.71 548.81,641.04 541.96
1	4	1925	1980	1	0	0	0	0	2	0	0	0	Right	7.158	17426.0	17428.0	641.04 541.96,635.72 561.93
1	5	1980	1560	1	0	0	0	0	53	0	0	0	Straight	0.0	17428.0	17481.0	635.72 561.93,629.37 580.45
1	6	1560	74	1	1	73	73	0	13	83	1	0	Straight	0.0	17481.0	17564.0	629.37 580.45,621.24 587.32
1	7	74	73	1	0	0	0	0	23	0	0	0	Straight	0.0	17564.0	17587.0	621.24 587.32,615.53 595.06
1	8	73	77	1	0	0	0	0	15	0	0	0	Straight	0.0	17587.0	17602.0	615.53 595.06,609.81 602.72
1	9	77	71	1	0	0	0	0	18	0	0	0	Straight	0.0	17602.0	17620.0	609.81 602.72,609.71 609.53
1	10	71	75	1	1	262	262	0	47	307	1	0	Left	14.316	17634.4	17941.4	609.71 609.53,602.44 616.55
1	11	75	1814	1	0	0	0	0	19	0	0	0	Straight	0.0	17941.4	17960.4	602.44 616.55,591.84 617.09
1	12	1814	383	1	1	200	200	0	36	236	1	0	Straight	0.0	17960.4	18196.4	591.84 617.09,579.74 620.0
1	13	383	1535	1	0	0	0	0	18	0	0	0	Straight	0.0	18196.4	18214.4	579.74 620.0,566.3 625.93
1	14	1535	92	1	0	0	0	0	11	0	0	0	Straight	0.0	18214.4	18225.4	566.3 625.93,547.19 620.72
1	15	92	104	1	0	0	0	0	38	0	0	0	Straight	0.0	18225.4	18263.4	547.19 620.72,529.46 605.43
1	16	104	135	1	0	0	0	0	182	0	0	0	Right	7.158	18270.5	18452.5	529.46 605.43,499.72 626.79
1	17	135	485	1	0	0	0	0	32	0	0	0	Straight	0.0	18452.5	18484.5	499.72 626.79,474.08 649.44
1	18	485	142	0	0	0	0	0	36	0	0	0	Straight	0.0	18484.5	18520.5	474.08 649.44,448.42 660.27
1	19	142	518	1	0	0	0	0	24	0	0	0	Straight	0.0	18520.5	18544.5	448.42 660.27,416.59 654.35
1	20	518	519	1	0	0	0	0	14	0	0	0	Right	7.158	18551.7	18565.7	416.59 654.35,414.59 665.81
1	21	519	169	1	1	103	103	0	19	119	1	0	Left	14.316	18580.0	18699.0	414.59 665.81,405.87 667.28
1	22	169	168	1	1	93	93	0	17	107	1	0	Straight	0.0	18699.0	18806.0	405.87 667.28,395.58 664.7
1	23	168	567	1	1	105	105	0	19	119	1	0	Straight	0.0	18806.0	18925.0	395.58 664.7,385.04 659.0
1	24	567	1581	1	1	307	307	0	55	355	1	0	Right	7.158	18932.2	19287.2	385.04 659.0,380.57 661.59
1	25	1581	1601	1	0	0	0	0	13	0	0	0	Left	14.316	19301.5	19314.5	380.57 661.59,369.24 649.57
1	26	1601	203	1	0	0	0	0	13	0	0	0	Straight	0.0	19314.5	19327.5	369.24 649.57,355.84 637.41
1	27	203	252	1	0	0	0	0	40	0	0	0	Straight	0.0	19327.5	19367.5	355.84 637.41,335.51 624.77
1	28	252	1952	1	1	54	54	0	10	60	0	0	U	57.264	19424.7	19434.7	335.51 624.77,338.75 626.2
1	29	1952	252	1	1	54	54	0	10	60	1	0	U	57.264	19492.0	19552.0	338.75 626.2,335.51 624.77
1	30	252	251	1	1	450	450	0	81	531	1	0	Straight	0.0	19552.0	20083.0	335.51 624.77,312.32 609.68
1	31	251	673	1	1	119	119	0	21	131	1	0	Straight	0.0	20083.0	20214.0	312.32 609.68,300.32 593.35
1	32	673	287	1	1	120	120	0	22	142	1	0	Straight	0.0	20214.0	20356.0	300.32 593.35,292.08 583.72
1	33	287	2228	1	1	332	332	0	60	390	1	0	Straight	0.0	20356.0	20746.0	292.08 583.72,286.0 575.71
1	34	2228	286	1	1	314	314	0	57	367	1	0	Right	7.158	20753.2	21120.2	286.0 575.71,285.34 578.38
1	35	286	287	1	1	122	122	0	22	142	1	0	Right	7.158	21127.3	21269.3	285.34 578.38,292.08 583.72
1	36	287	673	1	1	120	120	0	22	142	0	0	Straight	0.0	21269.3	21291.3	292.08 583.72,300.32 593.35
1	37	673	251	1	1	119	119	0	21	131	0	0	Straight	0.0	21291.3	21312.3	300.32 593.35,312.32 609.68
1	38	251	253	1	1	78	78	0	14	84	1	0	Straight	0.0	21312.3	21396.3	312.32 609.68,320.5 621.47
1	39	253	254	1	1	41	41	0	7	47	1	0	Straight	0.0	21396.3	21443.3	320.5 621.47,322.35 624.77
1	40	254	253	1	1	41	41	0	7	47	0	0	U	57.264	21500.6	21507.6	322.35 624.77,320.5 621.47
1	41	253	251	1	1	78	78	0	14	84	0	0	Straight	0.0	21507.6	21521.6	320.5 621.47,312.32 609.68
1	42	251	697	1	1	107	107	0	19	119	1	0	Straight	0.0	21521.6	21640.6	312.32 609.68,289.76 602.26
1	43	697	730	1	1	396	396	0	71	461	0	0	Straight	0.0	21640.6	21711.6	289.76 602.26,267.4 594.33
1	44	730	1583	1	1	100	100	0	18	118	1	0	Left	14.316	21725.9	21843.9	267.4 594.33,268.15 574.69
1	45	1583	714	1	1	79	79	0	14	84	1	0	Left	14.316	21858.2	21942.2	268.15 574.69,277.12 574.35
1	46	714	286	1	0	0	0	0	25	0	0	0	Straight	0.0	21942.2	21967.2	277.12 574.35,285.34 578.38
1	47	286	2228	1	1	314	314	0	57	367	0	0	Right	7.158	21974.4	22031.4	285.34 578.38,286.0 575.71
1	48	2228	1874	1	1	157	157	0	28	178	1	0	Right	7.158	22038.5	22216.5	286.0 575.71,278.77 569.1
1	49	1874	726	1	1	105	105	0	19	119	1	0	Straight	0.0	22216.5	22335.5	278.77 569.1,265.15 555.33
1	50	726	1583	1	1	311	311	0	56	366	1	0	U	57.264	22392.8	22758.8	265.15 555.33,268.15 574.69
1	51	1583	714	1	1	79	79	0	14	84	0	0	Right	7.158	22765.9	22779.9	268.15 574.69,277.12 574.35
1	52	714	1874	1	1	328	328	0	59	379	1	0	Right	7.158	22787.1	23166.1	277.12 574.35,278.77 569.1
1	53	1874	640	1	1	506	506	0	91	591	1	0	Left	14.316	23180.4	23771.4	278.77 569.1,290.77 580.46
1	54	640	603	1	1	366	366	0	66	426	1	0	Right	7.158	23778.6	24204.6	290.77 580.46,296.53 578.93
1	55	603	1950	1	1	67	67	0	12	72	0	0	Straight	0.0	24204.6	24216.6	296.53 578.93,300.69 575.98
1	56	1950	1951	1	1	110	110	0	20	130	1	0	Straight	0.0	24216.6	24346.6	300.69 575.98,301.7 572.4
1	57	1951	1950	1	1	110	110	0	20	130	0	0	U	57.264	24403.8	24423.8	301.7 572.4,300.69 575.98
1	58	1950	2217	1	1	188	188	0	34	214	1	0	Right	7.158	24431.0	24645.0	300.69 575.98,304.64 576.22
1	59	2217	1950	1	1	188	188	0	34	214	0	0	U	57.264	24702.3	24736.3	304.64 576.22,300.69 575.98
1	60	1950	603	1	1	67	67	0	12	72	1	0	Straight	0.0	24736.3	24808.3	300.69 575.98,296.53 578.93
1	61	603	602	1	1	167	167	0	30	190	0	0	Right	7.158	24815.4	24845.4	296.53 578.93,299.69 581.22
1	62	602	603	1	1	167	167	0	30	190	1	0	U	57.264	24902.7	25092.7	299.69 581.22,296.53 578.93
1	63	603	640	1	1	366	366	0	66	426	0	0	Right	7.158	25099.8	25165.8	296.53 578.93,290.77 580.46
1	64	640	673	1	1	390	390	0	70	460	1	0	Right	7.158	25173.0	25633.0	290.77 580.46,300.32 593.35
1	65	673	251	1	1	119	119	0	21	131	0	0	Straight	0.0	25633.0	25654.0	300.32 593.35,312.32 609.68
1	66	251	253	1	1	78	78	0	14	84	0	0	Straight	0.0	25654.0	25668.0	312.32 609.68,320.5 621.47
1	67	253	1776	1	1	99	99	0	18	108	1	0	Straight	0.0	25668.0	25776.0	320.5 621.47,328.22 632.96
1	68	1776	677	1	1	25	25	0	5	25	1	0	Straight	0.0	25776.0	25801.0	328.22 632.96,328.63 644.34
1	69	677	678	1	1	54	54	0	10	60	1	0	Straight	0.0	25801.0	25861.0	328.63 644.34,329.9 648.72
1	70	678	677	1	1	54	54	0	10	60	0	0	U	57.264	25918.3	25928.3	329.9 648.72,328.63 644.34
1	71	677	2246	1	1	58	58	0	11	61	0	0	Right	7.158	25935.4	25946.4	328.63 644.34,325.82 648.14
1	72	2246	677	1	1	58	58	0	11	61	1	0	U	57.264	26003.7	26064.7	325.82 648.14,328.63 644.34
1	73	677	670	1	1	36	36	0	6	36	0	0	Left	14.316	26079.0	26085.0	328.63 644.34,330.12 653.37
1	74	670	1953	1	1	11	11	0	2	12	0	0	Straight	0.0	26085.0	26087.0	330.12 653.37,332.97 657.58
1	75	1953	670	1	1	11	11	0	2	12	1	0	U	57.264	26144.3	26156.3	332.97 657.58,330.12 653.37
1	76	670	672	1	1	57	57	0	10	60	0	0	Right	7.158	26163.4	26173.4	330.12 653.37,327.59 657.82
1	77	672	670	1	1	57	57	0	10	60	1	0	U	57.264	26230.7	26290.7	327.59 657.82,330.12 653.37
1	78	670	671	1	1	28	28	0	5	25	1	0	U	57.264	26348.0	26373.0	330.12 653.37,331.09 659.34
1	79	671	670	1	1	28	28	0	5	25	0	0	U	57.264	26430.2	26435.2	331.09 659.34,330.12 653.37
1	80	670	677	1	1	36	36	0	6	36	1	0	Straight	0.0	26435.2	26471.2	330.12 653.37,328.63 644.34
1	81	677	1776	1	1	25	25	0	5	25	0	0	Straight	0.0	26471.2	26476.2	328.63 644.34,328.22 632.96
1	82	1776	2018	1	1	98	98	0	18	108	1	0	Left	14.316	26490.5	26598.5	328.22 632.96,338.31 634.81
1	83	2018	2355	1	1	80	80	0	14	94	1	0	Left	14.316	26612.8	26706.8	338.31 634.81,337.7 639.08
1	84	2355	2018	1	1	80	80	0	14	94	0	0	U	57.264	26764.1	26778.1	337.7 639.08,338.31 634.81
1	85	2018	701	1	1	60	60	0	11	71	1	0	Left	14.316	26792.4	26863.4	338.31 634.81,348.7 634.55
1	86	701	2418	1	1	80	80	0	14	94	1	0	Left	14.316	26877.7	26971.7	348.7 634.55,350.42 637.61
1	87	2418	701	1	1	80	80	0	14	94	0	0	U	57.264	27029.0	27043.0	350.42 637.61,348.7 634.55
1	88	701	700	1	1	255	255	0	46	296	1	0	Left	14.316	27057.3	27353.3	348.7 634.55,358.52 634.19
1	89	700	1648	1	0	0	0	0	46	0	0	0	U	57.264	27410.6	27456.6	358.52 634.19,333.02 623.75
1	90	1648	2021	1	0	0	0	0	60	0	0	0	Straight	0.0	27456.6	27516.6	333.02 623.75,313.31 610.93
1	91	2021	1744	1	0	0	0	0	63	0	0	0	Straight	0.0	27516.6	27579.6	313.31 610.93,294.91 594.45
1	92	1744	1684	1	0	0	0	0	27	0	0	0	U	57.264	27636.9	27663.9	294.91 594.45,315.74 597.1
1	93	1684	1685	1	0	0	0	0	27	0	0	0	Left	14.316	27678.2	27705.2	315.74 597.1,314.68 616.25
1	94	1685	489	1	1	553	553	0	100	650	1	0	U	57.264	27762.4	28412.4	314.68 616.25,316.79 614.24
1	95	489	848	1	1	27	27	0	5	25	1	0	Straight	0.0	28412.4	28437.4	316.79 614.24,320.71 607.25
1	96	848	847	1	1	114	114	0	21	131	1	0	Left	14.316	28451.7	28582.7	320.71 607.25,324.57 608.7
1	97	847	2406	1	1	106	106	0	19	119	0	0	Straight	0.0	28582.7	28601.7	324.57 608.7,327.61 610.58
1	98	2406	847	1	1	106	106	0	19	119	1	0	U	57.264	28659.0	28778.0	327.61 610.58,324.57 608.7
1	99	847	848	1	1	114	114	0	21	131	0	0	Straight	0.0	28778.0	28799.0	324.57 608.7,320.71 607.25
1	100	848	489	1	1	27	27	0	5	25	0	0	Right	7.158	28806.2	28811.2	320.71 607.25,316.79 614.24
1	101	489	490	1	0	0	0	0	19	0	0	0	Straight	0.0	28811.2	28830.2	316.79 614.24,309.27 630.07
1	102	490	494	1	1	73	73	0	13	83	1	0	Straight	0.0	28830.2	28913.2	309.27 630.07,300.37 642.62
1	103	494	495	1	1	15	15	0	3	13	0	0	Straight	0.0	28913.2	28916.2	300.37 642.62,294.45 654.28
1	104	495	2373	1	1	28	28	0	5	25	0	0	Straight	0.0	28916.2	28921.2	294.45 654.28,293.05 659.13
1	105	2373	495	1	1	28	28	0	5	25	1	0	U	57.264	28978.4	29003.4	293.05 659.13,294.45 654.28
1	106	495	1548	1	1	38	38	0	7	37	1	0	U	57.264	29060.7	29097.7	294.45 654.28,288.44 663.79
1	107	1548	466	1	1	41	41	0	7	47	1	0	Straight	0.0	29097.7	29144.7	288.44 663.79,283.3 671.47
1	108	466	2299	1	1	60	60	0	11	71	0	0	Straight	0.0	29144.7	29155.7	283.3 671.47,278.93 675.76
1	109	2299	466	1	1	60	60	0	11	71	1	0	U	57.264	29213.0	29284.0	278.93 675.76,283.3 671.47
1	110	466	465	1	1	29	29	0	5	25	0	0	U	57.264	29341.2	29346.2	283.3 671.47,282.2 676.17
1	111	465	466	1	1	29	29	0	5	25	1	0	U	57.264	29403.5	29428.5	282.2 676.17,283.3 671.47
1	112	466	1548	1	1	41	41	0	7	47	0	0	Straight	0.0	29428.5	29435.5	283.3 671.47,288.44 663.79
1	113	1548	1547	1	1	23	23	0	4	24	0	0	U	57.264	29492.8	29496.8	288.44 663.79,288.44 668.87
1	114	1547	1548	1	1	23	23	0	4	24	1	0	U	57.264	29554.0	29578.0	288.44 668.87,288.44 663.79
1	115	1548	1934	1	1	63	63	0	11	71	0	0	Right	7.158	29585.2	29596.2	288.44 663.79,284.58 667.06
1	116	1934	1548	1	1	63	63	0	11	71	1	0	U	57.264	29653.4	29724.4	284.58 667.06,288.44 663.79
1	117	1548	495	1	1	38	38	0	7	37	0	0	Straight	0.0	29724.4	29731.4	288.44 663.79,294.45 654.28
1	118	495	494	1	1	15	15	0	3	13	1	0	Straight	0.0	29731.4	29744.4	294.45 654.28,300.37 642.62
1	119	494	2001	1	1	43	43	0	8	48	1	0	U	57.264	29801.7	29849.7	300.37 642.62,293.35 646.01
1	120	2001	2351	1	1	41	41	0	7	47	1	0	Straight	0.0	29849.7	29896.7	293.35 646.01,291.1 650.71
1	121	2351	2001	1	1	41	41	0	7	47	0	0	U	57.264	29954.0	29961.0	291.1 650.71,293.35 646.01
1	122	2001	885	1	1	42	42	0	8	48	1	0	Right	7.158	29968.1	30016.1	293.35 646.01,287.08 644.54
1	123	885	1681	1	1	65	65	0	12	72	0	0	Straight	0.0	30016.1	30028.1	287.08 644.54,282.02 645.93
1	124	1681	885	1	1	65	65	0	12	72	1	0	U	57.264	30085.4	30157.4	282.02 645.93,287.08 644.54
1	125	885	1866	1	1	50	50	0	9	59	0	0	Right	7.158	30164.5	30173.5	287.08 644.54,286.42 640.93
1	126	1866	885	1	1	50	50	0	9	59	1	0	U	57.264	30230.8	30289.8	286.42 640.93,287.08 644.54
1	127	885	886	1	1	41	41	0	7	47	1	0	Left	14.316	30304.1	30351.1	287.08 644.54,283.65 643.0
1	128	886	885	1	1	41	41	0	7	47	0	0	U	57.264	30408.4	30415.4	283.65 643.0,287.08 644.54
1	129	885	2001	1	1	42	42	0	8	48	0	0	Straight	0.0	30415.4	30423.4	287.08 644.54,293.35 646.01
1	130	2001	494	1	1	43	43	0	8	48	0	0	Straight	0.0	30423.4	30431.4	293.35 646.01,300.37 642.62
1	131	494	490	1	1	73	73	0	13	83	0	0	Straight	0.0	30431.4	30444.4	300.37 642.62,309.27 630.07
1	132	490	489	1	0	0	0	0	19	0	0	0	Straight	0.0	30444.4	30463.4	309.27 630.07,316.79 614.24
1	133	489	1976	1	1	66	66	0	12	72	1	0	Straight	0.0	30463.4	30535.4	316.79 614.24,322.91 600.02
1	134	1976	444	1	1	76	76	0	14	84	1	0	Straight	0.0	30535.4	30619.4	322.91 600.02,329.22 584.09
1	135	444	443	1	0	0	0	0	19	0	0	0	Straight	0.0	30619.4	30638.4	329.22 584.09,341.81 562.43
1	136	443	1586	1	0	0	0	0	1	0	0	0	Straight	0.0	30638.4	30639.4	341.81 562.43,358.66 555.05
1	137	1586	442	1	0	0	0	0	5	0	0	0	Straight	0.0	30639.4	30644.4	358.66 555.05,368.86 539.84
1	138	442	451	1	0	0	0	0	9	0	0	0	Right	7.158	30651.6	30660.6	368.86 539.84,359.28 532.43
1	139	451	452	1	0	0	0	0	9	0	0	0	Straight	0.0	30660.6	30669.6	359.28 532.43,339.49 522.5
1	140	452	843	1	0	0	0	0	46	0	0	0	Straight	0.0	30669.6	30715.6	339.49 522.5,328.11 505.23
1	141	843	470	1	0	0	0	0	17	0	0	0	Straight	0.0	30715.6	30732.6	328.11 505.23,328.67 491.09
1	142	470	449	1	0	0	0	0	14	0	0	0	Straight	0.0	30732.6	30746.6	328.67 491.09,334.57 475.57
1	143	449	418	1	0	0	0	0	26	0	0	0	Straight	0.0	30746.6	30772.6	334.57 475.57,337.05 465.39
1	144	418	1555	1	0	0	0	0	14	0	0	0	Straight	0.0	30772.6	30786.6	337.05 465.39,339.13 457.48
1	145	1555	2265	1	0	0	0	0	4	0	0	0	Straight	0.0	30786.6	30790.6	339.13 457.48,343.13 451.04
1	146	2265	785	1	0	0	0	0	27	0	0	0	Straight	0.0	30790.6	30817.6	343.13 451.04,348.23 442.33
1	147	785	786	1	0	0	0	0	15	0	0	0	Straight	0.0	30817.6	30832.6	348.23 442.33,353.22 433.32
1	148	786	398	1	0	0	0	0	21	0	0	0	Straight	0.0	30832.6	30853.6	353.22 433.32,358.85 425.04
1	149	398	780	1	0	0	0	0	20	0	0	0	Straight	0.0	30853.6	30873.6	358.85 425.04,363.92 416.02
1	150	780	766	1	0	0	0	0	9	0	0	0	Straight	0.0	30873.6	30882.6	363.92 416.02,371.44 408.74
1	151	766	1821	1	0	0	0	0	42	0	0	0	Straight	0.0	30882.6	30924.6	371.44 408.74,378.5 398.75
1	152	1821	1820	1	0	0	0	0	41	0	0	0	Straight	0.0	30924.6	30965.6	378.5 398.75,383.95 386.98
1	153	1820	1752	1	0	0	0	0	37	0	0	0	Right	7.158	30972.7	31009.7	383.95 386.98,362.67 372.89
1	154	1752	420	1	0	0	0	0	13	0	0	0	Straight	0.0	31009.7	31022.7	362.67 372.89,341.77 358.89
1	155	420	419	0	0	0	0	0	12	0	0	0	Straight	0.0	31022.7	31034.7	341.77 358.89,333.65 347.61
1	156	419	2078	0	0	0	0	0	7	0	0	0	Straight	0.0	31034.7	31041.7	333.65 347.61,328.94 336.83
1	157	2078	421	1	0	0	0	0	9	0	0	0	Straight	0.0	31041.7	31050.7	328.94 336.83,325.83 324.38
1	158	421	422	1	0	0	0	0	17	0	0	0	Straight	0.0	31050.7	31067.7	325.83 324.38,321.42 311.95
1	159	422	813	1	0	0	0	0	17	0	0	0	Straight	0.0	31067.7	31084.7	321.42 311.95,317.36 300.25
1	160	813	814	1	0	0	0	0	17	0	0	0	Straight	0.0	31084.7	31101.7	317.36 300.25,313.25 289.16
1	161	814	440	1	0	0	0	0	14	0	0	0	Straight	0.0	31101.7	31115.7	313.25 289.16,309.84 279.06
1	162	440	441	1	0	0	0	0	61	0	0	0	Straight	0.0	31115.7	31176.7	309.84 279.06,304.77 272.14
1	163	441	808	1	0	0	0	0	21	0	0	0	Straight	0.0	31176.7	31197.7	304.77 272.14,302.64 266.15
1	164	808	807	1	1	336	336	0	60	390	1	0	Right	7.158	31204.9	31594.9	302.64 266.15,300.66 268.69
1	165	807	441	1	0	0	0	0	24	0	0	0	Right	7.158	31602.0	31626.0	300.66 268.69,304.77 272.14
1	166	441	440	1	0	0	0	0	61	0	0	0	Straight	0.0	31626.0	31687.0	304.77 272.14,309.84 279.06
1	167	440	1607	1	0	0	0	0	10	0	0	0	U	57.264	31744.3	31754.3	309.84 279.06,310.45 272.22
1	168	1607	1608	1	1	230	230	0	41	271	1	0	Straight	0.0	31754.3	32025.3	310.45 272.22,309.09 267.46
1	169	1608	1607	1	1	230	230	0	41	271	0	0	U	57.264	32082.6	32123.6	309.09 267.46,310.45 272.22
1	170	1607	440	1	0	0	0	0	10	0	0	0	Straight	0.0	32123.6	32133.6	310.45 272.22,309.84 279.06
1	171	440	814	1	0	0	0	0	14	0	0	0	Straight	0.0	32133.6	32147.6	309.84 279.06,313.25 289.16
1	172	814	813	1	0	0	0	0	17	0	0	0	Straight	0.0	32147.6	32164.6	313.25 289.16,317.36 300.25
1	173	813	422	1	0	0	0	0	17	0	0	0	Straight	0.0	32164.6	32181.6	317.36 300.25,321.42 311.95
1	174	422	1822	1	1	84	84	0	15	95	1	0	U	57.264	32238.8	32333.8	321.42 311.95,318.84 308.29
1	175	1822	422	1	1	84	84	0	15	95	0	0	U	57.264	32391.1	32406.1	318.84 308.29,321.42 311.95
1	176	422	421	1	0	0	0	0	17	0	0	0	Straight	0.0	32406.1	32423.1	321.42 311.95,325.83 324.38
1	177	421	2078	1	0	0	0	0	9	0	0	0	Straight	0.0	32423.1	32432.1	325.83 324.38,328.94 336.83
1	178	2078	810	0	0	0	0	0	6	0	0	0	Straight	0.0	32432.1	32438.1	328.94 336.83,326.68 343.37
1	179	810	1753	0	1	66	66	0	12	72	1	0	Straight	0.0	32438.1	32510.1	326.68 343.37,322.81 349.83
1	180	1753	820	1	0	0	0	0	16	0	0	0	Left	14.316	32524.4	32540.4	322.81 349.83,302.8 343.06
1	181	820	925	1	0	0	0	0	120	0	0	0	Straight	0.0	32540.4	32660.4	302.8 343.06,283.04 336.76
1	182	925	1687	1	0	0	0	0	19	0	0	0	Straight	0.0	32660.4	32679.4	283.04 336.76,263.28 331.0
1	183	1687	935	0	0	0	0	0	4	0	0	0	Straight	0.0	32679.4	32683.4	263.28 331.0,247.98 320.81
1	184	935	936	0	0	0	0	0	2	0	0	0	Right	7.158	32690.6	32692.6	247.98 320.81,239.87 327.11
1	185	936	591	0	0	0	0	0	4	0	0	0	Right	7.158	32699.7	32703.7	239.87 327.11,243.65 348.46
1	186	591	590	1	0	0	0	0	38	0	0	0	Straight	0.0	32703.7	32741.7	243.65 348.46,241.2 373.74
1	187	590	1624	0	0	0	0	0	4	0	0	0	Straight	0.0	32741.7	32745.7	241.2 373.74,240.21 385.11
1	188	1624	1625	0	0	0	0	0	7	0	0	0	Straight	0.0	32745.7	32752.7	240.21 385.11,238.33 396.48
1	189	1625	1965	1	0	0	0	0	29	0	0	0	Straight	0.0	32752.7	32781.7	238.33 396.48,235.22 422.08
1	190	1965	2313	1	0	0	0	0	155	0	0	0	U	57.264	32839.0	32994.0	235.22 422.08,258.18 400.59
1	191	2313	1553	1	0	0	0	0	55	0	0	0	Straight	0.0	32994.0	33049.0	258.18 400.59,285.87 384.49
1	192	1553	900	1	0	0	0	0	42	0	0	0	Straight	0.0	33049.0	33091.0	285.87 384.49,313.77 368.79
1	193	900	561	1	0	0	0	0	83	0	0	0	Straight	0.0	33091.0	33174.0	313.77 368.79,341.6 352.6
1	194	561	951	1	0	0	0	0	65	0	0	0	Straight	0.0	33174.0	33239.0	341.6 352.6,362.6 336.16
1	195	951	610	1	0	0	0	0	5	0	0	0	Straight	0.0	33239.0	33244.0	362.6 336.16,383.27 322.52
1	196	610	611	1	0	0	0	0	13	0	0	0	Straight	0.0	33244.0	33257.0	383.27 322.52,386.97 314.45
1	197	611	957	1	0	0	0	0	12	0	0	0	Straight	0.0	33257.0	33269.0	386.97 314.45,393.42 311.13
1	198	957	1528	1	0	0	0	0	9	0	0	0	Right	7.158	33276.1	33285.1	393.42 311.13,385.69 307.89
1	199	1528	1004	1	0	0	0	0	24	0	0	0	Straight	0.0	33285.1	33309.1	385.69 307.89,378.59 301.43
1	200	1004	2011	1	0	0	0	0	249	0	0	0	Straight	0.0	33309.1	33558.1	378.59 301.43,372.78 294.49
1	201	2011	923	1	0	0	0	0	100	0	0	0	Straight	0.0	33558.1	33658.1	372.78 294.49,367.72 288.77
1	202	923	922	1	0	0	0	0	20	0	0	0	Straight	0.0	33658.1	33678.1	367.72 288.77,363.4 284.32
1	203	922	2277	1	0	0	0	0	91	0	0	0	Straight	0.0	33678.1	33769.1	363.4 284.32,360.38 280.33
2	0	2277	2277	-1	-1	0	0	0	0	0	0	300		0.0	33769.1	34069.1	360.38 280.33,360.38 280.33
