Problem Type	Solution Method	Vehicle Capacity (Weight)	Vehicle Capacity(Volume)	Disposal Trips	Route Time	Route Time wo Turns	Computational Time(Sec)	Clustering Time(Sec)	VA(CCI)	VA(NHO)	VA(ATD)	VA(DMT)	VA(AOI)	VA(ROI)	Optimal
MCARPTIF-TP	GPM	10000	10000	2	31994.3	29500	402.218	3.526	1	0	2118.73	47408.5	0.0471134	0.0739122	0
Load No	Sequence No	Starting Node	Ending Node	Is Edge	Required	Weight	Volume	Travel Miles	Travel Time	Service Time	Served	Dumped	Turn Type	Turn Cost	Depart Time	Arrival Time	Shape
0	0	1083	2085	1	0	0	0	0	71	0	0	300		0.0	300.0	371.0	446.0 251.77,421.88 250.66
0	1	2085	690	1	0	0	0	0	15	0	0	0	Straight	0.0	371.0	386.0	421.88 250.66,411.19 240.76
0	2	690	691	1	0	0	0	0	47	0	0	0	Straight	0.0	386.0	433.0	411.19 240.76,407.97 225.86
0	3	691	692	0	0	0	0	0	1	0	0	0	Straight	0.0	433.0	434.0	407.97 225.86,403.97 215.09
0	4	692	1787	0	0	0	0	0	2	0	0	0	Straight	0.0	434.0	436.0	403.97 215.09,404.17 207.91
0	5	1787	1172	1	0	0	0	0	53	0	0	0	Straight	0.0	436.0	489.0	404.17 207.91,400.84 197.07
0	6	1172	1173	1	0	0	0	0	72	0	0	0	Straight	0.0	489.0	561.0	400.84 197.07,395.06 186.71
0	7	1173	1215	1	0	0	0	0	71	0	0	0	Straight	0.0	561.0	632.0	395.06 186.71,388.08 177.11
0	8	1215	1598	1	0	0	0	0	36	0	0	0	Straight	0.0	632.0	668.0	388.08 177.11,378.83 168.81
0	9	1598	1599	1	0	0	0	0	28	0	0	0	Straight	0.0	668.0	696.0	378.83 168.81,366.71 166.06
0	10	1599	1236	1	0	0	0	0	44	0	0	0	Straight	0.0	696.0	740.0	366.71 166.06,359.62 161.34
0	11	1236	1251	1	0	0	0	0	50	0	0	0	Straight	0.0	740.0	790.0	359.62 161.34,350.57 157.74
0	12	1251	1250	1	0	0	0	0	20	0	0	0	Left	11.389	801.389	821.389	350.57 157.74,349.5 151.45
0	13	1250	2014	1	0	0	0	0	10	0	0	0	Right	5.695	827.084	837.084	349.5 151.45,339.69 148.74
0	14	2014	1072	1	0	0	0	0	44	0	0	0	Straight	0.0	837.084	881.084	339.69 148.74,330.84 139.34
0	15	1072	1264	1	0	0	0	0	3	0	0	0	Straight	0.0	881.084	884.084	330.84 139.34,324.06 130.29
0	16	1264	1795	0	0	0	0	0	119	0	0	0	Left	11.389	895.473	1014.47	324.06 130.29,339.81 123.59
0	17	1795	1179	0	0	0	0	0	50	0	0	0	Left	11.389	1025.86	1075.86	339.81 123.59,355.83 131.7
0	18	1179	1114	1	0	0	0	0	278	0	0	0	Straight	0.0	1075.86	1353.86	355.83 131.7,375.59 140.22
0	19	1114	1115	0	1	38	38	0	7	37	1	0	Straight	0.0	1353.86	1390.86	375.59 140.22,384.48 144.31
0	20	1115	2037	1	1	34	34	0	6	36	1	0	Straight	0.0	1390.86	1426.86	384.48 144.31,392.86 148.51
0	21	2037	2038	1	0	0	0	0	14	0	0	0	Straight	0.0	1426.86	1440.86	392.86 148.51,411.82 157.33
0	22	2038	2115	1	0	0	0	0	150	0	0	0	Straight	0.0	1440.86	1590.86	411.82 157.33,430.34 166.85
0	23	2115	1474	1	0	0	0	0	8	0	0	0	Straight	0.0	1590.86	1598.86	430.34 166.85,448.58 177.01
0	24	1474	1281	1	0	0	0	0	14	0	0	0	Straight	0.0	1598.86	1612.86	448.58 177.01,459.08 180.12
0	25	1281	1282	1	0	0	0	0	5	0	0	0	Straight	0.0	1612.86	1617.86	459.08 180.12,469.71 183.75
0	26	1282	1749	1	0	0	0	0	7	0	0	0	Straight	0.0	1617.86	1624.86	469.71 183.75,480.39 187.54
0	27	1749	1750	0	0	0	0	0	54	0	0	0	Straight	0.0	1624.86	1678.86	480.39 187.54,491.13 191.93
0	28	1750	1037	0	0	0	0	0	59	0	0	0	Straight	0.0	1678.86	1737.86	491.13 191.93,502.2 196.52
0	29	1037	1038	0	0	0	0	0	9	0	0	0	Straight	0.0	1737.86	1746.86	502.2 196.52,513.72 201.34
0	30	1038	1644	0	0	0	0	0	10	0	0	0	Straight	0.0	1746.86	1756.86	513.72 201.34,525.2 207.27
0	31	1644	1814	0	0	0	0	0	65	0	0	0	Straight	0.0	1756.86	1821.86	525.2 207.27,536.25 214.03
0	32	1814	1213	0	0	0	0	0	136	0	0	0	Straight	0.0	1821.86	1957.86	536.25 214.03,544.93 223.2
0	33	1213	1202	0	0	0	0	0	3	0	0	0	Straight	0.0	1957.86	1960.86	544.93 223.2,554.25 230.14
0	34	1202	1203	0	0	0	0	0	4	0	0	0	Straight	0.0	1960.86	1964.86	554.25 230.14,563.86 235.89
0	35	1203	1381	0	0	0	0	0	5	0	0	0	Straight	0.0	1964.86	1969.86	563.86 235.89,573.89 239.0
0	36	1381	1595	0	0	0	0	0	135	0	0	0	Right	5.695	1975.56	2110.56	573.89 239.0,582.04 229.7
0	37	1595	2247	0	0	0	0	0	498	0	0	0	Straight	0.0	2110.56	2608.56	582.04 229.7,589.49 220.88
0	38	2247	2211	0	0	0	0	0	124	0	0	0	Straight	0.0	2608.56	2732.56	589.49 220.88,596.65 212.78
0	39	2211	2207	0	0	0	0	0	10	0	0	0	Straight	0.0	2732.56	2742.56	596.65 212.78,599.27 201.74
0	40	2207	2206	1	0	0	0	0	1	0	0	0	Straight	0.0	2742.56	2743.56	599.27 201.74,599.1 181.01
0	41	2206	2205	1	0	0	0	0	1	0	0	0	Straight	0.0	2743.56	2744.56	599.1 181.01,599.53 160.55
0	42	2205	2230	0	0	0	0	0	17	0	0	0	Straight	0.0	2744.56	2761.56	599.53 160.55,598.33 146.72
0	43	2230	2209	0	1	177	177	0	32	202	1	0	Straight	0.0	2761.56	2963.56	598.33 146.72,596.8 134.99
0	44	2209	2238	1	1	17	17	0	3	13	0	0	Straight	0.0	2963.56	2966.56	596.8 134.99,594.74 122.5
0	45	2238	2237	1	1	344	344	0	62	402	0	0	Straight	0.0	2966.56	3028.56	594.74 122.5,595.55 112.78
0	46	2237	2233	1	1	101	101	0	18	118	1	0	Right	5.695	3034.25	3152.25	595.55 112.78,590.2 111.81
0	47	2233	2234	1	1	331	331	0	60	390	1	0	Straight	0.0	3152.25	3542.25	590.2 111.81,585.65 109.23
0	48	2234	2233	1	1	331	331	0	60	390	0	0	U	45.557	3587.81	3647.81	585.65 109.23,590.2 111.81
0	49	2233	2236	1	1	81	81	0	15	95	1	0	Straight	0.0	3647.81	3742.81	590.2 111.81,591.5 115.75
0	50	2236	2248	1	1	342	342	0	62	402	0	0	U	45.557	3788.37	3850.37	591.5 115.75,590.69 109.52
0	51	2248	2236	1	1	342	342	0	62	402	1	0	U	45.557	3895.92	4297.92	590.69 109.52,591.5 115.75
0	52	2236	2238	1	1	359	359	0	65	415	1	0	Straight	0.0	4297.92	4712.92	591.5 115.75,594.74 122.5
0	53	2238	2209	1	1	17	17	0	3	13	1	0	Straight	0.0	4712.92	4725.92	594.74 122.5,596.8 134.99
0	54	2209	2210	0	1	110	110	0	20	130	1	0	Straight	0.0	4725.92	4855.92	596.8 134.99,600.29 140.11
0	55	2210	2244	0	0	0	0	0	8	0	0	0	Right	5.695	4861.62	4869.62	600.29 140.11,604.83 134.47
0	56	2244	2229	0	0	0	0	0	16	0	0	0	Straight	0.0	4869.62	4885.62	604.83 134.47,606.92 128.82
0	57	2229	2201	0	0	0	0	0	4	0	0	0	Straight	0.0	4885.62	4889.62	606.92 128.82,605.59 124.47
0	58	2201	2202	0	1	31	31	0	11	71	1	0	Straight	0.0	4889.62	4960.62	605.59 124.47,606.78 115.53
0	59	2202	2214	0	0	0	0	0	11	0	0	0	Straight	0.0	4960.62	4971.62	606.78 115.53,605.7 107.78
0	60	2214	2215	1	0	0	0	0	92	0	0	0	Straight	0.0	4971.62	5063.62	605.7 107.78,604.97 97.775
0	61	2215	2224	1	0	0	0	0	192	0	0	0	Straight	0.0	5063.62	5255.62	604.97 97.775,608.12 86.441
0	62	2224	2225	1	0	0	0	0	122	0	0	0	Straight	0.0	5255.62	5377.62	608.12 86.441,610.99 75.995
0	63	2225	2223	1	1	121	121	0	22	142	1	0	Straight	0.0	5377.62	5519.62	610.99 75.995,613.37 66.49
0	64	2223	2222	1	1	84	84	0	15	95	1	0	Straight	0.0	5519.62	5614.62	613.37 66.49,616.81 58.189
0	65	2222	2235	1	1	81	81	0	15	95	1	0	Straight	0.0	5614.62	5709.62	616.81 58.189,619.45 49.622
0	66	2235	2246	1	1	93	93	0	17	107	1	0	Straight	0.0	5709.62	5816.62	619.45 49.622,623.54 40.431
0	67	2246	2221	1	1	85	85	0	15	95	1	0	Straight	0.0	5816.62	5911.62	623.54 40.431,627.61 35.162
0	68	2221	2219	1	1	87	87	0	16	96	1	0	Straight	0.0	5911.62	6007.62	627.61 35.162,630.66 30.075
0	69	2219	2220	1	1	256	256	0	46	296	1	0	Right	5.695	6013.31	6309.31	630.66 30.075,628.19 27.537
0	70	2220	2242	1	1	86	86	0	15	95	1	0	Right	5.695	6315.01	6410.01	628.19 27.537,625.41 33.256
0	71	2242	2221	1	1	250	250	0	45	295	1	0	Right	5.695	6415.7	6710.7	625.41 33.256,627.61 35.162
0	72	2221	2219	1	1	87	87	0	16	96	0	0	Right	5.695	6716.4	6732.4	627.61 35.162,630.66 30.075
0	73	2219	2218	1	1	72	72	0	13	83	1	0	Straight	0.0	6732.4	6815.4	630.66 30.075,633.31 26.06
0	74	2218	2239	1	1	263	263	0	47	307	1	0	Right	5.695	6821.09	7128.09	633.31 26.06,631.22 22.81
0	75	2239	2245	1	1	20	20	0	4	24	1	0	Left	11.389	7139.48	7163.48	631.22 22.81,633.26 18.0
0	76	2245	2239	1	1	20	20	0	4	24	0	0	U	45.557	7209.04	7213.04	633.26 18.0,631.22 22.81
0	77	2239	2220	1	1	87	87	0	16	96	1	0	Straight	0.0	7213.04	7309.04	631.22 22.81,628.19 27.537
0	78	2220	2242	1	1	86	86	0	15	95	0	0	Straight	0.0	7309.04	7324.04	628.19 27.537,625.41 33.256
0	79	2242	2246	1	1	322	322	0	58	378	1	0	Straight	0.0	7324.04	7702.04	625.41 33.256,623.54 40.431
0	80	2246	2235	1	1	93	93	0	17	107	0	0	Straight	0.0	7702.04	7719.04	623.54 40.431,619.45 49.622
0	81	2235	2226	1	1	160	160	0	29	189	1	0	Straight	0.0	7719.04	7908.04	619.45 49.622,615.52 55.13
0	82	2226	2227	1	1	93	93	0	17	107	1	0	Straight	0.0	7908.04	8015.04	615.52 55.13,611.56 58.186
0	83	2227	2250	1	1	334	334	0	60	390	1	0	Straight	0.0	8015.04	8405.04	611.56 58.186,608.17 59.609
0	84	2250	2228	1	1	379	379	0	68	438	1	0	Right	5.695	8410.73	8848.73	608.17 59.609,610.63 62.575
0	85	2228	2223	1	1	301	301	0	54	354	1	0	Straight	0.0	8848.73	9202.73	610.63 62.575,613.37 66.49
0	86	2223	2222	1	1	84	84	0	15	95	0	0	Right	5.695	9208.43	9223.43	613.37 66.49,616.81 58.189
0	87	2222	2226	1	1	239	239	0	43	273	1	0	Right	5.695	9229.12	9502.12	616.81 58.189,615.52 55.13
0	88	2226	2227	1	1	93	93	0	17	107	0	0	Right	5.695	9507.82	9524.82	615.52 55.13,611.56 58.186
0	89	2227	2228	1	1	122	122	0	22	142	1	0	Straight	0.0	9524.82	9666.82	611.56 58.186,610.63 62.575
0	90	2228	2223	1	1	301	301	0	54	354	0	0	Right	5.695	9672.51	9726.51	610.63 62.575,613.37 66.49
0	91	2223	2225	1	1	121	121	0	22	142	0	0	Left	11.389	9737.9	9759.9	613.37 66.49,610.99 75.995
0	92	2225	2224	1	0	0	0	0	122	0	0	0	Straight	0.0	9759.9	9881.9	610.99 75.995,608.12 86.441
0	93	2224	2215	1	0	0	0	0	192	0	0	0	Straight	0.0	9881.9	10073.9	608.12 86.441,604.97 97.775
0	94	2215	2216	1	1	189	189	0	34	214	1	0	Straight	0.0	10073.9	10287.9	604.97 97.775,599.04 104.19
0	95	2216	2217	1	1	242	242	0	44	284	1	0	U	45.557	10333.5	10617.5	599.04 104.19,598.96 98.653
0	96	2217	2216	1	1	242	242	0	44	284	0	0	U	45.557	10663.0	10707.0	598.96 98.653,599.04 104.19
0	97	2216	2237	1	1	161	161	0	29	189	1	0	Straight	0.0	10707.0	10896.0	599.04 104.19,595.55 112.78
0	98	2237	2238	1	1	344	344	0	62	402	1	0	Straight	0.0	10896.0	11298.0	595.55 112.78,594.74 122.5
0	99	2238	2209	1	1	17	17	0	3	13	0	0	Straight	0.0	11298.0	11301.0	594.74 122.5,596.8 134.99
0	100	2209	2210	0	1	110	110	0	20	130	0	0	Straight	0.0	11301.0	11321.0	596.8 134.99,600.29 140.11
0	101	2210	2204	0	1	5	5	0	1	1	1	0	Straight	0.0	11321.0	11322.0	600.29 140.11,600.92 146.09
0	102	2204	2205	0	0	0	0	0	38	0	0	0	Straight	0.0	11322.0	11360.0	600.92 146.09,599.53 160.55
0	103	2205	2206	1	0	0	0	0	1	0	0	0	Straight	0.0	11360.0	11361.0	599.53 160.55,599.1 181.01
0	104	2206	2207	1	0	0	0	0	1	0	0	0	Straight	0.0	11361.0	11362.0	599.1 181.01,599.27 201.74
0	105	2207	2208	1	0	0	0	0	7	0	0	0	Straight	0.0	11362.0	11369.0	599.27 201.74,601.62 219.5
0	106	2208	2231	1	0	0	0	0	27	0	0	0	Straight	0.0	11369.0	11396.0	601.62 219.5,606.04 238.76
0	107	2231	2232	1	0	0	0	0	8	0	0	0	Straight	0.0	11396.0	11404.0	606.04 238.76,610.66 258.17
0	108	2232	2213	1	0	0	0	0	28	0	0	0	Straight	0.0	11404.0	11432.0	610.66 258.17,615.03 277.54
0	109	2213	2212	1	0	0	0	0	8	0	0	0	Straight	0.0	11432.0	11440.0	615.03 277.54,619.72 296.7
0	110	2212	2243	1	0	0	0	0	4	0	0	0	Straight	0.0	11440.0	11444.0	619.72 296.7,624.39 315.71
0	111	2243	1937	1	0	0	0	0	66	0	0	0	Straight	0.0	11444.0	11510.0	624.39 315.71,637.22 339.85
0	112	1937	1371	1	0	0	0	0	11	0	0	0	Straight	0.0	11510.0	11521.0	637.22 339.85,642.46 358.98
0	113	1371	1455	1	0	0	0	0	12	0	0	0	Right	5.695	11526.7	11538.7	642.46 358.98,650.15 354.07
0	114	1455	1937	0	1	103	103	0	18	118	1	0	Right	5.695	11544.4	11662.4	650.15 354.07,637.22 339.85
0	115	1937	1371	1	0	0	0	0	11	0	0	0	U	45.557	11708.0	11719.0	637.22 339.85,642.46 358.98
0	116	1371	1455	1	0	0	0	0	12	0	0	0	Right	5.695	11724.7	11736.7	642.46 358.98,650.15 354.07
0	117	1455	220	1	0	0	0	0	1	0	0	0	Left	11.389	11748.0	11749.0	650.15 354.07,666.23 365.44
0	118	220	221	1	0	0	0	0	36	0	0	0	Straight	0.0	11749.0	11785.0	666.23 365.44,691.86 368.82
0	119	221	225	0	0	0	0	0	13	0	0	0	Straight	0.0	11785.0	11798.0	691.86 368.82,709.78 374.89
0	120	225	663	0	0	0	0	0	22	0	0	0	Straight	0.0	11798.0	11820.0	709.78 374.89,726.42 380.25
0	121	663	233	1	0	0	0	0	22	0	0	0	Straight	0.0	11820.0	11842.0	726.42 380.25,745.05 387.47
0	122	233	234	1	0	0	0	0	26	0	0	0	Straight	0.0	11842.0	11868.0	745.05 387.47,756.88 391.1
0	123	234	242	1	0	0	0	0	15	0	0	0	Straight	0.0	11868.0	11883.0	756.88 391.1,769.36 388.73
0	124	242	243	1	0	0	0	0	5	0	0	0	Straight	0.0	11883.0	11888.0	769.36 388.73,774.9 389.45
0	125	243	253	1	1	71	71	0	13	83	1	0	Straight	0.0	11888.0	11971.0	774.9 389.45,781.66 387.53
0	126	253	278	1	0	0	0	0	19	0	0	0	Straight	0.0	11971.0	11990.0	781.66 387.53,794.82 385.37
0	127	278	770	1	0	0	0	0	66	0	0	0	Straight	0.0	11990.0	12056.0	794.82 385.37,806.27 380.77
0	128	770	771	1	1	73	73	0	13	83	1	0	Right	5.695	12061.7	12144.7	806.27 380.77,802.44 372.67
0	129	771	759	1	1	91	91	0	16	106	1	0	U	45.557	12190.3	12296.3	802.44 372.67,807.47 375.15
0	130	759	1375	1	1	80	80	0	14	94	1	0	Straight	0.0	12296.3	12390.3	807.47 375.15,812.58 374.88
0	131	1375	759	1	1	80	80	0	14	94	0	0	U	45.557	12435.9	12449.9	812.58 374.88,807.47 375.15
0	132	759	760	1	1	47	47	0	8	48	1	0	Right	5.695	12455.6	12503.6	807.47 375.15,810.89 378.71
0	133	760	759	1	1	47	47	0	8	48	0	0	U	45.557	12549.1	12557.1	810.89 378.71,807.47 375.15
0	134	759	771	1	1	91	91	0	16	106	0	0	Straight	0.0	12557.1	12573.1	807.47 375.15,802.44 372.67
0	135	771	331	1	1	59	59	0	11	61	1	0	Straight	0.0	12573.1	12634.1	802.44 372.67,796.77 364.19
0	136	331	800	1	1	81	81	0	15	95	1	0	Left	11.389	12645.5	12740.5	796.77 364.19,800.31 356.7
0	137	800	355	1	1	89	89	0	16	96	0	0	Left	11.389	12751.9	12767.9	800.31 356.7,809.9 355.73
0	138	355	800	1	1	89	89	0	16	96	1	0	U	45.557	12813.4	12909.4	809.9 355.73,800.31 356.7
0	139	800	799	1	1	192	192	0	35	225	1	0	Left	11.389	12920.8	13145.8	800.31 356.7,794.67 350.75
0	140	799	1925	1	0	0	0	0	14	0	0	0	Straight	0.0	13145.8	13159.8	794.67 350.75,782.21 348.14
0	141	1925	827	1	1	80	80	0	14	94	1	0	Left	11.389	13171.2	13265.2	782.21 348.14,788.59 343.66
0	142	827	1846	1	1	88	88	0	16	96	1	0	Straight	0.0	13265.2	13361.2	788.59 343.66,791.54 339.38
0	143	1846	827	1	1	88	88	0	16	96	0	0	U	45.557	13406.8	13422.8	791.54 339.38,788.59 343.66
0	144	827	828	1	1	87	87	0	16	96	1	0	U	45.557	13468.3	13564.3	788.59 343.66,793.73 342.51
0	145	828	827	1	1	87	87	0	16	96	0	0	U	45.557	13609.9	13625.9	793.73 342.51,788.59 343.66
0	146	827	1925	1	1	80	80	0	14	94	0	0	Straight	0.0	13625.9	13639.9	788.59 343.66,782.21 348.14
0	147	1925	1377	1	0	0	0	0	10	0	0	0	Straight	0.0	13639.9	13649.9	782.21 348.14,767.31 348.42
0	148	1377	1479	1	0	0	0	0	5	0	0	0	Straight	0.0	13649.9	13654.9	767.31 348.42,751.34 346.95
0	149	1479	1900	1	1	22	22	0	4	24	1	0	Right	5.695	13660.6	13684.6	751.34 346.95,748.78 353.75
0	150	1900	1783	1	0	0	0	0	20	0	0	0	Left	11.389	13696.0	13716.0	748.78 353.75,736.36 356.16
0	151	1783	1869	1	1	23	23	0	4	24	1	0	Left	11.389	13727.4	13751.4	736.36 356.16,731.7 352.21
0	152	1869	1677	1	0	0	0	0	2	0	0	0	Left	11.389	13762.8	13764.8	731.7 352.21,735.67 342.36
0	153	1677	861	1	0	0	0	0	61	0	0	0	Right	5.695	13770.4	13831.4	735.67 342.36,722.5 331.32
0	154	861	418	1	0	0	0	0	14	0	0	0	Left	11.389	13842.8	13856.8	722.5 331.32,729.89 330.43
0	155	418	419	1	0	0	0	0	14	0	0	0	Straight	0.0	13856.8	13870.8	729.89 330.43,733.85 325.79
0	156	419	1806	1	1	83	83	0	15	95	1	0	Right	5.695	13876.5	13971.5	733.85 325.79,733.23 320.53
0	157	1806	2152	1	0	0	0	0	15	0	0	0	Straight	0.0	13971.5	13986.5	733.23 320.53,729.65 315.72
0	158	2152	475	1	0	0	0	0	15	0	0	0	Straight	0.0	13986.5	14001.5	729.65 315.72,723.5 311.86
0	159	475	482	1	0	0	0	0	15	0	0	0	Straight	0.0	14001.5	14016.5	723.5 311.86,719.11 305.86
0	160	482	508	1	0	0	0	0	15	0	0	0	Straight	0.0	14016.5	14031.5	719.11 305.86,713.24 299.77
0	161	508	515	1	0	0	0	0	15	0	0	0	Straight	0.0	14031.5	14046.5	713.24 299.77,704.65 294.36
0	162	515	510	1	0	0	0	0	14	0	0	0	Straight	0.0	14046.5	14060.5	704.65 294.36,690.0 296.32
0	163	510	985	1	0	0	0	0	55	0	0	0	Straight	0.0	14060.5	14115.5	690.0 296.32,673.94 288.26
0	164	985	995	1	0	0	0	0	16	0	0	0	Straight	0.0	14115.5	14131.5	673.94 288.26,664.98 279.28
0	165	995	2134	1	1	62	62	0	11	71	1	0	Right	5.695	14137.2	14208.2	664.98 279.28,661.99 280.87
0	166	2134	995	1	1	62	62	0	11	71	0	0	U	45.557	14253.8	14264.8	661.99 280.87,664.98 279.28
0	167	995	1393	1	0	0	0	0	27	0	0	0	Right	5.695	14270.5	14297.5	664.98 279.28,656.58 269.83
0	168	1393	617	1	0	0	0	0	24	0	0	0	Right	5.695	14303.2	14327.2	656.58 269.83,644.46 275.32
0	169	617	1046	1	0	0	0	0	25	0	0	0	Straight	0.0	14327.2	14352.2	644.46 275.32,622.63 269.3
0	170	1046	693	0	0	0	0	0	34	0	0	0	Right	5.695	14357.9	14391.9	622.63 269.3,605.14 281.85
0	171	693	694	0	0	0	0	0	69	0	0	0	Straight	0.0	14391.9	14460.9	605.14 281.85,568.38 300.6
0	172	694	1089	0	0	0	0	0	5	0	0	0	Straight	0.0	14460.9	14465.9	568.38 300.6,537.71 299.31
0	173	1089	1096	0	0	0	0	0	9	0	0	0	Straight	0.0	14465.9	14474.9	537.71 299.31,521.48 285.32
0	174	1096	1097	0	0	0	0	0	6	0	0	0	Straight	0.0	14474.9	14480.9	521.48 285.32,506.66 275.68
0	175	1097	711	1	0	0	0	0	9	0	0	0	Straight	0.0	14480.9	14489.9	506.66 275.68,489.8 266.86
0	176	711	1084	0	0	0	0	0	7	0	0	0	Straight	0.0	14489.9	14496.9	489.8 266.86,472.41 259.17
0	177	1084	1083	1	0	0	0	0	544	0	0	0	Straight	0.0	14496.9	15040.9	472.41 259.17,446.0 251.77
1	0	1083	2085	1	0	0	0	0	71	0	0	300		0.0	15340.9	15411.9	446.0 251.77,421.88 250.66
1	1	2085	1825	0	0	0	0	0	21	0	0	0	Straight	0.0	15411.9	15432.9	421.88 250.66,401.59 256.48
1	2	1825	615	1	0	0	0	0	27	0	0	0	Straight	0.0	15432.9	15459.9	401.59 256.48,379.09 271.73
1	3	615	616	1	0	0	0	0	3	0	0	0	Straight	0.0	15459.9	15462.9	379.09 271.73,363.03 281.58
1	4	616	607	1	0	0	0	0	22	0	0	0	Straight	0.0	15462.9	15484.9	363.03 281.58,341.47 281.28
1	5	607	593	1	0	0	0	0	30	0	0	0	Straight	0.0	15484.9	15514.9	341.47 281.28,320.19 279.47
1	6	593	594	1	0	0	0	0	34	0	0	0	Straight	0.0	15514.9	15548.9	320.19 279.47,307.38 288.17
1	7	594	564	1	0	0	0	0	26	0	0	0	Straight	0.0	15548.9	15574.9	307.38 288.17,297.85 297.27
1	8	564	556	1	0	0	0	0	27	0	0	0	Straight	0.0	15574.9	15601.9	297.85 297.27,289.6 308.42
1	9	556	2097	1	1	139	139	0	25	155	1	0	Straight	0.0	15601.9	15756.9	289.6 308.42,279.58 320.46
1	10	2097	969	1	0	0	0	0	24	0	0	0	Straight	0.0	15756.9	15780.9	279.58 320.46,267.88 330.78
1	11	969	507	1	0	0	0	0	85	0	0	0	Right	5.695	15786.6	15871.6	267.88 330.78,275.17 339.79
1	12	507	459	1	0	0	0	0	23	0	0	0	Straight	0.0	15871.6	15894.6	275.17 339.79,290.76 342.77
1	13	459	1678	1	0	0	0	0	11	0	0	0	Straight	0.0	15894.6	15905.6	290.76 342.77,302.47 357.35
1	14	1678	413	1	0	0	0	0	18	0	0	0	Left	11.389	15917.0	15935.0	302.47 357.35,289.67 363.76
1	15	413	396	1	0	0	0	0	28	0	0	0	Straight	0.0	15935.0	15963.0	289.67 363.76,284.82 374.87
1	16	396	395	1	0	0	0	0	28	0	0	0	Straight	0.0	15963.0	15991.0	284.82 374.87,280.37 386.23
1	17	395	352	1	0	0	0	0	33	0	0	0	Straight	0.0	15991.0	16024.0	280.37 386.23,275.86 397.77
1	18	352	348	1	0	0	0	0	2	0	0	0	Straight	0.0	16024.0	16026.0	275.86 397.77,278.31 408.08
1	19	348	408	0	0	0	0	0	107	0	0	0	Left	11.389	16037.3	16144.3	278.31 408.08,259.57 409.9
1	20	408	412	0	0	0	0	0	3	0	0	0	Straight	0.0	16144.3	16147.3	259.57 409.9,244.88 405.62
1	21	412	893	0	1	12	12	0	2	12	1	0	Left	11.389	16158.7	16170.7	244.88 405.62,241.32 390.94
1	22	893	424	0	0	0	0	0	2	0	0	0	Left	11.389	16182.1	16184.1	241.32 390.94,257.75 396.33
1	23	424	408	0	0	0	0	0	2	0	0	0	Left	11.389	16195.5	16197.5	257.75 396.33,259.57 409.9
1	24	408	1526	0	0	0	0	0	71	0	0	0	Straight	0.0	16197.5	16268.5	259.57 409.9,253.73 426.6
1	25	1526	312	0	0	0	0	0	67	0	0	0	Straight	0.0	16268.5	16335.5	253.73 426.6,254.45 442.65
1	26	312	310	0	0	0	0	0	4	0	0	0	Straight	0.0	16335.5	16339.5	254.45 442.65,257.18 455.6
1	27	310	311	0	0	0	0	0	51	0	0	0	Straight	0.0	16339.5	16390.5	257.18 455.6,261.6 470.86
1	28	311	1984	0	0	0	0	0	28	0	0	0	Straight	0.0	16390.5	16418.5	261.6 470.86,269.75 485.78
1	29	1984	666	0	0	0	0	0	33	0	0	0	Straight	0.0	16418.5	16451.5	269.75 485.78,283.58 497.1
1	30	666	204	0	0	0	0	0	34	0	0	0	Straight	0.0	16451.5	16485.5	283.58 497.1,288.67 506.89
1	31	204	192	0	0	0	0	0	27	0	0	0	Straight	0.0	16485.5	16512.5	288.67 506.89,295.28 514.41
1	32	192	193	0	0	0	0	0	6	0	0	0	Straight	0.0	16512.5	16518.5	295.28 514.41,302.12 520.81
1	33	193	1569	0	0	0	0	0	11	0	0	0	Left	11.389	16529.9	16540.9	302.12 520.81,296.25 528.01
1	34	1569	177	0	0	0	0	0	5	0	0	0	Straight	0.0	16540.9	16545.9	296.25 528.01,296.33 538.89
1	35	177	1896	0	0	0	0	0	7	0	0	0	Straight	0.0	16545.9	16552.9	296.33 538.89,299.97 546.16
1	36	1896	1897	0	0	0	0	0	23	0	0	0	Left	11.389	16564.3	16587.3	299.97 546.16,291.64 557.62
1	37	1897	172	1	1	123	123	0	22	142	1	0	Straight	0.0	16587.3	16729.3	291.64 557.62,284.57 559.5
1	38	172	1780	0	1	32	32	0	6	36	1	0	Left	11.389	16740.7	16776.7	284.57 559.5,278.2 551.77
1	39	1780	188	0	1	85	85	0	15	95	1	0	Straight	0.0	16776.7	16871.7	278.2 551.77,269.07 550.24
1	40	188	701	0	0	0	0	0	116	0	0	0	Straight	0.0	16871.7	16987.7	269.07 550.24,253.87 554.33
1	41	701	671	1	0	0	0	0	45	0	0	0	Right	5.695	16993.4	17038.4	253.87 554.33,254.83 573.32
1	42	671	1781	1	1	142	142	0	26	166	1	0	Left	11.389	17049.8	17215.8	254.83 573.32,239.37 565.49
1	43	1781	671	1	1	142	142	0	26	166	0	0	U	45.557	17261.3	17287.3	239.37 565.49,254.83 573.32
1	44	671	672	1	1	135	135	0	24	154	1	0	Left	11.389	17298.7	17452.7	254.83 573.32,245.21 585.39
1	45	672	206	1	1	284	284	0	51	331	1	0	Straight	0.0	17452.7	17783.7	245.21 585.39,237.16 592.19
1	46	206	207	1	1	65	65	0	12	72	1	0	Straight	0.0	17783.7	17855.7	237.16 592.19,231.64 594.04
1	47	207	206	1	1	65	65	0	12	72	0	0	U	45.557	17901.3	17913.3	231.64 594.04,237.16 592.19
1	48	206	208	1	1	91	91	0	16	106	1	0	U	45.557	17958.8	18064.8	237.16 592.19,233.04 599.07
1	49	208	629	1	1	50	50	0	9	59	1	0	Straight	0.0	18064.8	18123.8	233.04 599.07,227.62 602.58
1	50	629	208	1	1	50	50	0	9	59	0	0	U	45.557	18169.4	18178.4	227.62 602.58,233.04 599.07
1	51	208	189	1	1	244	244	0	44	284	1	0	Left	11.389	18189.8	18473.8	233.04 599.07,236.85 603.56
1	52	189	167	1	1	264	264	0	47	307	1	0	Straight	0.0	18473.8	18780.8	236.85 603.56,239.56 611.3
1	53	167	168	1	1	83	83	0	15	95	1	0	Left	11.389	18792.2	18887.2	239.56 611.3,235.3 616.38
1	54	168	167	1	1	83	83	0	15	95	0	0	U	45.557	18932.7	18947.7	235.3 616.38,239.56 611.3
1	55	167	1866	1	1	160	160	0	29	189	1	0	Left	11.389	18959.1	19148.1	239.56 611.3,247.62 612.84
1	56	1866	2048	1	1	111	111	0	20	130	1	0	Left	11.389	19159.5	19289.5	247.62 612.84,243.96 618.0
1	57	2048	1866	1	1	111	111	0	20	130	0	0	U	45.557	19335.0	19355.0	243.96 618.0,247.62 612.84
1	58	1866	129	1	1	360	360	0	65	425	1	0	Straight	0.0	19355.0	19780.0	247.62 612.84,257.72 609.09
1	59	129	128	1	1	70	70	0	13	83	0	0	U	45.557	19825.6	19838.6	257.72 609.09,254.2 612.88
1	60	128	129	1	1	70	70	0	13	83	1	0	U	45.557	19884.2	19967.2	254.2 612.88,257.72 609.09
1	61	129	132	1	1	186	186	0	33	213	1	0	Straight	0.0	19967.2	20180.2	257.72 609.09,268.97 603.04
1	62	132	1864	1	1	167	167	0	30	190	0	0	Right	5.695	20185.9	20215.9	268.97 603.04,267.32 600.46
1	63	1864	2042	1	1	268	268	0	48	308	1	0	Right	5.695	20221.6	20529.6	267.32 600.46,264.59 599.96
1	64	2042	582	1	1	257	257	0	46	296	1	0	Left	11.389	20540.9	20836.9	264.59 599.96,269.31 596.17
1	65	582	581	1	1	51	51	0	9	59	1	0	Straight	0.0	20836.9	20895.9	269.31 596.17,273.85 590.14
1	66	581	181	1	1	115	115	0	21	131	1	0	U	45.557	20941.5	21072.5	273.85 590.14,265.98 592.58
1	67	181	185	1	1	480	480	0	86	566	1	0	Straight	0.0	21072.5	21638.5	265.98 592.58,260.75 593.11
1	68	185	182	1	1	159	159	0	29	179	1	0	Right	5.695	21644.2	21823.2	260.75 593.11,261.26 595.77
1	69	182	181	1	1	491	491	0	88	578	1	0	Right	5.695	21828.9	22406.9	261.26 595.77,265.98 592.58
1	70	181	581	1	1	115	115	0	21	131	0	0	Straight	0.0	22406.9	22427.9	265.98 592.58,273.85 590.14
1	71	581	572	1	1	71	71	0	13	83	1	0	Straight	0.0	22427.9	22510.9	273.85 590.14,283.05 583.1
1	72	572	1585	1	1	81	81	0	15	95	1	0	Straight	0.0	22510.9	22605.9	283.05 583.1,292.12 578.08
1	73	1585	572	1	1	81	81	0	15	95	0	0	U	45.557	22651.4	22666.4	292.12 578.08,283.05 583.1
1	74	572	581	1	1	71	71	0	13	83	0	0	Straight	0.0	22666.4	22679.4	283.05 583.1,273.85 590.14
1	75	581	582	1	1	51	51	0	9	59	0	0	Straight	0.0	22679.4	22688.4	273.85 590.14,269.31 596.17
1	76	582	1864	1	0	0	0	0	34	0	0	0	Straight	0.0	22688.4	22722.4	269.31 596.17,267.32 600.46
1	77	1864	132	1	1	167	167	0	30	190	1	0	Right	5.695	22728.1	22918.1	267.32 600.46,268.97 603.04
1	78	132	133	1	1	105	105	0	19	119	1	0	Right	5.695	22923.8	23042.8	268.97 603.04,280.83 596.15
1	79	133	114	1	1	87	87	0	16	96	1	0	U	45.557	23088.4	23184.4	280.83 596.15,273.66 607.25
1	80	114	115	1	1	361	361	0	65	425	1	0	Straight	0.0	23184.4	23609.4	273.66 607.25,267.13 615.0
1	81	115	1759	1	1	282	282	0	51	331	0	0	U	45.557	23654.9	23705.9	267.13 615.0,269.6 614.44
1	82	1759	115	1	1	282	282	0	51	331	1	0	U	45.557	23751.5	24082.5	269.6 614.44,267.13 615.0
1	83	115	488	1	1	97	97	0	17	107	1	0	Straight	0.0	24082.5	24189.5	267.13 615.0,262.02 621.69
1	84	488	1756	1	1	52	52	0	9	59	0	0	Straight	0.0	24189.5	24198.5	262.02 621.69,257.77 626.79
1	85	1756	488	1	1	52	52	0	9	59	1	0	U	45.557	24244.1	24303.1	257.77 626.79,262.02 621.69
1	86	488	487	1	1	281	281	0	51	331	1	0	Straight	0.0	24303.1	24634.1	262.02 621.69,265.37 619.72
1	87	487	1759	1	1	91	91	0	16	106	1	0	Straight	0.0	24634.1	24740.1	265.37 619.72,269.6 614.44
1	88	1759	114	1	1	120	120	0	22	142	1	0	Straight	0.0	24740.1	24882.1	269.6 614.44,273.66 607.25
1	89	114	133	1	1	87	87	0	16	96	0	0	Straight	0.0	24882.1	24898.1	273.66 607.25,280.83 596.15
1	90	133	572	1	0	0	0	0	71	0	0	0	Straight	0.0	24898.1	24969.1	280.83 596.15,283.05 583.1
1	91	572	171	1	0	0	0	0	9	0	0	0	Straight	0.0	24969.1	24978.1	283.05 583.1,286.19 568.77
1	92	171	172	0	0	0	0	0	63	0	0	0	Straight	0.0	24978.1	25041.1	286.19 568.77,284.57 559.5
1	93	172	1780	0	1	32	32	0	6	36	0	0	Straight	0.0	25041.1	25047.1	284.57 559.5,278.2 551.77
1	94	1780	187	0	0	0	0	0	14	0	0	0	Left	11.389	25058.5	25072.5	278.2 551.77,281.19 543.25
1	95	187	661	0	0	0	0	0	4	0	0	0	Straight	0.0	25072.5	25076.5	281.19 543.25,277.78 532.6
1	96	661	660	0	0	0	0	0	45	0	0	0	Straight	0.0	25076.5	25121.5	277.78 532.6,269.67 523.72
1	97	660	238	0	0	0	0	0	8	0	0	0	Straight	0.0	25121.5	25129.5	269.67 523.72,269.65 514.88
1	98	238	1648	0	0	0	0	0	22	0	0	0	Right	5.695	25135.1	25157.1	269.65 514.88,260.49 519.04
1	99	1648	2094	1	1	183	183	0	33	213	1	0	Left	11.389	25168.5	25381.5	260.49 519.04,250.51 513.73
1	100	2094	254	0	0	0	0	0	3	0	0	0	Left	11.389	25392.9	25395.9	250.51 513.73,252.88 507.53
1	101	254	280	0	1	22	22	0	4	24	1	0	Straight	0.0	25395.9	25419.9	252.88 507.53,252.67 502.19
1	102	280	279	1	0	0	0	0	30	0	0	0	Straight	0.0	25419.9	25449.9	252.67 502.19,249.07 496.59
1	103	279	775	1	0	0	0	0	70	0	0	0	Right	5.695	25455.6	25525.6	249.07 496.59,236.87 501.04
1	104	775	774	1	0	0	0	0	22	0	0	0	Straight	0.0	25525.6	25547.6	236.87 501.04,224.57 496.73
1	105	774	795	1	1	150	150	0	27	177	0	0	Right	5.695	25553.3	25580.3	224.57 496.73,217.86 509.72
1	106	795	796	1	1	19	19	0	3	13	1	0	Left	11.389	25591.7	25604.7	217.86 509.72,212.62 509.84
1	107	796	795	1	1	19	19	0	3	13	0	0	U	45.557	25650.3	25653.3	212.62 509.84,217.86 509.72
1	108	795	774	1	1	150	150	0	27	177	1	0	Right	5.695	25659.0	25836.0	217.86 509.72,224.57 496.73
1	109	774	851	1	0	0	0	0	75	0	0	0	Straight	0.0	25836.0	25911.0	224.57 496.73,218.65 475.14
1	110	851	1616	0	0	0	0	0	26	0	0	0	Straight	0.0	25911.0	25937.0	218.65 475.14,211.3 460.45
1	111	1616	854	0	0	0	0	0	3	0	0	0	Straight	0.0	25937.0	25940.0	211.3 460.45,201.99 446.05
1	112	854	855	0	1	16	16	0	3	13	1	0	Left	11.389	25951.3	25964.3	201.99 446.05,212.61 444.8
1	113	855	1382	0	0	0	0	0	97	0	0	0	Straight	0.0	25964.3	26061.3	212.61 444.8,226.96 447.49
1	114	1382	336	1	0	0	0	0	4	0	0	0	Left	11.389	26072.7	26076.7	226.96 447.49,230.73 455.65
1	115	336	850	0	1	542	542	0	97	637	1	0	Left	11.389	26088.1	26725.1	230.73 455.65,218.42 459.36
1	116	850	1616	0	1	17	17	0	3	13	1	0	Straight	0.0	26725.1	26738.1	218.42 459.36,211.3 460.45
1	117	1616	854	0	0	0	0	0	3	0	0	0	Left	11.389	26749.5	26752.5	211.3 460.45,201.99 446.05
1	118	854	904	0	0	0	0	0	44	0	0	0	Straight	0.0	26752.5	26796.5	201.99 446.05,188.58 433.12
1	119	904	952	0	0	0	0	0	72	0	0	0	Straight	0.0	26796.5	26868.5	188.58 433.12,186.42 412.8
1	120	952	1742	0	0	0	0	0	2	0	0	0	Straight	0.0	26868.5	26870.5	186.42 412.8,189.97 392.15
1	121	1742	979	0	0	0	0	0	25	0	0	0	Straight	0.0	26870.5	26895.5	189.97 392.15,197.85 376.83
1	122	979	980	1	0	0	0	0	60	0	0	0	Straight	0.0	26895.5	26955.5	197.85 376.83,200.54 354.2
1	123	980	750	1	0	0	0	0	85	0	0	0	Straight	0.0	26955.5	27040.5	200.54 354.2,212.3 331.82
1	124	750	647	1	0	0	0	0	36	0	0	0	Straight	0.0	27040.5	27076.5	212.3 331.82,237.65 320.09
1	125	647	713	1	0	0	0	0	22	0	0	0	Right	5.695	27082.2	27104.2	237.65 320.09,240.28 306.03
1	126	713	712	1	0	0	0	0	48	0	0	0	Straight	0.0	27104.2	27152.2	240.28 306.03,249.76 298.9
1	127	712	746	1	0	0	0	0	29	0	0	0	Right	5.695	27157.9	27186.9	249.76 298.9,241.83 290.61
1	128	746	1957	1	0	0	0	0	8	0	0	0	Straight	0.0	27186.9	27194.9	241.83 290.61,240.72 278.8
1	129	1957	783	1	0	0	0	0	26	0	0	0	Left	11.389	27206.3	27232.3	240.72 278.8,255.74 271.98
1	130	783	803	1	0	0	0	0	27	0	0	0	Straight	0.0	27232.3	27259.3	255.74 271.98,271.48 265.27
1	131	803	812	1	0	0	0	0	34	0	0	0	Straight	0.0	27259.3	27293.3	271.48 265.27,291.6 260.1
1	132	812	1165	1	0	0	0	0	33	0	0	0	Straight	0.0	27293.3	27326.3	291.6 260.1,308.53 252.27
1	133	1165	1166	1	1	103	103	0	19	119	1	0	Straight	0.0	27326.3	27445.3	308.53 252.27,323.1 246.69
1	134	1166	1471	0	0	0	0	0	71	0	0	0	Right	5.695	27451.0	27522.0	323.1 246.69,313.38 232.02
1	135	1471	882	0	0	0	0	0	19	0	0	0	Right	5.695	27527.7	27546.7	313.38 232.02,301.3 238.56
1	136	882	891	0	0	0	0	0	24	0	0	0	Straight	0.0	27546.7	27570.7	301.3 238.56,288.25 240.99
1	137	891	870	1	1	9	9	0	2	2	1	0	Left	11.389	27582.1	27584.1	288.25 240.99,279.26 234.55
1	138	870	917	1	1	152	152	0	27	177	1	0	Straight	0.0	27584.1	27761.1	279.26 234.55,273.49 227.38
1	139	917	918	1	0	0	0	0	22	0	0	0	Straight	0.0	27761.1	27783.1	273.49 227.38,262.83 224.21
1	140	918	953	1	0	0	0	0	40	0	0	0	Straight	0.0	27783.1	27823.1	262.83 224.21,256.06 216.25
1	141	953	1234	1	1	278	278	0	50	320	1	0	Straight	0.0	27823.1	28143.1	256.06 216.25,252.75 204.37
1	142	1234	1016	1	0	0	0	0	49	0	0	0	Straight	0.0	28143.1	28192.1	252.75 204.37,253.15 189.69
1	143	1016	1695	1	0	0	0	0	54	0	0	0	Straight	0.0	28192.1	28246.1	253.15 189.69,260.43 170.65
1	144	1695	1642	0	0	0	0	0	81	0	0	0	Right	5.695	28251.8	28332.8	260.43 170.65,241.59 173.39
1	145	1642	1018	0	1	102	102	0	18	118	1	0	Straight	0.0	28332.8	28450.8	241.59 173.39,228.21 179.39
1	146	1018	1400	0	0	0	0	0	12	0	0	0	Straight	0.0	28450.8	28462.8	228.21 179.39,216.32 189.73
1	147	1400	1601	0	0	0	0	0	12	0	0	0	Straight	0.0	28462.8	28474.8	216.32 189.73,204.6 195.12
1	148	1601	1243	0	0	0	0	0	11	0	0	0	U	45.557	28520.3	28531.3	204.6 195.12,211.03 183.28
1	149	1243	1244	0	0	0	0	0	14	0	0	0	Straight	0.0	28531.3	28545.3	211.03 183.28,218.33 172.19
1	150	1244	1403	0	0	0	0	0	3	0	0	0	Straight	0.0	28545.3	28548.3	218.33 172.19,220.63 161.83
1	151	1403	1707	0	0	0	0	0	32	0	0	0	Straight	0.0	28548.3	28580.3	220.63 161.83,223.27 151.88
1	152	1707	1602	1	1	37	37	0	7	37	1	0	Straight	0.0	28580.3	28617.3	223.27 151.88,228.93 144.64
1	153	1602	1039	1	1	42	42	0	8	48	1	0	Straight	0.0	28617.3	28665.3	228.93 144.64,229.77 138.98
1	154	1039	1156	1	1	829	829	0	149	969	1	0	Right	5.695	28671.0	29640.0	229.77 138.98,224.6 133.62
1	155	1156	1157	1	1	179	179	0	32	202	1	0	Straight	0.0	29640.0	29842.0	224.6 133.62,220.51 129.41
1	156	1157	1156	1	1	179	179	0	32	202	0	0	U	45.557	29887.6	29919.6	220.51 129.41,224.6 133.62
1	157	1156	1039	1	1	829	829	0	149	969	0	0	Straight	0.0	29919.6	30068.6	224.6 133.62,229.77 138.98
1	158	1039	1040	0	1	56	56	0	10	60	1	0	Straight	0.0	30068.6	30128.6	229.77 138.98,236.54 143.35
1	159	1040	1602	1	0	0	0	0	5	0	0	0	U	45.557	30174.1	30179.1	236.54 143.35,228.93 144.64
1	160	1602	1707	1	1	37	37	0	7	37	0	0	Straight	0.0	30179.1	30186.1	228.93 144.64,223.27 151.88
1	161	1707	1694	0	0	0	0	0	7	0	0	0	Left	11.389	30197.5	30204.5	223.27 151.88,220.21 147.51
1	162	1694	1472	0	0	0	0	0	7	0	0	0	Left	11.389	30215.9	30222.9	220.21 147.51,223.99 146.95
1	163	1472	1643	0	1	29	29	0	5	25	1	0	U	45.557	30268.5	30293.5	223.99 146.95,220.3 150.8
1	164	1643	1245	0	0	0	0	0	10	0	0	0	Right	5.695	30299.2	30309.2	220.3 150.8,222.63 156.43
1	165	1245	1542	0	1	30	30	0	5	35	1	0	Right	5.695	30314.9	30349.9	222.63 156.43,227.08 156.03
1	166	1542	1026	0	0	0	0	0	15	0	0	0	Straight	0.0	30349.9	30364.9	227.08 156.03,231.86 150.89
1	167	1026	1027	0	0	0	0	0	9	0	0	0	Right	5.695	30370.6	30379.6	231.86 150.89,230.83 147.32
1	168	1027	1028	0	1	32	32	0	6	36	1	0	Left	11.389	30390.9	30426.9	230.83 147.32,237.73 148.19
1	169	1028	1052	0	0	0	0	0	29	0	0	0	Straight	0.0	30426.9	30455.9	237.73 148.19,246.93 147.81
1	170	1052	1053	0	0	0	0	0	35	0	0	0	Straight	0.0	30455.9	30490.9	246.93 147.81,260.77 152.07
1	171	1053	1062	0	0	0	0	0	72	0	0	0	Straight	0.0	30490.9	30562.9	260.77 152.07,279.63 153.13
1	172	1062	1073	0	0	0	0	0	12	0	0	0	Right	5.695	30568.6	30580.6	279.63 153.13,283.26 144.62
1	173	1073	2002	0	0	0	0	0	27	0	0	0	Straight	0.0	30580.6	30607.6	283.26 144.62,288.37 137.48
1	174	2002	1274	1	1	17	17	0	3	13	1	0	Straight	0.0	30607.6	30620.6	288.37 137.48,294.67 131.46
1	175	1274	1275	1	1	19	19	0	3	13	1	0	Straight	0.0	30620.6	30633.6	294.67 131.46,298.96 121.02
1	176	1275	1103	0	0	0	0	0	7	0	0	0	Straight	0.0	30633.6	30640.6	298.96 121.02,300.41 111.08
1	177	1103	1102	1	0	0	0	0	1	0	0	0	U	45.557	30686.2	30687.2	300.41 111.08,305.68 120.36
1	178	1102	1263	1	0	0	0	0	34	0	0	0	Straight	0.0	30687.2	30721.2	305.68 120.36,307.99 129.58
1	179	1263	1262	1	0	0	0	0	5	0	0	0	Straight	0.0	30721.2	30726.2	307.99 129.58,310.7 139.52
1	180	1262	1061	1	0	0	0	0	4	0	0	0	Straight	0.0	30726.2	30730.2	310.7 139.52,315.71 149.15
1	181	1061	1060	1	0	0	0	0	7	0	0	0	Straight	0.0	30730.2	30737.2	315.71 149.15,321.04 156.19
1	182	1060	1258	1	0	0	0	0	32	0	0	0	Straight	0.0	30737.2	30769.2	321.04 156.19,326.66 163.47
1	183	1258	1259	1	1	180	180	0	32	212	0	0	U	45.557	30814.7	30846.7	326.66 163.47,325.55 159.84
1	184	1259	1258	1	1	180	180	0	32	212	1	0	U	45.557	30892.3	31104.3	325.55 159.84,326.66 163.47
1	185	1258	1247	1	0	0	0	0	20	0	0	0	Straight	0.0	31104.3	31124.3	326.66 163.47,332.64 171.72
1	186	1247	1249	1	0	0	0	0	18	0	0	0	Right	5.695	31130.0	31148.0	332.64 171.72,341.75 159.06
1	187	1249	1250	1	0	0	0	0	8	0	0	0	Straight	0.0	31148.0	31156.0	341.75 159.06,349.5 151.45
1	188	1250	1055	1	0	0	0	0	27	0	0	0	Straight	0.0	31156.0	31183.0	349.5 151.45,361.89 144.76
1	189	1055	1074	1	0	0	0	0	47	0	0	0	Straight	0.0	31183.0	31230.0	361.89 144.76,364.87 136.39
1	190	1074	2114	1	1	94	94	0	17	107	1	0	Straight	0.0	31230.0	31337.0	364.87 136.39,363.53 131.76
1	191	2114	1074	1	1	94	94	0	17	107	0	0	U	45.557	31382.6	31399.6	363.53 131.76,364.87 136.39
1	192	1074	1055	1	0	0	0	0	47	0	0	0	Straight	0.0	31399.6	31446.6	364.87 136.39,361.89 144.76
1	193	1055	1563	1	0	0	0	0	32	0	0	0	Right	5.695	31452.3	31484.3	361.89 144.76,367.3 149.5
1	194	1563	1385	1	0	0	0	0	40	0	0	0	Straight	0.0	31484.3	31524.3	367.3 149.5,372.48 155.78
1	195	1385	1693	1	0	0	0	0	74	0	0	0	Straight	0.0	31524.3	31598.3	372.48 155.78,383.32 161.51
1	196	1693	942	1	0	0	0	0	32	0	0	0	Straight	0.0	31598.3	31630.3	383.32 161.51,391.01 170.3
1	197	942	1181	1	0	0	0	0	71	0	0	0	Straight	0.0	31630.3	31701.3	391.01 170.3,396.41 179.63
1	198	1181	1173	1	0	0	0	0	30	0	0	0	Straight	0.0	31701.3	31731.3	396.41 179.63,395.06 186.71
1	199	1173	1172	1	0	0	0	0	72	0	0	0	Straight	0.0	31731.3	31803.3	395.06 186.71,400.84 197.07
1	200	1172	1787	1	0	0	0	0	53	0	0	0	Straight	0.0	31803.3	31856.3	400.84 197.07,404.17 207.91
1	201	1787	720	0	0	0	0	0	3	0	0	0	Straight	0.0	31856.3	31859.3	404.17 207.91,407.79 216.0
1	202	720	691	0	0	0	0	0	2	0	0	0	Straight	0.0	31859.3	31861.3	407.79 216.0,407.97 225.86
1	203	691	690	1	0	0	0	0	47	0	0	0	Straight	0.0	31861.3	31908.3	407.97 225.86,411.19 240.76
1	204	690	2085	1	0	0	0	0	15	0	0	0	Straight	0.0	31908.3	31923.3	411.19 240.76,421.88 250.66
1	205	2085	1083	1	0	0	0	0	71	0	0	0	Straight	0.0	31923.3	31994.3	421.88 250.66,446.0 251.77
2	0	1083	1083	-1	-1	0	0	0	0	0	0	300		0.0	31994.3	32294.3	446.0 251.77,446.0 251.77
