Problem Type	Solution Method	Vehicle Capacity (Weight)	Vehicle Capacity(Volume)	Disposal Trips	Route Time	Route Time wo Turns	Computational Time(Sec)	Clustering Time(Sec)	VA(CCI)	VA(NHO)	VA(ATD)	VA(DMT)	VA(AOI)	VA(ROI)	Optimal
MCARPTIF-TP	GPM	10000	10000	2	31584.8	28013	30.763	1.921	1	0	985.501	25329.5	0.19764	0.0903519	1
Load No	Sequence No	Starting Node	Ending Node	Is Edge	Required	Weight	Volume	Travel Miles	Travel Time	Service Time	Served	Dumped	Turn Type	Turn Cost	Depart Time	Arrival Time	Shape
0	0	2277	922	1	0	0	0	0	91	0	0	300		0.0	300.0	391.0	360.38 280.33,363.4 284.32
0	1	922	923	1	0	0	0	0	20	0	0	0	Straight	0.0	391.0	411.0	363.4 284.32,367.72 288.77
0	2	923	2011	1	0	0	0	0	100	0	0	0	Straight	0.0	411.0	511.0	367.72 288.77,372.78 294.49
0	3	2011	1004	1	0	0	0	0	249	0	0	0	Straight	0.0	511.0	760.0	372.78 294.49,378.59 301.43
0	4	1004	1528	1	0	0	0	0	24	0	0	0	Straight	0.0	760.0	784.0	378.59 301.43,385.69 307.89
0	5	1528	611	0	0	0	0	0	16	0	0	0	Straight	0.0	784.0	800.0	385.69 307.89,386.97 314.45
0	6	611	610	1	0	0	0	0	13	0	0	0	Straight	0.0	800.0	813.0	386.97 314.45,383.27 322.52
0	7	610	951	1	0	0	0	0	5	0	0	0	Straight	0.0	813.0	818.0	383.27 322.52,362.6 336.16
0	8	951	561	1	0	0	0	0	65	0	0	0	Straight	0.0	818.0	883.0	362.6 336.16,341.6 352.6
0	9	561	562	1	1	265	265	0	48	308	0	0	U	57.264	940.264	988.264	341.6 352.6,359.33 347.26
0	10	562	1745	1	1	88	88	0	16	96	0	0	Straight	0.0	988.264	1004.26	359.33 347.26,377.2 341.69
0	11	1745	863	1	1	19	19	0	3	13	0	0	Straight	0.0	1004.26	1007.26	377.2 341.69,395.02 335.48
0	12	863	864	1	1	139	139	0	25	155	0	0	Straight	0.0	1007.26	1032.26	395.02 335.48,413.1 329.07
0	13	864	2026	1	1	283	283	0	51	331	0	0	Straight	0.0	1032.26	1083.26	413.1 329.07,431.52 322.97
0	14	2026	750	1	1	296	296	0	53	343	0	0	Straight	0.0	1083.26	1136.26	431.52 322.97,450.47 317.04
0	15	750	2094	1	1	161	161	0	29	189	0	0	Straight	0.0	1136.26	1165.26	450.47 317.04,471.29 313.39
0	16	2094	409	1	1	51	51	0	9	59	0	0	Straight	0.0	1165.26	1174.26	471.29 313.39,492.08 310.13
0	17	409	1778	1	1	49	49	0	9	49	0	0	Straight	0.0	1174.26	1183.26	492.08 310.13,512.65 307.61
0	18	1778	392	1	1	38	38	0	7	37	0	0	Straight	0.0	1183.26	1190.26	512.65 307.61,533.03 305.26
0	19	392	390	1	1	283	283	0	51	331	0	0	Straight	0.0	1190.26	1241.26	533.03 305.26,553.13 302.75
0	20	390	391	1	1	86	86	0	15	95	0	0	Straight	0.0	1241.26	1256.26	553.13 302.75,565.12 308.21
0	21	391	755	1	1	91	91	0	16	106	0	0	Straight	0.0	1256.26	1272.26	565.12 308.21,575.8 313.97
0	22	755	374	1	1	15	15	0	3	13	0	0	Straight	0.0	1272.26	1275.26	575.8 313.97,584.02 321.03
0	23	374	375	1	1	94	94	0	17	107	0	0	Straight	0.0	1275.26	1292.26	584.02 321.03,588.54 329.81
0	24	375	1749	1	1	89	89	0	16	96	0	0	Straight	0.0	1292.26	1308.26	588.54 329.81,587.24 339.24
0	25	1749	738	1	1	11	11	0	2	12	0	0	Straight	0.0	1308.26	1310.26	587.24 339.24,581.26 348.19
0	26	738	327	1	1	154	154	0	28	178	0	0	Straight	0.0	1310.26	1338.26	581.26 348.19,572.82 357.2
0	27	327	328	1	1	50	50	0	9	59	0	0	Straight	0.0	1338.26	1347.26	572.82 357.2,563.02 364.84
0	28	328	315	1	1	77	77	0	14	84	0	0	Straight	0.0	1347.26	1361.26	563.02 364.84,551.92 371.66
0	29	315	713	1	1	19	19	0	3	13	0	0	Straight	0.0	1361.26	1364.26	551.92 371.66,538.49 376.33
0	30	713	711	1	1	17	17	0	3	13	0	0	Straight	0.0	1364.26	1367.26	538.49 376.33,524.13 380.68
0	31	711	712	1	0	0	0	0	2	0	0	0	Straight	0.0	1367.26	1369.26	524.13 380.68,509.0 384.56
0	32	712	288	1	1	150	150	0	27	177	0	0	Straight	0.0	1369.26	1396.26	509.0 384.56,493.33 387.69
0	33	288	2107	1	0	0	0	0	24	0	0	0	Right	7.158	1403.42	1427.42	493.33 387.69,491.18 398.64
0	34	2107	2042	1	0	0	0	0	3	0	0	0	Straight	0.0	1427.42	1430.42	491.18 398.64,486.01 408.88
0	35	2042	638	1	0	0	0	0	54	0	0	0	Straight	0.0	1430.42	1484.42	486.01 408.88,479.82 418.66
0	36	638	635	1	0	0	0	0	11	0	0	0	Straight	0.0	1484.42	1495.42	479.82 418.66,475.49 428.35
0	37	635	636	1	0	0	0	0	17	0	0	0	Straight	0.0	1495.42	1512.42	475.49 428.35,476.86 434.89
0	38	636	601	1	0	0	0	0	18	0	0	0	Straight	0.0	1512.42	1530.42	476.86 434.89,478.51 441.19
0	39	601	571	1	0	0	0	0	17	0	0	0	Straight	0.0	1530.42	1547.42	478.51 441.19,479.65 447.49
0	40	571	192	1	0	0	0	0	16	0	0	0	Straight	0.0	1547.42	1563.42	479.65 447.49,482.33 453.14
0	41	192	1588	1	0	0	0	0	9	0	0	0	Straight	0.0	1563.42	1572.42	482.33 453.14,486.94 456.26
0	42	1588	1589	1	0	0	0	0	7	0	0	0	Left	14.316	1586.74	1593.74	486.94 456.26,485.93 461.56
0	43	1589	538	1	0	0	0	0	16	0	0	0	Straight	0.0	1593.74	1609.74	485.93 461.56,485.69 466.66
0	44	538	539	1	0	0	0	0	25	0	0	0	Straight	0.0	1609.74	1634.74	485.69 466.66,487.09 470.79
0	45	539	1725	1	0	0	0	0	11	0	0	0	Right	7.158	1641.9	1652.9	487.09 470.79,495.86 469.21
0	46	1725	1181	1	0	0	0	0	39	0	0	0	Left	14.316	1667.21	1706.21	495.86 469.21,507.66 481.54
0	47	1181	1160	1	0	0	0	0	45	0	0	0	Straight	0.0	1706.21	1751.21	507.66 481.54,521.43 492.3
0	48	1160	1159	1	0	0	0	0	54	0	0	0	Straight	0.0	1751.21	1805.21	521.43 492.3,539.71 492.95
0	49	1159	1174	0	0	0	0	0	9	0	0	0	Straight	0.0	1805.21	1814.21	539.71 492.95,553.71 499.3
0	50	1174	1175	0	0	0	0	0	1	0	0	0	Straight	0.0	1814.21	1815.21	553.71 499.3,564.22 513.38
0	51	1175	1169	0	0	0	0	0	49	0	0	0	Straight	0.0	1815.21	1864.21	564.22 513.38,567.25 533.08
0	52	1169	1170	0	0	0	0	0	8	0	0	0	Right	7.158	1871.37	1879.37	567.25 533.08,577.94 535.12
0	53	1170	1390	0	0	0	0	0	1	0	0	0	Straight	0.0	1879.37	1880.37	577.94 535.12,590.94 538.41
0	54	1390	1168	0	0	0	0	0	6	0	0	0	Left	14.316	1894.69	1900.69	590.94 538.41,595.63 547.92
0	55	1168	1163	0	0	0	0	0	3	0	0	0	Straight	0.0	1900.69	1903.69	595.63 547.92,604.2 555.86
0	56	1163	1164	0	0	0	0	0	7	0	0	0	Straight	0.0	1903.69	1910.69	604.2 555.86,616.38 560.09
0	57	1164	1980	0	0	0	0	0	47	0	0	0	Straight	0.0	1910.69	1957.69	616.38 560.09,635.72 561.93
0	58	1980	1560	1	0	0	0	0	53	0	0	0	Left	14.316	1972.0	2025.0	635.72 561.93,629.37 580.45
0	59	1560	1597	1	0	0	0	0	26	0	0	0	Straight	0.0	2025.0	2051.0	629.37 580.45,626.43 597.34
0	60	1597	2089	1	0	0	0	0	19	0	0	0	Straight	0.0	2051.0	2070.0	626.43 597.34,630.48 610.12
0	61	2089	305	1	0	0	0	0	16	0	0	0	Straight	0.0	2070.0	2086.0	630.48 610.12,636.46 618.05
0	62	305	281	1	1	273	273	0	49	319	1	0	Straight	0.0	2086.0	2405.0	636.46 618.05,638.8 625.5
0	63	281	45	1	0	0	0	0	13	0	0	0	Straight	0.0	2405.0	2418.0	638.8 625.5,635.45 632.71
0	64	45	46	1	0	0	0	0	65	0	0	0	Straight	0.0	2418.0	2483.0	635.45 632.71,637.53 642.27
0	65	46	1812	1	1	51	51	0	9	59	1	0	Straight	0.0	2483.0	2542.0	637.53 642.27,636.89 647.71
0	66	1812	266	1	0	0	0	0	13	0	0	0	Right	7.158	2549.16	2562.16	636.89 647.71,638.75 649.99
0	67	266	39	1	0	0	0	0	12	0	0	0	Straight	0.0	2562.16	2574.16	638.75 649.99,638.07 657.56
0	68	39	227	1	0	0	0	0	17	0	0	0	Right	7.158	2581.32	2598.32	638.07 657.56,650.28 656.62
0	69	227	226	1	1	96	96	0	17	107	1	0	Left	14.316	2612.63	2719.63	650.28 656.62,642.22 673.25
0	70	226	33	1	0	0	0	0	15	0	0	0	Straight	0.0	2719.63	2734.63	642.22 673.25,638.06 686.87
0	71	33	1794	1	1	477	477	0	86	556	1	0	Straight	0.0	2734.63	3290.63	638.06 686.87,639.1 701.33
0	72	1794	223	1	1	26	26	0	5	25	1	0	Straight	0.0	3290.63	3315.63	639.1 701.33,644.97 713.99
0	73	223	224	1	1	631	631	0	114	744	1	0	Straight	0.0	3315.63	4059.63	644.97 713.99,648.66 717.29
0	74	224	223	1	1	631	631	0	114	744	0	0	U	57.264	4116.9	4230.9	648.66 717.29,644.97 713.99
0	75	223	1792	1	1	60	60	0	11	71	0	0	Right	7.158	4238.06	4249.06	644.97 713.99,644.02 718.18
0	76	1792	223	1	1	60	60	0	11	71	1	0	U	57.264	4306.32	4377.32	644.02 718.18,644.97 713.99
0	77	223	2154	1	1	71	71	0	13	83	1	0	U	57.264	4434.58	4517.58	644.97 713.99,649.85 725.0
0	78	2154	207	1	1	112	112	0	20	130	1	0	Straight	0.0	4517.58	4647.58	649.85 725.0,651.0 733.27
0	79	207	209	1	1	99	99	0	18	108	0	0	Straight	0.0	4647.58	4665.58	651.0 733.27,653.26 741.95
0	80	209	210	1	1	81	81	0	15	95	1	0	Straight	0.0	4665.58	4760.58	653.26 741.95,652.13 746.54
0	81	210	209	1	1	81	81	0	15	95	0	0	U	57.264	4817.85	4832.85	652.13 746.54,653.26 741.95
0	82	209	212	1	1	51	51	0	9	59	0	0	U	57.264	4890.11	4899.11	653.26 741.95,656.79 748.02
0	83	212	211	1	1	51	51	0	9	59	0	0	Straight	0.0	4899.11	4908.11	656.79 748.02,662.04 750.26
0	84	211	1849	1	1	140	140	0	25	165	1	0	Right	7.158	4915.27	5080.27	662.04 750.26,664.93 747.85
0	85	1849	15	1	1	45	45	0	8	48	0	0	Right	7.158	5087.43	5095.43	664.93 747.85,662.7 740.47
0	86	15	2036	1	1	86	86	0	16	96	0	0	Straight	0.0	5095.43	5111.43	662.7 740.47,658.79 736.18
0	87	2036	1760	1	1	83	83	0	15	95	1	0	Straight	0.0	5111.43	5206.43	658.79 736.18,654.86 730.93
0	88	1760	208	1	1	18	18	0	3	13	0	0	U	57.264	5263.69	5266.69	654.86 730.93,655.21 734.31
0	89	208	2036	1	1	90	90	0	16	106	1	0	Right	7.158	5273.85	5379.85	655.21 734.31,658.79 736.18
0	90	2036	15	1	1	86	86	0	16	96	1	0	Straight	0.0	5379.85	5475.85	658.79 736.18,662.7 740.47
0	91	15	16	1	1	111	111	0	20	130	1	0	Straight	0.0	5475.85	5605.85	662.7 740.47,666.98 742.36
0	92	16	15	1	1	111	111	0	20	130	0	0	U	57.264	5663.11	5683.11	666.98 742.36,662.7 740.47
0	93	15	1849	1	1	45	45	0	8	48	1	0	Right	7.158	5690.27	5738.27	662.7 740.47,664.93 747.85
0	94	1849	2193	1	1	72	72	0	13	83	1	0	Straight	0.0	5738.27	5821.27	664.93 747.85,666.3 753.41
0	95	2193	2416	1	1	44	44	0	8	48	1	0	Straight	0.0	5821.27	5869.27	666.3 753.41,669.08 757.96
0	96	2416	2193	1	1	44	44	0	8	48	0	0	U	57.264	5926.54	5934.54	669.08 757.96,666.3 753.41
0	97	2193	211	1	1	122	122	0	22	142	1	0	Straight	0.0	5934.54	6076.54	666.3 753.41,662.04 750.26
0	98	211	212	1	1	51	51	0	9	59	1	0	Straight	0.0	6076.54	6135.54	662.04 750.26,656.79 748.02
0	99	212	2434	1	1	99	99	0	18	108	1	0	Right	7.158	6142.69	6250.69	656.79 748.02,654.26 751.45
0	100	2434	212	1	1	99	99	0	18	108	0	0	U	57.264	6307.96	6325.96	654.26 751.45,656.79 748.02
0	101	212	209	1	1	51	51	0	9	59	1	0	Right	7.158	6333.12	6392.12	656.79 748.02,653.26 741.95
0	102	209	207	1	1	99	99	0	18	108	1	0	Straight	0.0	6392.12	6500.12	653.26 741.95,651.0 733.27
0	103	207	208	1	1	118	118	0	21	131	1	0	Left	14.316	6514.43	6645.43	651.0 733.27,655.21 734.31
0	104	208	1760	1	1	18	18	0	3	13	1	0	Right	7.158	6652.59	6665.59	655.21 734.31,654.86 730.93
0	105	1760	2154	1	1	76	76	0	14	84	1	0	Straight	0.0	6665.59	6749.59	654.86 730.93,649.85 725.0
0	106	2154	223	1	1	71	71	0	13	83	0	0	Straight	0.0	6749.59	6762.59	649.85 725.0,644.97 713.99
0	107	223	1794	1	1	26	26	0	5	25	0	0	Straight	0.0	6762.59	6767.59	644.97 713.99,639.1 701.33
0	108	1794	1793	1	1	113	113	0	20	130	1	0	Right	7.158	6774.75	6904.75	639.1 701.33,630.31 703.05
0	109	1793	1628	1	1	176	176	0	32	202	1	0	Straight	0.0	6904.75	7106.75	630.31 703.05,621.57 702.86
0	110	1628	258	1	1	162	162	0	29	189	1	0	Straight	0.0	7106.75	7295.75	621.57 702.86,611.78 700.69
0	111	258	257	1	1	59	59	0	11	61	1	0	Straight	0.0	7295.75	7356.75	611.78 700.69,600.48 697.78
0	112	257	275	1	1	354	354	0	64	414	1	0	U	57.264	7414.01	7828.01	600.48 697.78,611.27 697.0
0	113	275	276	1	1	143	143	0	26	166	1	0	Straight	0.0	7828.01	7994.01	611.27 697.0,619.87 694.12
0	114	276	279	1	1	123	123	0	22	142	1	0	Straight	0.0	7994.01	8136.01	619.87 694.12,627.32 688.54
0	115	279	280	1	1	105	105	0	19	119	1	0	Straight	0.0	8136.01	8255.01	627.32 688.54,634.3 681.99
0	116	280	226	1	1	181	181	0	33	213	1	0	Straight	0.0	8255.01	8468.01	634.3 681.99,642.22 673.25
0	117	226	227	1	1	96	96	0	17	107	0	0	Straight	0.0	8468.01	8485.01	642.22 673.25,650.28 656.62
0	118	227	1888	1	1	199	199	0	36	226	1	0	Straight	0.0	8485.01	8711.01	650.28 656.62,663.7 640.65
0	119	1888	2073	1	1	69	69	0	12	72	1	0	Left	14.316	8725.33	8797.33	663.7 640.65,669.18 644.96
0	120	2073	2417	1	1	32	32	0	6	36	1	0	Straight	0.0	8797.33	8833.33	669.18 644.96,673.89 646.09
0	121	2417	2073	1	1	32	32	0	6	36	0	0	U	57.264	8890.59	8896.59	673.89 646.09,669.18 644.96
0	122	2073	2372	1	1	73	73	0	13	83	1	0	Right	7.158	8903.75	8986.75	669.18 644.96,671.1 649.12
0	123	2372	2073	1	1	73	73	0	13	83	0	0	U	57.264	9044.01	9057.01	671.1 649.12,669.18 644.96
0	124	2073	1888	1	1	69	69	0	12	72	0	0	Straight	0.0	9057.01	9069.01	669.18 644.96,663.7 640.65
0	125	1888	2314	1	1	519	519	0	93	603	1	0	Left	14.316	9083.33	9686.33	663.7 640.65,663.79 616.0
0	126	2314	20	1	1	106	106	0	19	119	1	0	Left	14.316	9700.65	9819.65	663.79 616.0,674.88 618.41
0	127	20	19	1	1	119	119	0	21	131	1	0	Straight	0.0	9819.65	9950.65	674.88 618.41,684.23 622.64
0	128	19	12	1	1	69	69	0	12	72	1	0	Right	7.158	9957.8	10029.8	684.23 622.64,686.2 617.82
0	129	12	1832	1	1	32	32	0	6	36	1	0	Right	7.158	10037.0	10073.0	686.2 617.82,684.78 615.31
0	130	1832	12	1	1	32	32	0	6	36	0	0	U	57.264	10130.2	10136.2	684.78 615.31,686.2 617.82
0	131	12	11	1	1	23	23	0	4	24	1	0	Right	7.158	10143.4	10167.4	686.2 617.82,690.45 615.06
0	132	11	2383	1	1	44	44	0	8	48	0	0	Straight	0.0	10167.4	10175.4	690.45 615.06,695.72 616.12
0	133	2383	11	1	1	44	44	0	8	48	1	0	U	57.264	10232.6	10280.6	695.72 616.12,690.45 615.06
0	134	11	13	1	1	22	22	0	4	24	1	0	Straight	0.0	10280.6	10304.6	690.45 615.06,686.05 612.25
0	135	13	14	1	1	39	39	0	7	37	1	0	Left	14.316	10319.0	10356.0	686.05 612.25,690.32 610.11
0	136	14	13	1	1	39	39	0	7	37	0	0	U	57.264	10413.2	10420.2	690.32 610.11,686.05 612.25
0	137	13	23	1	1	207	207	0	37	237	1	0	Straight	0.0	10420.2	10657.2	686.05 612.25,679.4 614.25
0	138	23	2271	1	1	49	49	0	9	49	1	0	Right	7.158	10664.4	10713.4	679.4 614.25,680.24 617.84
0	139	2271	23	1	1	49	49	0	9	49	0	0	U	57.264	10770.6	10779.6	680.24 617.84,679.4 614.25
0	140	23	20	1	1	71	71	0	13	83	1	0	Right	7.158	10786.8	10869.8	679.4 614.25,674.88 618.41
0	141	20	19	1	1	119	119	0	21	131	0	0	Right	7.158	10877.0	10898.0	674.88 618.41,684.23 622.64
0	142	19	9	1	1	70	70	0	13	83	1	0	Straight	0.0	10898.0	10981.0	684.23 622.64,692.22 627.93
0	143	9	8	1	1	106	106	0	19	119	0	0	Straight	0.0	10981.0	11000.0	692.22 627.93,700.71 634.27
0	144	8	2303	1	1	39	39	0	7	37	1	0	Straight	0.0	11000.0	11037.0	700.71 634.27,705.14 635.2
0	145	2303	8	1	1	39	39	0	7	37	0	0	U	57.264	11094.2	11101.2	705.14 635.2,700.71 634.27
0	146	8	9	1	1	106	106	0	19	119	1	0	Straight	0.0	11101.2	11220.2	700.71 634.27,692.22 627.93
0	147	9	10	1	1	55	55	0	10	60	1	0	Straight	0.0	11220.2	11280.2	692.22 627.93,688.82 624.26
0	148	10	9	1	1	55	55	0	10	60	0	0	U	57.264	11337.5	11347.5	688.82 624.26,692.22 627.93
0	149	9	8	1	1	106	106	0	19	119	0	0	Straight	0.0	11347.5	11366.5	692.22 627.93,700.71 634.27
0	150	8	7	1	1	51	51	0	9	59	1	0	Straight	0.0	11366.5	11425.5	700.71 634.27,707.28 640.56
0	151	7	2113	1	1	55	55	0	10	60	1	0	Straight	0.0	11425.5	11485.5	707.28 640.56,712.0 641.51
0	152	2113	7	1	1	55	55	0	10	60	0	0	U	57.264	11542.8	11552.8	712.0 641.51,707.28 640.56
0	153	7	174	1	1	54	54	0	10	60	1	0	U	57.264	11610.0	11670.0	707.28 640.56,712.37 647.56
0	154	174	1600	1	1	48	48	0	9	49	1	0	Straight	0.0	11670.0	11719.0	712.37 647.56,717.39 648.92
0	155	1600	174	1	1	48	48	0	9	49	0	0	U	57.264	11776.3	11785.3	717.39 648.92,712.37 647.56
0	156	174	1710	1	1	56	56	0	10	60	1	0	Right	7.158	11792.4	11852.4	712.37 647.56,715.12 655.0
0	157	1710	2285	1	1	86	86	0	15	95	1	0	Straight	0.0	11852.4	11947.4	715.12 655.0,720.11 657.37
0	158	2285	1710	1	1	86	86	0	15	95	0	0	U	57.264	12004.7	12019.7	720.11 657.37,715.12 655.0
0	159	1710	1811	1	1	188	188	0	34	214	1	0	Right	7.158	12026.9	12240.9	715.12 655.0,711.49 660.49
0	160	1811	1887	1	1	53	53	0	9	59	1	0	Straight	0.0	12240.9	12299.9	711.49 660.49,706.46 663.45
0	161	1887	6	1	1	260	260	0	47	307	1	0	Right	7.158	12307.0	12614.0	706.46 663.45,712.92 665.57
0	162	6	4	1	1	38	38	0	7	37	1	0	Straight	0.0	12614.0	12651.0	712.92 665.57,718.9 670.4
0	163	4	5	0	1	28	28	0	5	25	1	0	Straight	0.0	12651.0	12676.0	718.9 670.4,723.88 674.54
0	164	5	154	1	1	33	33	0	6	36	1	0	Straight	0.0	12676.0	12712.0	723.88 674.54,727.1 677.13
0	165	154	5	1	1	33	33	0	6	36	0	0	U	57.264	12769.3	12775.3	727.1 677.13,723.88 674.54
0	166	5	4	0	1	36	36	0	7	37	1	0	Straight	0.0	12775.3	12812.3	723.88 674.54,718.9 670.4
0	167	4	6	1	1	38	38	0	7	37	0	0	Straight	0.0	12812.3	12819.3	718.9 670.4,712.92 665.57
0	168	6	1811	1	1	49	49	0	9	49	1	0	Straight	0.0	12819.3	12868.3	712.92 665.57,711.49 660.49
0	169	1811	1887	1	1	53	53	0	9	59	0	0	Right	7.158	12875.4	12884.4	711.49 660.49,706.46 663.45
0	170	1887	201	1	1	73	73	0	13	83	1	0	Straight	0.0	12884.4	12967.4	706.46 663.45,697.56 663.38
0	171	201	182	1	1	205	205	0	37	237	1	0	Right	7.158	12974.6	13211.6	697.56 663.38,700.07 668.59
0	172	182	181	1	1	83	83	0	15	95	0	0	Straight	0.0	13211.6	13226.6	700.07 668.59,704.37 672.16
0	173	181	182	1	1	83	83	0	15	95	1	0	U	57.264	13283.9	13378.9	704.37 672.16,700.07 668.59
0	174	182	21	1	1	179	179	0	32	202	1	0	Right	7.158	13386.0	13588.0	700.07 668.59,695.82 670.32
0	175	21	22	1	1	92	92	0	16	106	1	0	Right	7.158	13595.2	13701.2	695.82 670.32,698.78 675.1
0	176	22	21	1	1	92	92	0	16	106	0	0	U	57.264	13758.4	13774.4	698.78 675.1,695.82 670.32
0	177	21	27	1	1	60	60	0	11	71	1	0	Straight	0.0	13774.4	13845.4	695.82 670.32,690.85 666.35
0	178	27	28	1	1	74	74	0	13	83	1	0	Right	7.158	13852.6	13935.6	690.85 666.35,686.78 668.66
0	179	28	2262	1	1	54	54	0	10	60	1	0	Right	7.158	13942.8	14002.8	686.78 668.66,686.38 672.8
0	180	2262	28	1	1	54	54	0	10	60	0	0	U	57.264	14060.0	14070.0	686.38 672.8,686.78 668.66
0	181	28	217	1	1	105	105	0	19	119	1	0	Right	7.158	14077.2	14196.2	686.78 668.66,682.95 665.63
0	182	217	216	1	1	83	83	0	15	95	1	0	U	57.264	14253.4	14348.4	682.95 665.63,689.04 676.62
0	183	216	214	1	1	66	66	0	12	72	1	0	Straight	0.0	14348.4	14420.4	689.04 676.62,694.48 685.69
0	184	214	213	1	1	52	52	0	9	59	0	0	Straight	0.0	14420.4	14429.4	694.48 685.69,695.74 689.75
0	185	213	214	1	1	52	52	0	9	59	1	0	U	57.264	14486.7	14545.7	695.74 689.75,694.48 685.69
0	186	214	2176	1	1	59	59	0	11	61	1	0	U	57.264	14603.0	14664.0	694.48 685.69,699.63 692.96
0	187	2176	2177	1	1	35	35	0	6	36	1	0	Straight	0.0	14664.0	14700.0	699.63 692.96,701.02 698.06
0	188	2177	2176	1	1	35	35	0	6	36	0	0	U	57.264	14757.2	14763.2	701.02 698.06,699.63 692.96
0	189	2176	2410	1	1	32	32	0	6	36	1	0	U	57.264	14820.5	14856.5	699.63 692.96,704.1 696.47
0	190	2410	2176	1	1	32	32	0	6	36	0	0	U	57.264	14913.8	14919.8	704.1 696.47,699.63 692.96
0	191	2176	214	1	1	59	59	0	11	61	0	0	Straight	0.0	14919.8	14930.8	699.63 692.96,694.48 685.69
0	192	214	216	1	1	66	66	0	12	72	0	0	Straight	0.0	14930.8	14942.8	694.48 685.69,689.04 676.62
0	193	216	215	1	1	54	54	0	10	60	0	0	U	57.264	15000.0	15010.0	689.04 676.62,690.87 681.13
0	194	215	216	1	1	54	54	0	10	60	1	0	U	57.264	15067.3	15127.3	690.87 681.13,689.04 676.62
0	195	216	217	1	1	83	83	0	15	95	0	0	Straight	0.0	15127.3	15142.3	689.04 676.62,682.95 665.63
0	196	217	29	1	1	299	299	0	54	344	1	0	Straight	0.0	15142.3	15486.3	682.95 665.63,676.14 653.85
0	197	29	1888	1	1	88	88	0	16	96	1	0	Straight	0.0	15486.3	15582.3	676.14 653.85,663.7 640.65
0	198	1888	2314	1	1	519	519	0	93	603	0	0	Straight	0.0	15582.3	15675.3	663.7 640.65,663.79 616.0
0	199	2314	1312	1	1	221	221	0	40	260	1	0	Straight	0.0	15675.3	15935.3	663.79 616.0,659.12 591.06
0	200	1312	1306	1	1	117	117	0	21	131	1	0	Straight	0.0	15935.3	16066.3	659.12 591.06,654.82 566.3
0	201	1306	1924	1	1	13	13	0	2	12	1	0	Straight	0.0	16066.3	16078.3	654.82 566.3,657.71 548.81
0	202	1924	1306	1	1	13	13	0	2	12	0	0	U	57.264	16135.6	16137.6	657.71 548.81,654.82 566.3
0	203	1306	1312	1	1	117	117	0	21	131	0	0	Straight	0.0	16137.6	16158.6	654.82 566.3,659.12 591.06
0	204	1312	2241	1	1	339	339	0	61	391	1	0	Right	7.158	16165.7	16556.7	659.12 591.06,662.85 590.9
0	205	2241	1312	1	1	339	339	0	61	391	0	0	U	57.264	16614.0	16675.0	662.85 590.9,659.12 591.06
0	206	1312	1306	1	1	117	117	0	21	131	0	0	Left	14.316	16689.3	16710.3	659.12 591.06,654.82 566.3
0	207	1306	1307	0	0	0	0	0	37	0	0	0	Left	14.316	16724.6	16761.6	654.82 566.3,667.43 553.85
0	208	1307	1507	1	1	13	13	0	2	12	1	0	Straight	0.0	16761.6	16773.6	667.43 553.85,676.53 540.56
0	209	1507	1307	1	1	13	13	0	2	12	0	0	U	57.264	16830.9	16832.9	676.53 540.56,667.43 553.85
0	210	1307	1732	0	0	0	0	0	18	0	0	0	Right	7.158	16840.0	16858.0	667.43 553.85,676.83 553.64
0	211	1732	1508	0	0	0	0	0	24	0	0	0	Right	7.158	16865.2	16889.2	676.83 553.64,679.33 550.7
1	0	1508	1509	0	0	0	0	0	23	0	0	300		0.0	17189.2	17212.2	679.33 550.7,677.61 547.31
1	1	1509	1507	0	0	0	0	0	18	0	0	0	Straight	0.0	17212.2	17230.2	677.61 547.31,676.53 540.56
1	2	1507	1924	0	0	0	0	0	37	0	0	0	Right	7.158	17237.4	17274.4	676.53 540.56,657.71 548.81
1	3	1924	1925	0	0	0	0	0	153	0	0	0	Left	14.316	17288.7	17441.7	657.71 548.81,641.04 541.96
1	4	1925	1154	0	0	0	0	0	24	0	0	0	Straight	0.0	17441.7	17465.7	641.04 541.96,628.4 534.79
1	5	1154	1165	0	0	0	0	0	10	0	0	0	Straight	0.0	17465.7	17475.7	628.4 534.79,616.11 530.15
1	6	1165	1166	0	0	0	0	0	29	0	0	0	Straight	0.0	17475.7	17504.7	616.11 530.15,600.82 526.78
1	7	1166	1399	0	0	0	0	0	1	0	0	0	Straight	0.0	17504.7	17505.7	600.82 526.78,588.79 516.59
1	8	1399	1839	0	0	0	0	0	56	0	0	0	Straight	0.0	17505.7	17561.7	588.79 516.59,573.16 502.95
1	9	1839	1656	0	0	0	0	0	1	0	0	0	Straight	0.0	17561.7	17562.7	573.16 502.95,563.42 483.44
1	10	1656	1396	0	0	0	0	0	2	0	0	0	Right	7.158	17569.8	17571.8	563.42 483.44,555.48 487.09
1	11	1396	1397	0	0	0	0	0	3	0	0	0	Straight	0.0	17571.8	17574.8	555.48 487.09,548.87 485.64
1	12	1397	1159	0	0	0	0	0	6	0	0	0	Right	7.158	17582.0	17588.0	548.87 485.64,539.71 492.95
1	13	1159	1160	1	0	0	0	0	54	0	0	0	Straight	0.0	17588.0	17642.0	539.71 492.95,521.43 492.3
1	14	1160	1670	1	0	0	0	0	33	0	0	0	Right	7.158	17649.1	17682.1	521.43 492.3,514.08 504.69
1	15	1670	1182	1	0	0	0	0	31	0	0	0	Straight	0.0	17682.1	17713.1	514.08 504.69,502.95 511.05
1	16	1182	2103	1	1	160	160	0	29	189	1	0	Left	14.316	17727.5	17916.5	502.95 511.05,497.65 504.62
1	17	2103	173	1	0	0	0	0	57	0	0	0	Right	7.158	17923.6	17980.6	497.65 504.62,489.09 511.89
1	18	173	527	1	0	0	0	0	26	0	0	0	Left	14.316	17994.9	18020.9	489.09 511.89,481.55 504.26
1	19	527	170	1	0	0	0	0	20	0	0	0	Straight	0.0	18020.9	18040.9	481.55 504.26,475.68 495.28
1	20	170	565	1	0	0	0	0	9	0	0	0	Straight	0.0	18040.9	18049.9	475.68 495.28,476.24 482.63
1	21	565	222	1	0	0	0	0	59	0	0	0	Right	7.158	18057.1	18116.1	476.24 482.63,458.02 492.7
1	22	222	221	1	0	0	0	0	46	0	0	0	Straight	0.0	18116.1	18162.1	458.02 492.7,438.14 503.31
1	23	221	416	1	0	0	0	0	155	0	0	0	Straight	0.0	18162.1	18317.1	438.14 503.31,415.08 521.65
1	24	416	415	1	0	0	0	0	178	0	0	0	Straight	0.0	18317.1	18495.1	415.08 521.65,384.78 529.86
1	25	415	451	1	0	0	0	0	23	0	0	0	Straight	0.0	18495.1	18518.1	384.78 529.86,359.28 532.43
1	26	451	842	1	0	0	0	0	18	0	0	0	Straight	0.0	18518.1	18536.1	359.28 532.43,342.35 542.23
1	27	842	849	1	0	0	0	0	1	0	0	0	Left	14.316	18550.4	18551.4	342.35 542.23,326.29 530.99
1	28	849	653	1	0	0	0	0	58	0	0	0	Straight	0.0	18551.4	18609.4	326.29 530.99,303.71 526.94
1	29	653	910	1	0	0	0	0	4	0	0	0	Left	14.316	18623.7	18627.7	303.71 526.94,295.89 514.5
1	30	910	895	1	0	0	0	0	25	0	0	0	Left	14.316	18642.0	18667.0	295.89 514.5,299.37 508.08
1	31	895	496	1	1	143	143	0	26	166	1	0	Straight	0.0	18667.0	18833.0	299.37 508.08,303.66 504.35
1	32	496	2343	1	1	125	125	0	22	142	1	0	Left	14.316	18847.4	18989.4	303.66 504.35,305.7 507.41
1	33	2343	496	1	1	125	125	0	22	142	0	0	U	57.264	19046.6	19068.6	305.7 507.41,303.66 504.35
1	34	496	497	1	1	268	268	0	48	308	1	0	Left	14.316	19082.9	19390.9	303.66 504.35,304.88 498.7
1	35	497	477	1	1	79	79	0	14	84	1	0	Left	14.316	19405.3	19489.3	304.88 498.7,316.89 501.06
1	36	477	843	1	1	93	93	0	17	107	1	0	Straight	0.0	19489.3	19596.3	316.89 501.06,328.11 505.23
1	37	843	470	1	1	92	92	0	17	107	1	0	Right	7.158	19603.4	19710.4	328.11 505.23,328.67 491.09
1	38	470	449	1	1	77	77	0	14	84	1	0	Straight	0.0	19710.4	19794.4	328.67 491.09,334.57 475.57
1	39	449	418	1	1	144	144	0	26	166	1	0	Straight	0.0	19794.4	19960.4	334.57 475.57,337.05 465.39
1	40	418	1555	1	1	79	79	0	14	84	1	0	Straight	0.0	19960.4	20044.4	337.05 465.39,339.13 457.48
1	41	1555	2265	1	1	23	23	0	4	24	1	0	Straight	0.0	20044.4	20068.4	339.13 457.48,343.13 451.04
1	42	2265	417	0	1	28	28	0	5	25	1	0	U	57.264	20125.7	20150.7	343.13 451.04,341.16 458.17
1	43	417	1555	0	1	23	23	0	4	24	1	0	Left	14.316	20165.0	20189.0	341.16 458.17,339.13 457.48
1	44	1555	418	1	1	79	79	0	14	84	0	0	Right	7.158	20196.1	20210.1	339.13 457.48,337.05 465.39
1	45	418	462	1	1	309	309	0	56	356	1	0	Straight	0.0	20210.1	20566.1	337.05 465.39,332.92 469.75
1	46	462	449	1	1	239	239	0	43	273	1	0	Right	7.158	20573.3	20846.3	332.92 469.75,334.57 475.57
1	47	449	2311	1	1	360	360	0	65	425	1	0	Right	7.158	20853.5	21278.5	334.57 475.57,340.94 465.75
1	48	2311	2312	1	1	120	120	0	22	142	1	0	Straight	0.0	21278.5	21420.5	340.94 465.75,344.72 464.92
1	49	2312	2311	1	1	120	120	0	22	142	0	0	U	57.264	21477.7	21499.7	344.72 464.92,340.94 465.75
1	50	2311	2342	1	1	179	179	0	32	202	1	0	Left	14.316	21514.0	21716.0	340.94 465.75,345.85 455.76
1	51	2342	403	1	1	41	41	0	7	47	1	0	Straight	0.0	21716.0	21763.0	345.85 455.76,349.89 445.9
1	52	403	402	1	1	99	99	0	18	108	1	0	Straight	0.0	21763.0	21871.0	349.89 445.9,354.34 436.87
1	53	402	397	1	1	129	129	0	23	143	1	0	Straight	0.0	21871.0	22014.0	354.34 436.87,360.85 429.3
1	54	397	747	1	1	117	117	0	21	131	1	0	Straight	0.0	22014.0	22145.0	360.85 429.3,368.45 423.48
1	55	747	2121	1	1	134	134	0	24	154	1	0	Straight	0.0	22145.0	22299.0	368.45 423.48,375.64 423.5
1	56	2121	2120	1	1	175	175	0	32	202	1	0	Straight	0.0	22299.0	22501.0	375.64 423.5,382.93 423.35
1	57	2120	2146	1	1	312	312	0	56	366	1	0	Straight	0.0	22501.0	22867.0	382.93 423.35,391.65 423.51
1	58	2146	278	1	1	191	191	0	34	224	1	0	Straight	0.0	22867.0	23091.0	391.65 423.51,403.65 429.84
1	59	278	295	1	1	130	130	0	23	153	1	0	U	57.264	23148.3	23301.3	403.65 429.84,401.72 425.7
1	60	295	2046	1	1	142	142	0	26	166	1	0	Straight	0.0	23301.3	23467.3	401.72 425.7,402.24 419.92
1	61	2046	292	1	1	185	185	0	33	213	1	0	Left	14.316	23481.6	23694.6	402.24 419.92,408.57 418.19
1	62	292	349	1	1	202	202	0	36	236	1	0	Right	7.158	23701.8	23937.8	408.57 418.19,402.04 407.01
1	63	349	350	1	1	113	113	0	20	130	1	0	Left	14.316	23952.1	24082.1	402.04 407.01,406.63 404.26
1	64	350	751	1	1	57	57	0	10	60	1	0	Right	7.158	24089.3	24149.3	406.63 404.26,407.73 399.36
1	65	751	752	1	1	96	96	0	17	107	1	0	Right	7.158	24156.4	24263.4	407.73 399.36,403.23 396.49
1	66	752	1669	1	1	234	234	0	42	272	1	0	U	57.264	24320.7	24592.7	403.23 396.49,411.61 395.9
1	67	1669	777	1	1	111	111	0	20	130	1	0	Right	7.158	24599.8	24729.8	411.61 395.9,405.63 390.46
1	68	777	2364	1	1	46	46	0	8	48	1	0	Straight	0.0	24729.8	24777.8	405.63 390.46,404.57 386.01
1	69	2364	777	1	1	46	46	0	8	48	0	0	U	57.264	24835.1	24843.1	404.57 386.01,405.63 390.46
1	70	777	355	1	1	670	670	0	121	791	1	0	Right	7.158	24850.3	25641.3	405.63 390.46,426.41 393.74
1	71	355	311	1	1	228	228	0	41	261	1	0	Straight	0.0	25641.3	25902.3	426.41 393.74,447.99 396.05
1	72	311	715	1	1	58	58	0	10	60	1	0	Straight	0.0	25902.3	25962.3	447.99 396.05,470.62 391.45
1	73	715	2125	1	1	290	290	0	52	342	0	0	Right	7.158	25969.4	26021.4	470.62 391.45,470.16 386.51
1	74	2125	2126	1	1	120	120	0	22	142	1	0	Right	7.158	26028.6	26170.6	470.16 386.51,466.46 385.02
1	75	2126	2125	1	1	120	120	0	22	142	0	0	U	57.264	26227.8	26249.8	466.46 385.02,470.16 386.51
1	76	2125	715	1	1	290	290	0	52	342	1	0	Left	14.316	26264.2	26606.2	470.16 386.51,470.62 391.45
1	77	715	288	1	1	271	271	0	49	319	1	0	Right	7.158	26613.3	26932.3	470.62 391.45,493.33 387.69
1	78	288	712	1	1	150	150	0	27	177	1	0	Straight	0.0	26932.3	27109.3	493.33 387.69,509.0 384.56
1	79	712	711	1	0	0	0	0	2	0	0	0	Straight	0.0	27109.3	27111.3	509.0 384.56,524.13 380.68
1	80	711	713	1	1	17	17	0	3	13	1	0	Straight	0.0	27111.3	27124.3	524.13 380.68,538.49 376.33
1	81	713	315	1	1	19	19	0	3	13	1	0	Straight	0.0	27124.3	27137.3	538.49 376.33,551.92 371.66
1	82	315	328	1	1	77	77	0	14	84	1	0	Straight	0.0	27137.3	27221.3	551.92 371.66,563.02 364.84
1	83	328	327	1	1	50	50	0	9	59	1	0	Straight	0.0	27221.3	27280.3	563.02 364.84,572.82 357.2
1	84	327	738	1	1	154	154	0	28	178	1	0	Straight	0.0	27280.3	27458.3	572.82 357.2,581.26 348.19
1	85	738	1749	1	1	11	11	0	2	12	1	0	Straight	0.0	27458.3	27470.3	581.26 348.19,587.24 339.24
1	86	1749	375	1	1	89	89	0	16	96	1	0	Straight	0.0	27470.3	27566.3	587.24 339.24,588.54 329.81
1	87	375	374	1	1	94	94	0	17	107	1	0	Straight	0.0	27566.3	27673.3	588.54 329.81,584.02 321.03
1	88	374	755	1	1	15	15	0	3	13	1	0	Straight	0.0	27673.3	27686.3	584.02 321.03,575.8 313.97
1	89	755	391	1	1	91	91	0	16	106	1	0	Straight	0.0	27686.3	27792.3	575.8 313.97,565.12 308.21
1	90	391	390	1	1	86	86	0	15	95	1	0	Straight	0.0	27792.3	27887.3	565.12 308.21,553.13 302.75
1	91	390	790	1	1	328	328	0	59	379	1	0	Left	14.316	27901.6	28280.6	553.13 302.75,567.69 294.06
1	92	790	789	1	1	94	94	0	17	107	1	0	Straight	0.0	28280.6	28387.6	567.69 294.06,579.53 285.31
1	93	789	2420	1	1	117	117	0	21	131	1	0	Straight	0.0	28387.6	28518.6	579.53 285.31,584.04 282.33
1	94	2420	789	1	1	117	117	0	21	131	0	0	U	57.264	28575.9	28596.9	584.04 282.33,579.53 285.31
1	95	789	790	1	1	94	94	0	17	107	0	0	Straight	0.0	28596.9	28613.9	579.53 285.31,567.69 294.06
1	96	790	1665	1	1	166	166	0	30	190	1	0	U	57.264	28671.2	28861.2	567.69 294.06,575.27 292.48
1	97	1665	1666	1	1	10	10	0	2	12	1	0	Straight	0.0	28861.2	28873.2	575.27 292.48,579.39 290.4
1	98	1666	1665	1	1	10	10	0	2	12	0	0	U	57.264	28930.4	28932.4	579.39 290.4,575.27 292.48
1	99	1665	790	1	1	166	166	0	30	190	0	0	Straight	0.0	28932.4	28962.4	575.27 292.48,567.69 294.06
1	100	790	390	1	1	328	328	0	59	379	0	0	Straight	0.0	28962.4	29021.4	567.69 294.06,553.13 302.75
1	101	390	392	1	1	283	283	0	51	331	1	0	Straight	0.0	29021.4	29352.4	553.13 302.75,533.03 305.26
1	102	392	1778	1	1	38	38	0	7	37	1	0	Straight	0.0	29352.4	29389.4	533.03 305.26,512.65 307.61
1	103	1778	409	1	1	49	49	0	9	49	1	0	Straight	0.0	29389.4	29438.4	512.65 307.61,492.08 310.13
1	104	409	2094	1	1	51	51	0	9	59	1	0	Straight	0.0	29438.4	29497.4	492.08 310.13,471.29 313.39
1	105	2094	750	1	1	161	161	0	29	189	1	0	Straight	0.0	29497.4	29686.4	471.29 313.39,450.47 317.04
1	106	750	2026	1	1	296	296	0	53	343	1	0	Straight	0.0	29686.4	30029.4	450.47 317.04,431.52 322.97
1	107	2026	864	1	1	283	283	0	51	331	1	0	Straight	0.0	30029.4	30360.4	431.52 322.97,413.1 329.07
1	108	864	863	1	1	139	139	0	25	155	1	0	Straight	0.0	30360.4	30515.4	413.1 329.07,395.02 335.48
1	109	863	1745	1	1	19	19	0	3	13	1	0	Straight	0.0	30515.4	30528.4	395.02 335.48,377.2 341.69
1	110	1745	562	1	1	88	88	0	16	96	1	0	Straight	0.0	30528.4	30624.4	377.2 341.69,359.33 347.26
1	111	562	561	1	1	265	265	0	48	308	1	0	Straight	0.0	30624.4	30932.4	359.33 347.26,341.6 352.6
1	112	561	951	1	0	0	0	0	65	0	0	0	U	57.264	30989.7	31054.7	341.6 352.6,362.6 336.16
1	113	951	610	1	0	0	0	0	5	0	0	0	Straight	0.0	31054.7	31059.7	362.6 336.16,383.27 322.52
1	114	610	611	1	0	0	0	0	13	0	0	0	Straight	0.0	31059.7	31072.7	383.27 322.52,386.97 314.45
1	115	611	957	1	0	0	0	0	12	0	0	0	Straight	0.0	31072.7	31084.7	386.97 314.45,393.42 311.13
1	116	957	1528	1	0	0	0	0	9	0	0	0	Right	7.158	31091.8	31100.8	393.42 311.13,385.69 307.89
1	117	1528	1004	1	0	0	0	0	24	0	0	0	Straight	0.0	31100.8	31124.8	385.69 307.89,378.59 301.43
1	118	1004	2011	1	0	0	0	0	249	0	0	0	Straight	0.0	31124.8	31373.8	378.59 301.43,372.78 294.49
1	119	2011	923	1	0	0	0	0	100	0	0	0	Straight	0.0	31373.8	31473.8	372.78 294.49,367.72 288.77
1	120	923	922	1	0	0	0	0	20	0	0	0	Straight	0.0	31473.8	31493.8	367.72 288.77,363.4 284.32
1	121	922	2277	1	0	0	0	0	91	0	0	0	Straight	0.0	31493.8	31584.8	363.4 284.32,360.38 280.33
2	0	2277	2277	-1	-1	0	0	0	0	0	0	300		0.0	31584.8	31884.8	360.38 280.33,360.38 280.33
