Problem Type	Solution Method	Vehicle Capacity (Weight)	Vehicle Capacity(Volume)	Disposal Trips	Route Time	Route Time wo Turns	Computational Time(Sec)	Clustering Time(Sec)	VA(CCI)	VA(NHO)	VA(ATD)	VA(DMT)	VA(AOI)	VA(ROI)	Optimal
MCARPTIF-TP	WJ19	10000	10000	2	32419.5	29800	103.128	0	1	0.00605065	1225.77	35676.5	0.106005	0.084541	0
Load No	Sequence No	Starting Node	Ending Node	Is Edge	Required	Weight	Volume	Travel Miles	Travel Time	Service Time	Served	Dumped	Turn Type	Turn Cost	Depart Time	Arrival Time	Shape
0	0	1083	2085	1	0	0	0	0	71	0	0	300		0.0	300.0	371.0	446.0 251.77,421.88 250.66
0	1	2085	1825	0	0	0	0	0	21	0	0	0	Straight	0.0	371.0	392.0	421.88 250.66,401.59 256.48
0	2	1825	615	1	0	0	0	0	27	0	0	0	Straight	0.0	392.0	419.0	401.59 256.48,379.09 271.73
0	3	615	616	1	0	0	0	0	3	0	0	0	Straight	0.0	419.0	422.0	379.09 271.73,363.03 281.58
0	4	616	607	1	0	0	0	0	22	0	0	0	Straight	0.0	422.0	444.0	363.03 281.58,341.47 281.28
0	5	607	593	1	0	0	0	0	30	0	0	0	Straight	0.0	444.0	474.0	341.47 281.28,320.19 279.47
0	6	593	594	1	0	0	0	0	34	0	0	0	Straight	0.0	474.0	508.0	320.19 279.47,307.38 288.17
0	7	594	564	1	0	0	0	0	26	0	0	0	Straight	0.0	508.0	534.0	307.38 288.17,297.85 297.27
0	8	564	556	1	0	0	0	0	27	0	0	0	Straight	0.0	534.0	561.0	297.85 297.27,289.6 308.42
0	9	556	2097	1	0	0	0	0	25	0	0	0	Straight	0.0	561.0	586.0	289.6 308.42,279.58 320.46
0	10	2097	969	1	0	0	0	0	24	0	0	0	Straight	0.0	586.0	610.0	279.58 320.46,267.88 330.78
0	11	969	506	1	0	0	0	0	43	0	0	0	Straight	0.0	610.0	653.0	267.88 330.78,262.85 344.55
0	12	506	478	1	0	0	0	0	25	0	0	0	Straight	0.0	653.0	678.0	262.85 344.55,250.63 358.81
0	13	478	477	1	0	0	0	0	61	0	0	0	Straight	0.0	678.0	739.0	250.63 358.81,247.76 376.52
0	14	477	425	0	0	0	0	0	4	0	0	0	Straight	0.0	739.0	743.0	247.76 376.52,252.31 386.31
0	15	425	424	0	0	0	0	0	20	0	0	0	Straight	0.0	743.0	763.0	252.31 386.31,257.75 396.33
0	16	424	408	0	1	11	11	0	2	12	1	0	Straight	0.0	763.0	775.0	257.75 396.33,259.57 409.9
0	17	408	1526	0	0	0	0	0	71	0	0	0	Straight	0.0	775.0	846.0	259.57 409.9,253.73 426.6
0	18	1526	312	0	0	0	0	0	67	0	0	0	Straight	0.0	846.0	913.0	253.73 426.6,254.45 442.65
0	19	312	301	0	1	114	114	0	20	130	1	0	Right	5.695	918.695	1048.7	254.45 442.65,266.64 447.82
0	20	301	300	1	0	0	0	0	76	0	0	0	Straight	0.0	1048.7	1124.7	266.64 447.82,283.21 445.57
0	21	300	699	0	0	0	0	0	12	0	0	0	Straight	0.0	1124.7	1136.7	283.21 445.57,292.86 440.41
0	22	699	249	0	1	66	66	0	12	72	1	0	Right	5.695	1142.39	1214.39	292.86 440.41,295.02 431.03
0	23	249	248	1	0	0	0	0	6	0	0	0	Left	11.389	1225.78	1231.78	295.02 431.03,302.75 437.83
0	24	248	235	0	0	0	0	0	8	0	0	0	Straight	0.0	1231.78	1239.78	302.75 437.83,310.88 442.53
0	25	235	236	0	0	0	0	0	24	0	0	0	Straight	0.0	1239.78	1263.78	310.88 442.53,323.05 445.11
0	26	236	1675	0	0	0	0	0	32	0	0	0	Straight	0.0	1263.78	1295.78	323.05 445.11,334.85 453.49
0	27	1675	222	1	1	14	14	0	3	13	1	0	Left	11.389	1307.17	1320.17	334.85 453.49,330.24 457.47
0	28	222	2123	1	1	272	272	0	49	319	1	0	Straight	0.0	1320.17	1639.17	330.24 457.47,328.94 461.56
0	29	2123	222	1	1	272	272	0	49	319	0	0	U	45.557	1684.72	1733.72	328.94 461.56,330.24 457.47
0	30	222	1675	1	1	14	14	0	3	13	0	0	Straight	0.0	1733.72	1736.72	330.24 457.47,334.85 453.49
0	31	1675	180	0	0	0	0	0	32	0	0	0	Left	11.389	1748.11	1780.11	334.85 453.49,348.05 459.75
0	32	180	179	1	0	0	0	0	2	0	0	0	Left	11.389	1791.5	1793.5	348.05 459.75,349.24 465.28
0	33	179	1520	1	0	0	0	0	7	0	0	0	Left	11.389	1804.89	1811.89	349.24 465.28,342.9 470.82
0	34	1520	604	1	0	0	0	0	8	0	0	0	Straight	0.0	1811.89	1819.89	342.9 470.82,339.42 480.12
0	35	604	1714	1	0	0	0	0	9	0	0	0	Straight	0.0	1819.89	1828.89	339.42 480.12,335.07 487.36
0	36	1714	625	1	0	0	0	0	34	0	0	0	Straight	0.0	1828.89	1862.89	335.07 487.36,329.31 494.42
0	37	625	624	1	0	0	0	0	4	0	0	0	Straight	0.0	1862.89	1866.89	329.31 494.42,322.85 500.7
0	38	624	197	1	0	0	0	0	16	0	0	0	Straight	0.0	1866.89	1882.89	322.85 500.7,315.84 505.88
0	39	197	196	1	0	0	0	0	15	0	0	0	Straight	0.0	1882.89	1897.89	315.84 505.88,307.33 506.22
0	40	196	205	1	0	0	0	0	15	0	0	0	Straight	0.0	1897.89	1912.89	307.33 506.22,298.08 506.75
0	41	205	204	1	0	0	0	0	11	0	0	0	Straight	0.0	1912.89	1923.89	298.08 506.75,288.67 506.89
0	42	204	1841	0	1	76	76	0	14	84	1	0	Straight	0.0	1923.89	2007.89	288.67 506.89,278.57 510.39
0	43	1841	238	0	1	79	79	0	14	84	1	0	Straight	0.0	2007.89	2091.89	278.57 510.39,269.65 514.88
0	44	238	237	0	1	90	90	0	16	106	1	0	Left	11.389	2103.28	2209.28	269.65 514.88,268.89 506.99
0	45	237	1373	1	1	79	79	0	14	84	1	0	Left	11.389	2220.67	2304.67	268.89 506.99,274.48 506.01
0	46	1373	683	1	1	99	99	0	18	108	1	0	Right	5.695	2310.37	2418.37	274.48 506.01,274.48 500.0
0	47	683	666	0	1	75	75	0	13	83	1	0	Left	11.389	2429.75	2512.75	274.48 500.0,283.58 497.1
0	48	666	204	0	1	189	189	0	34	214	1	0	Left	11.389	2524.14	2738.14	283.58 497.1,288.67 506.89
0	49	204	1841	0	1	76	76	0	14	84	0	0	Left	11.389	2749.53	2763.53	288.67 506.89,278.57 510.39
0	50	1841	1373	1	1	88	88	0	16	96	1	0	Left	11.389	2774.92	2870.92	278.57 510.39,274.48 506.01
0	51	1373	1372	1	1	37	37	0	7	37	1	0	Left	11.389	2882.31	2919.31	274.48 506.01,277.96 506.1
0	52	1372	1373	1	1	37	37	0	7	37	0	0	U	45.557	2964.87	2971.87	277.96 506.1,274.48 506.01
0	53	1373	237	1	1	79	79	0	14	84	0	0	Straight	0.0	2971.87	2985.87	274.48 506.01,268.89 506.99
0	54	237	682	0	1	97	97	0	17	107	1	0	Left	11.389	2997.26	3104.26	268.89 506.99,265.04 499.51
0	55	682	683	0	1	76	76	0	14	84	1	0	Left	11.389	3115.65	3199.65	265.04 499.51,274.48 500.0
0	56	683	1373	1	1	99	99	0	18	108	0	0	Left	11.389	3211.03	3229.03	274.48 500.0,274.48 506.01
0	57	1373	237	1	1	79	79	0	14	84	0	0	Left	11.389	3240.42	3254.42	274.48 506.01,268.89 506.99
0	58	237	682	0	1	97	97	0	17	107	0	0	Left	11.389	3265.81	3282.81	268.89 506.99,265.04 499.51
0	59	682	727	0	1	186	186	0	33	213	1	0	Straight	0.0	3282.81	3495.81	265.04 499.51,259.71 490.35
0	60	727	279	1	1	94	94	0	17	107	1	0	Right	5.695	3501.51	3608.51	259.71 490.35,249.07 496.59
0	61	279	1570	1	1	59	59	0	11	61	0	0	Left	11.389	3619.9	3630.9	249.07 496.59,245.5 495.33
0	62	1570	279	1	1	59	59	0	11	61	1	0	U	45.557	3676.45	3737.45	245.5 495.33,249.07 496.59
0	63	279	280	1	1	168	168	0	30	190	1	0	Straight	0.0	3737.45	3927.45	249.07 496.59,252.67 502.19
0	64	280	255	0	1	20	20	0	4	24	1	0	Right	5.695	3933.15	3957.15	252.67 502.19,257.79 502.99
0	65	255	682	0	1	77	77	0	14	84	1	0	Straight	0.0	3957.15	4041.15	257.79 502.99,265.04 499.51
0	66	682	727	0	1	186	186	0	33	213	0	0	Right	5.695	4046.84	4079.84	265.04 499.51,259.71 490.35
0	67	727	290	0	1	61	61	0	11	71	1	0	Straight	0.0	4079.84	4150.84	259.71 490.35,256.63 479.34
0	68	290	289	0	1	73	73	0	13	83	1	0	Straight	0.0	4150.84	4233.84	256.63 479.34,253.34 468.03
0	69	289	311	0	1	160	160	0	29	189	1	0	Left	11.389	4245.23	4434.23	253.34 468.03,261.6 470.86
0	70	311	1984	0	0	0	0	0	28	0	0	0	Straight	0.0	4434.23	4462.23	261.6 470.86,269.75 485.78
0	71	1984	727	1	1	152	152	0	27	177	1	0	Left	11.389	4473.62	4650.62	269.75 485.78,259.71 490.35
0	72	727	290	0	1	61	61	0	11	71	0	0	Left	11.389	4662.01	4673.01	259.71 490.35,256.63 479.34
0	73	290	289	0	1	73	73	0	13	83	0	0	Straight	0.0	4673.01	4686.01	256.63 479.34,253.34 468.03
0	74	289	335	0	1	295	295	0	53	343	1	0	Straight	0.0	4686.01	5029.01	253.34 468.03,245.13 456.3
0	75	335	317	0	0	0	0	0	4	0	0	0	Straight	0.0	5029.01	5033.01	245.13 456.3,241.26 443.73
0	76	317	312	0	0	0	0	0	1	0	0	0	Left	11.389	5044.4	5045.4	241.26 443.73,254.45 442.65
0	77	312	310	0	0	0	0	0	4	0	0	0	Left	11.389	5056.79	5060.79	254.45 442.65,257.18 455.6
0	78	310	311	0	0	0	0	0	51	0	0	0	Straight	0.0	5060.79	5111.79	257.18 455.6,261.6 470.86
0	79	311	1984	0	0	0	0	0	28	0	0	0	Straight	0.0	5111.79	5139.79	261.6 470.86,269.75 485.78
0	80	1984	666	0	0	0	0	0	33	0	0	0	Straight	0.0	5139.79	5172.79	269.75 485.78,283.58 497.1
0	81	666	667	1	0	0	0	0	31	0	0	0	Straight	0.0	5172.79	5203.79	283.58 497.1,299.8 501.29
0	82	667	197	1	0	0	0	0	24	0	0	0	Straight	0.0	5203.79	5227.79	299.8 501.29,315.84 505.88
0	83	197	600	1	0	0	0	0	33	0	0	0	Straight	0.0	5227.79	5260.79	315.84 505.88,331.58 513.06
0	84	600	1779	0	0	0	0	0	50	0	0	0	Right	5.695	5266.48	5316.48	331.58 513.06,356.78 502.45
0	85	1779	155	0	0	0	0	0	15	0	0	0	Straight	0.0	5316.48	5331.48	356.78 502.45,371.61 504.14
0	86	155	156	0	0	0	0	0	13	0	0	0	Straight	0.0	5331.48	5344.48	371.61 504.14,388.32 503.71
0	87	156	542	0	0	0	0	0	6	0	0	0	Straight	0.0	5344.48	5350.48	388.32 503.71,401.67 509.5
0	88	542	543	0	0	0	0	0	0	0	0	0	Straight	0.0	5350.48	5350.48	401.67 509.5,413.24 513.69
0	89	543	1611	0	0	0	0	0	10	0	0	0	Straight	0.0	5350.48	5360.48	413.24 513.69,422.62 524.58
0	90	1611	138	0	1	113	113	0	20	130	1	0	Straight	0.0	5360.48	5490.48	422.62 524.58,429.28 527.38
0	91	138	139	0	0	0	0	0	4	0	0	0	Right	5.695	5496.18	5500.18	429.28 527.38,435.06 521.98
0	92	139	1777	1	0	0	0	0	1	0	0	0	Left	11.389	5511.57	5512.57	435.06 521.98,438.57 529.89
0	93	1777	135	0	0	0	0	0	17	0	0	0	Straight	0.0	5512.57	5529.57	438.57 529.89,439.51 547.02
0	94	135	493	0	0	0	0	0	49	0	0	0	Straight	0.0	5529.57	5578.57	439.51 547.02,456.36 564.61
0	95	493	494	1	1	20	20	0	4	24	1	0	Left	11.389	5589.96	5613.96	456.36 564.61,448.8 571.0
0	96	494	492	1	1	27	27	0	5	25	1	0	Straight	0.0	5613.96	5638.96	448.8 571.0,445.93 573.79
0	97	492	2005	1	1	88	88	0	16	96	1	0	Straight	0.0	5638.96	5734.96	445.93 573.79,444.07 577.59
0	98	2005	492	1	1	88	88	0	16	96	0	0	U	45.557	5780.51	5796.51	444.07 577.59,445.93 573.79
0	99	492	494	1	1	27	27	0	5	25	0	0	Straight	0.0	5796.51	5801.51	445.93 573.79,448.8 571.0
0	100	494	493	1	1	20	20	0	4	24	0	0	Straight	0.0	5801.51	5805.51	448.8 571.0,456.36 564.61
0	101	493	467	0	0	0	0	0	40	0	0	0	Left	11.389	5816.9	5856.9	456.36 564.61,475.89 580.34
0	102	467	101	0	0	0	0	0	3	0	0	0	Straight	0.0	5856.9	5859.9	475.89 580.34,487.52 592.89
0	103	101	102	0	1	24	24	0	4	24	1	0	Left	11.389	5871.29	5895.29	487.52 592.89,481.16 608.08
0	104	102	79	0	1	435	435	0	78	508	1	0	Straight	0.0	5895.29	6403.29	481.16 608.08,475.66 625.84
0	105	79	403	1	1	261	261	0	47	307	1	0	Straight	0.0	6403.29	6710.29	475.66 625.84,482.42 641.94
0	106	403	392	1	1	142	142	0	26	166	1	0	Straight	0.0	6710.29	6876.29	482.42 641.94,483.08 659.9
0	107	392	320	1	1	333	333	0	60	390	1	0	Straight	0.0	6876.29	7266.29	483.08 659.9,481.09 677.71
0	108	320	298	1	1	139	139	0	25	155	1	0	Straight	0.0	7266.29	7421.29	481.09 677.71,480.52 691.69
0	109	298	30	1	1	100	100	0	18	118	1	0	Straight	0.0	7421.29	7539.29	480.52 691.69,477.61 703.99
0	110	30	1755	1	1	377	377	0	68	438	1	0	Right	5.695	7544.99	7982.99	477.61 703.99,482.04 706.48
0	111	1755	1754	1	1	210	210	0	38	248	1	0	Right	5.695	7988.68	8236.68	482.04 706.48,486.88 703.39
0	112	1754	1728	1	1	99	99	0	18	108	1	0	Straight	0.0	8236.68	8344.68	486.88 703.39,490.04 696.27
0	113	1728	6	1	1	128	128	0	23	143	1	0	Straight	0.0	8344.68	8487.68	490.04 696.27,492.45 688.1
0	114	6	4	1	1	90	90	0	16	106	1	0	Left	11.389	8499.07	8605.07	492.45 688.1,505.73 687.97
0	115	4	212	1	1	213	213	0	38	248	1	0	Left	11.389	8616.46	8864.46	505.73 687.97,512.11 695.67
0	116	212	2141	1	1	190	190	0	34	224	1	0	Straight	0.0	8864.46	9088.46	512.11 695.67,513.94 700.94
0	117	2141	212	1	1	190	190	0	34	224	0	0	U	45.557	9134.02	9168.02	513.94 700.94,512.11 695.67
0	118	212	213	1	1	131	131	0	24	154	1	0	U	45.557	9213.57	9367.57	512.11 695.67,518.27 699.84
0	119	213	2187	1	1	123	123	0	22	142	1	0	Straight	0.0	9367.57	9509.57	518.27 699.84,520.29 704.99
0	120	2187	213	1	1	123	123	0	22	142	0	0	U	45.557	9555.13	9577.13	520.29 704.99,518.27 699.84
0	121	213	1819	1	1	112	112	0	20	130	1	0	Left	11.389	9588.52	9718.52	518.27 699.84,521.61 695.83
0	122	1819	1822	1	1	327	327	0	59	379	1	0	Left	11.389	9729.91	10108.9	521.61 695.83,527.64 708.04
0	123	1822	1312	1	1	112	112	0	20	130	1	0	Straight	0.0	10108.9	10238.9	527.64 708.04,533.9 717.02
0	124	1312	1313	1	1	249	249	0	45	285	1	0	Straight	0.0	10238.9	10523.9	533.9 717.02,540.01 722.51
0	125	1313	1302	1	1	193	193	0	35	225	1	0	Straight	0.0	10523.9	10748.9	540.01 722.51,545.22 726.98
0	126	1302	1303	1	1	58	58	0	10	60	1	0	Straight	0.0	10748.9	10808.9	545.22 726.98,548.59 732.76
0	127	1303	1302	1	1	58	58	0	10	60	0	0	U	45.557	10854.5	10864.5	548.59 732.76,545.22 726.98
0	128	1302	1345	1	1	212	212	0	38	248	1	0	Straight	0.0	10864.5	11112.5	545.22 726.98,543.83 721.3
0	129	1345	2017	1	1	65	65	0	12	72	1	0	U	45.557	11158.0	11230.0	543.83 721.3,543.27 729.4
0	130	2017	2018	1	1	54	54	0	10	60	1	0	Straight	0.0	11230.0	11290.0	543.27 729.4,543.63 735.84
0	131	2018	2017	1	1	54	54	0	10	60	0	0	U	45.557	11335.6	11345.6	543.63 735.84,543.27 729.4
0	132	2017	2021	1	1	163	163	0	29	189	1	0	Straight	0.0	11345.6	11534.6	543.27 729.4,542.11 724.88
0	133	2021	1296	1	1	81	81	0	15	95	1	0	Right	5.695	11540.3	11635.3	542.11 724.88,535.63 722.82
0	134	1296	1295	1	1	78	78	0	14	84	1	0	Straight	0.0	11635.3	11719.3	535.63 722.82,530.44 720.56
0	135	1295	1636	1	1	124	124	0	22	142	1	0	Left	11.389	11730.7	11872.7	530.44 720.56,528.44 715.06
0	136	1636	1822	1	1	69	69	0	12	72	1	0	Straight	0.0	11872.7	11944.7	528.44 715.06,527.64 708.04
0	137	1822	1312	1	1	112	112	0	20	130	0	0	U	45.557	11990.2	12010.2	527.64 708.04,533.9 717.02
0	138	1312	1296	1	1	71	71	0	13	83	1	0	Straight	0.0	12010.2	12093.2	533.9 717.02,535.63 722.82
0	139	1296	2021	1	1	81	81	0	15	95	0	0	Right	5.695	12098.9	12113.9	535.63 722.82,542.11 724.88
0	140	2021	1907	1	1	78	78	0	14	84	1	0	Right	5.695	12119.6	12203.6	542.11 724.88,546.68 719.14
0	141	1907	1989	1	1	121	121	0	22	142	1	0	Left	11.389	12215.0	12357.0	546.68 719.14,551.55 723.08
0	142	1989	1907	1	1	121	121	0	22	142	0	0	U	45.557	12402.6	12424.6	551.55 723.08,546.68 719.14
0	143	1907	200	1	1	60	60	0	11	71	1	0	Straight	0.0	12424.6	12495.6	546.68 719.14,544.06 710.67
0	144	200	1345	1	1	137	137	0	25	155	1	0	U	45.557	12541.1	12696.1	544.06 710.67,543.83 721.3
0	145	1345	1313	1	1	57	57	0	10	60	1	0	Left	11.389	12707.5	12767.5	543.83 721.3,540.01 722.51
0	146	1313	1345	1	1	57	57	0	10	60	0	0	U	45.557	12813.1	12823.1	540.01 722.51,543.83 721.3
0	147	1345	200	1	1	137	137	0	25	155	0	0	Right	5.695	12828.8	12853.8	543.83 721.3,544.06 710.67
0	148	200	201	1	1	116	116	0	21	131	1	0	Straight	0.0	12853.8	12984.8	544.06 710.67,542.39 696.86
0	149	201	211	1	1	190	190	0	34	224	1	0	U	45.557	13030.3	13254.3	542.39 696.86,546.17 701.21
0	150	211	201	1	1	190	190	0	34	224	0	0	U	45.557	13299.9	13333.9	546.17 701.21,542.39 696.86
0	151	201	203	1	1	94	94	0	17	107	1	0	Straight	0.0	13333.9	13440.9	542.39 696.86,538.9 681.66
0	152	203	202	1	1	33	33	0	6	36	1	0	U	45.557	13486.4	13522.4	538.9 681.66,542.15 686.6
0	153	202	203	1	1	33	33	0	6	36	0	0	U	45.557	13568.0	13574.0	542.15 686.6,538.9 681.66
0	154	203	1752	1	1	154	154	0	28	178	1	0	Straight	0.0	13574.0	13752.0	538.9 681.66,534.07 665.07
0	155	1752	2107	1	1	136	136	0	24	154	1	0	U	45.557	13797.5	13951.5	534.07 665.07,541.0 671.83
0	156	2107	2171	1	1	164	164	0	29	189	1	0	Straight	0.0	13951.5	14140.5	541.0 671.83,546.23 674.08
0	157	2171	2107	1	1	164	164	0	29	189	0	0	U	45.557	14186.1	14215.1	546.23 674.08,541.0 671.83
0	158	2107	2190	1	1	73	73	0	13	83	1	0	U	45.557	14260.7	14343.7	541.0 671.83,544.23 677.12
0	159	2190	2107	1	1	73	73	0	13	83	0	0	U	45.557	14389.2	14402.2	544.23 677.12,541.0 671.83
0	160	2107	1752	1	1	136	136	0	24	154	0	0	Straight	0.0	14402.2	14426.2	541.0 671.83,534.07 665.07
0	161	1752	216	1	1	119	119	0	21	131	1	0	Straight	0.0	14426.2	14557.2	534.07 665.07,526.34 646.89
0	162	216	215	1	1	255	255	0	46	296	1	0	Straight	0.0	14557.2	14853.2	526.34 646.89,525.0 618.68
0	163	215	216	1	1	255	255	0	46	296	0	0	U	45.557	14898.8	14944.8	525.0 618.68,526.34 646.89
0	164	216	217	1	1	61	61	0	11	71	1	0	Straight	0.0	14944.8	15015.8	526.34 646.89,530.6 651.36
0	165	217	1944	1	1	65	65	0	12	72	1	0	Straight	0.0	15015.8	15087.8	530.6 651.36,535.59 652.65
0	166	1944	217	1	1	65	65	0	12	72	0	0	U	45.557	15133.3	15145.3	535.59 652.65,530.6 651.36
0	167	217	256	1	0	0	0	0	27	0	0	0	Right	5.695	15151.0	15178.0	530.6 651.36,528.06 655.97
0	168	256	19	1	0	0	0	0	33	0	0	0	Left	11.389	15189.4	15222.4	528.06 655.97,521.95 652.74
0	169	19	25	1	0	0	0	0	17	0	0	0	Straight	0.0	15222.4	15239.4	521.95 652.74,516.19 648.84
0	170	25	321	1	0	0	0	0	67	0	0	0	Straight	0.0	15239.4	15306.4	516.19 648.84,513.69 637.42
0	171	321	373	1	0	0	0	0	24	0	0	0	Straight	0.0	15306.4	15330.4	513.69 637.42,514.38 625.11
0	172	373	47	0	1	17	17	0	3	13	1	0	Straight	0.0	15330.4	15343.4	514.38 625.11,510.21 617.38
0	173	47	48	0	0	0	0	0	4	0	0	0	Left	11.389	15354.8	15358.8	510.21 617.38,513.05 610.99
0	174	48	44	0	0	0	0	0	3	0	0	0	Left	11.389	15370.2	15373.2	513.05 610.99,521.64 611.56
0	175	44	28	0	0	0	0	0	43	0	0	0	Right	5.695	15378.9	15421.9	521.64 611.56,526.29 606.5
0	176	28	24	1	0	0	0	0	31	0	0	0	Straight	0.0	15421.9	15452.9	526.29 606.5,535.45 596.49
0	177	24	23	1	0	0	0	0	6	0	0	0	Straight	0.0	15452.9	15458.9	535.45 596.49,544.61 585.63
0	178	23	1821	1	0	0	0	0	205	0	0	0	Straight	0.0	15458.9	15663.9	544.61 585.63,556.49 565.17
0	179	1821	391	1	0	0	0	0	35	0	0	0	Straight	0.0	15663.9	15698.9	556.49 565.17,563.33 553.31
0	180	391	53	1	0	0	0	0	39	0	0	0	Straight	0.0	15698.9	15737.9	563.33 553.31,569.52 539.92
0	181	53	394	1	0	0	0	0	10	0	0	0	Straight	0.0	15737.9	15747.9	569.52 539.92,569.18 532.44
0	182	394	51	1	0	0	0	0	18	0	0	0	Straight	0.0	15747.9	15765.9	569.18 532.44,567.21 524.69
0	183	51	50	1	0	0	0	0	8	0	0	0	Straight	0.0	15765.9	15773.9	567.21 524.69,567.06 515.95
0	184	50	52	1	0	0	0	0	36	0	0	0	Straight	0.0	15773.9	15809.9	567.06 515.95,564.95 503.62
0	185	52	58	1	0	0	0	0	37	0	0	0	Straight	0.0	15809.9	15846.9	564.95 503.62,557.21 492.35
0	186	58	1342	1	0	0	0	0	17	0	0	0	Straight	0.0	15846.9	15863.9	557.21 492.35,554.69 468.38
0	187	1342	1343	1	0	0	0	0	18	0	0	0	Straight	0.0	15863.9	15881.9	554.69 468.38,565.61 451.24
0	188	1343	1304	1	0	0	0	0	93	0	0	0	Straight	0.0	15881.9	15974.9	565.61 451.24,575.38 435.59
0	189	1304	125	1	0	0	0	0	159	0	0	0	Straight	0.0	15974.9	16133.9	575.38 435.59,602.54 424.21
0	190	125	127	1	0	0	0	0	4	0	0	0	Straight	0.0	16133.9	16137.9	602.54 424.21,621.17 409.05
0	191	127	591	1	0	0	0	0	118	0	0	0	Straight	0.0	16137.9	16255.9	621.17 409.05,635.05 388.07
0	192	591	2023	1	0	0	0	0	150	0	0	0	Straight	0.0	16255.9	16405.9	635.05 388.07,648.28 372.22
0	193	2023	220	0	0	0	0	0	20	0	0	0	Straight	0.0	16405.9	16425.9	648.28 372.22,666.23 365.44
0	194	220	221	1	0	0	0	0	36	0	0	0	Straight	0.0	16425.9	16461.9	666.23 365.44,691.86 368.82
0	195	221	225	0	0	0	0	0	13	0	0	0	Straight	0.0	16461.9	16474.9	691.86 368.82,709.78 374.89
0	196	225	229	1	1	12	12	0	2	12	1	0	Straight	0.0	16474.9	16486.9	709.78 374.89,717.06 374.55
0	197	229	664	1	1	17	17	0	3	13	1	0	Straight	0.0	16486.9	16499.9	717.06 374.55,720.91 377.01
0	198	664	229	1	1	17	17	0	3	13	0	0	U	45.557	16545.4	16548.4	720.91 377.01,717.06 374.55
0	199	229	230	0	0	0	0	0	13	0	0	0	Straight	0.0	16548.4	16561.4	717.06 374.55,709.79 366.89
0	200	230	1784	1	0	0	0	0	138	0	0	0	Left	11.389	16572.8	16710.8	709.79 366.89,724.37 359.77
0	201	1784	1869	1	0	0	0	0	13	0	0	0	Straight	0.0	16710.8	16723.8	724.37 359.77,731.7 352.21
0	202	1869	1677	1	0	0	0	0	2	0	0	0	Straight	0.0	16723.8	16725.8	731.7 352.21,735.67 342.36
0	203	1677	861	1	1	340	340	0	61	401	0	0	Right	5.695	16731.5	16792.5	735.67 342.36,722.5 331.32
0	204	861	480	1	1	62	62	0	11	71	0	0	Straight	0.0	16792.5	16803.5	722.5 331.32,707.33 320.81
0	205	480	481	1	0	0	0	0	75	0	0	0	Straight	0.0	16803.5	16878.5	707.33 320.81,695.26 308.71
0	206	481	510	1	0	0	0	0	17	0	0	0	Straight	0.0	16878.5	16895.5	695.26 308.71,690.0 296.32
0	207	510	985	1	0	0	0	0	55	0	0	0	Straight	0.0	16895.5	16950.5	690.0 296.32,673.94 288.26
0	208	985	995	1	0	0	0	0	16	0	0	0	Straight	0.0	16950.5	16966.5	673.94 288.26,664.98 279.28
0	209	995	1393	1	0	0	0	0	27	0	0	0	Straight	0.0	16966.5	16993.5	664.98 279.28,656.58 269.83
0	210	1393	617	1	0	0	0	0	24	0	0	0	Right	5.695	16999.2	17023.2	656.58 269.83,644.46 275.32
0	211	617	1046	1	1	138	138	0	25	155	0	0	Straight	0.0	17023.2	17048.2	644.46 275.32,622.63 269.3
0	212	1046	693	0	0	0	0	0	34	0	0	0	Right	5.695	17053.9	17087.9	622.63 269.3,605.14 281.85
0	213	693	694	0	0	0	0	0	69	0	0	0	Straight	0.0	17087.9	17156.9	605.14 281.85,568.38 300.6
0	214	694	1089	0	0	0	0	0	5	0	0	0	Straight	0.0	17156.9	17161.9	568.38 300.6,537.71 299.31
0	215	1089	1096	0	0	0	0	0	9	0	0	0	Straight	0.0	17161.9	17170.9	537.71 299.31,521.48 285.32
0	216	1096	1097	0	0	0	0	0	6	0	0	0	Straight	0.0	17170.9	17176.9	521.48 285.32,506.66 275.68
0	217	1097	711	1	0	0	0	0	9	0	0	0	Straight	0.0	17176.9	17185.9	506.66 275.68,489.8 266.86
0	218	711	1084	0	0	0	0	0	7	0	0	0	Straight	0.0	17185.9	17192.9	489.8 266.86,472.41 259.17
0	219	1084	1083	1	0	0	0	0	544	0	0	0	Straight	0.0	17192.9	17736.9	472.41 259.17,446.0 251.77
1	0	1083	1084	1	0	0	0	0	544	0	0	300		0.0	18036.9	18580.9	446.0 251.77,472.41 259.17
1	1	1084	710	1	0	0	0	0	6	0	0	0	Straight	0.0	18580.9	18586.9	472.41 259.17,492.08 262.01
1	2	710	711	0	0	0	0	0	2	0	0	0	Left	11.389	18598.3	18600.3	492.08 262.01,489.8 266.86
1	3	711	1097	1	0	0	0	0	9	0	0	0	Right	5.695	18606.0	18615.0	489.8 266.86,506.66 275.68
1	4	1097	1098	0	1	24	24	0	4	24	1	0	Straight	0.0	18615.0	18639.0	506.66 275.68,514.53 275.09
1	5	1098	1790	0	1	36	36	0	7	37	1	0	Right	5.695	18644.7	18681.7	514.53 275.09,512.21 263.69
1	6	1790	1536	1	1	9	9	0	2	2	1	0	Left	11.389	18693.1	18695.1	512.21 263.69,528.75 266.95
1	7	1536	1537	0	1	111	111	0	20	130	1	0	Straight	0.0	18695.1	18825.1	528.75 266.95,548.05 280.18
1	8	1537	695	0	1	26	26	0	5	25	1	0	Straight	0.0	18825.1	18850.1	548.05 280.18,574.53 280.89
1	9	695	1047	0	1	382	382	0	69	449	1	0	Straight	0.0	18850.1	19299.1	574.53 280.89,602.27 269.26
1	10	1047	1046	0	1	189	189	0	34	214	1	0	Straight	0.0	19299.1	19513.1	602.27 269.26,622.63 269.3
1	11	1046	617	1	1	138	138	0	25	155	1	0	Straight	0.0	19513.1	19668.1	622.63 269.3,644.46 275.32
1	12	617	560	1	1	348	348	0	63	403	1	0	Straight	0.0	19668.1	20071.1	644.46 275.32,661.5 285.26
1	13	560	559	1	1	468	468	0	84	544	1	0	Straight	0.0	20071.1	20615.1	661.5 285.26,673.29 294.65
1	14	559	479	1	1	109	109	0	20	120	1	0	Straight	0.0	20615.1	20735.1	673.29 294.65,682.87 305.32
1	15	479	463	1	1	101	101	0	18	118	1	0	Straight	0.0	20735.1	20853.1	682.87 305.32,682.68 314.62
1	16	463	929	1	1	273	273	0	49	319	1	0	Straight	0.0	20853.1	21172.1	682.68 314.62,685.47 321.05
1	17	929	430	1	1	81	81	0	15	95	1	0	Right	5.695	21177.8	21272.8	685.47 321.05,691.02 322.58
1	18	430	431	1	1	76	76	0	14	84	1	0	Straight	0.0	21272.8	21356.8	691.02 322.58,698.45 320.49
1	19	431	1638	1	1	146	146	0	26	166	1	0	Right	5.695	21362.5	21528.5	698.45 320.49,693.26 315.39
1	20	1638	1481	1	1	90	90	0	16	106	1	0	Straight	0.0	21528.5	21634.5	693.26 315.39,688.79 314.45
1	21	1481	2071	1	1	70	70	0	13	83	1	0	Right	5.695	21640.2	21723.2	688.79 314.45,687.83 319.87
1	22	2071	430	1	1	225	225	0	40	260	1	0	Right	5.695	21728.9	21988.9	687.83 319.87,691.02 322.58
1	23	430	431	1	1	76	76	0	14	84	0	0	Right	5.695	21994.6	22008.6	691.02 322.58,698.45 320.49
1	24	431	480	1	1	186	186	0	34	214	1	0	Straight	0.0	22008.6	22222.6	698.45 320.49,707.33 320.81
1	25	480	861	1	1	62	62	0	11	71	1	0	Straight	0.0	22222.6	22293.6	707.33 320.81,722.5 331.32
1	26	861	1677	1	1	340	340	0	61	401	1	0	Straight	0.0	22293.6	22694.6	722.5 331.32,735.67 342.36
1	27	1677	1479	1	1	129	129	0	23	143	1	0	Straight	0.0	22694.6	22837.6	735.67 342.36,751.34 346.95
1	28	1479	1377	1	1	28	28	0	5	25	1	0	Straight	0.0	22837.6	22862.6	751.34 346.95,767.31 348.42
1	29	1377	1925	1	1	58	58	0	10	60	1	0	Straight	0.0	22862.6	22922.6	767.31 348.42,782.21 348.14
1	30	1925	799	1	1	79	79	0	14	84	1	0	Straight	0.0	22922.6	23006.6	782.21 348.14,794.67 350.75
1	31	799	846	1	1	210	210	0	38	248	1	0	Straight	0.0	23006.6	23254.6	794.67 350.75,805.51 349.84
1	32	846	1448	1	1	17	17	0	3	13	0	0	Straight	0.0	23254.6	23257.6	805.51 349.84,809.67 346.52
1	33	1448	846	1	1	17	17	0	3	13	1	0	U	45.557	23303.1	23316.1	809.67 346.52,805.51 349.84
1	34	846	845	1	1	80	80	0	14	94	1	0	Right	5.695	23321.8	23415.8	805.51 349.84,814.74 351.69
1	35	845	1452	1	1	125	125	0	22	142	1	0	Straight	0.0	23415.8	23557.8	814.74 351.69,824.67 352.2
1	36	1452	1766	1	1	365	365	0	66	426	1	0	Straight	0.0	23557.8	23983.8	824.67 352.2,832.53 355.9
1	37	1766	848	1	1	68	68	0	12	72	1	0	Straight	0.0	23983.8	24055.8	832.53 355.9,836.37 361.88
1	38	848	825	1	1	304	304	0	55	355	1	0	Straight	0.0	24055.8	24410.8	836.37 361.88,838.0 367.56
1	39	825	849	1	1	145	145	0	26	166	1	0	Left	11.389	24422.2	24588.2	838.0 367.56,835.42 366.34
1	40	849	848	1	1	119	119	0	21	131	1	0	Left	11.389	24599.6	24730.6	835.42 366.34,836.37 361.88
1	41	848	1766	1	1	68	68	0	12	72	0	0	Straight	0.0	24730.6	24742.6	836.37 361.88,832.53 355.9
1	42	1766	830	1	1	73	73	0	13	83	1	0	Right	5.695	24748.3	24831.3	832.53 355.9,830.27 357.74
1	43	830	384	1	1	139	139	0	25	155	1	0	Left	11.389	24842.7	24997.7	830.27 357.74,829.16 352.66
1	44	384	385	1	1	192	192	0	35	225	1	0	Straight	0.0	24997.7	25222.7	829.16 352.66,828.44 349.09
1	45	385	1452	1	1	127	127	0	23	143	1	0	Right	5.695	25228.4	25371.4	828.44 349.09,824.67 352.2
1	46	1452	845	1	1	125	125	0	22	142	0	0	Straight	0.0	25371.4	25393.4	824.67 352.2,814.74 351.69
1	47	845	355	1	1	336	336	0	60	390	1	0	Straight	0.0	25393.4	25783.4	814.74 351.69,809.9 355.73
1	48	355	354	1	1	69	69	0	12	72	1	0	Right	5.695	25789.1	25861.1	809.9 355.73,816.45 358.03
1	49	354	362	1	1	124	124	0	22	142	1	0	Straight	0.0	25861.1	26003.1	816.45 358.03,822.95 360.4
1	50	362	360	1	1	41	41	0	7	47	1	0	Straight	0.0	26003.1	26050.1	822.95 360.4,828.36 363.14
1	51	360	830	1	1	177	177	0	32	202	1	0	Right	5.695	26055.8	26257.8	828.36 363.14,830.27 357.74
1	52	830	360	1	1	177	177	0	32	202	0	0	U	45.557	26303.3	26335.3	830.27 357.74,828.36 363.14
1	53	360	361	1	1	73	73	0	13	83	1	0	Straight	0.0	26335.3	26418.3	828.36 363.14,830.79 369.68
1	54	361	849	1	1	148	148	0	27	167	1	0	Right	5.695	26424.0	26591.0	830.79 369.68,835.42 366.34
1	55	849	825	1	1	145	145	0	26	166	0	0	Left	11.389	26602.4	26628.4	835.42 366.34,838.0 367.56
1	56	825	826	1	1	147	147	0	26	166	1	0	Left	11.389	26639.8	26805.8	838.0 367.56,834.96 372.52
1	57	826	1845	1	1	164	164	0	29	189	1	0	Straight	0.0	26805.8	26994.8	834.96 372.52,831.18 377.31
1	58	1845	333	1	1	134	134	0	24	154	1	0	Left	11.389	27006.2	27160.2	831.18 377.31,826.17 376.02
1	59	333	361	1	1	163	163	0	29	189	1	0	Left	11.389	27171.6	27360.6	826.17 376.02,830.79 369.68
1	60	361	826	1	1	140	140	0	25	165	1	0	Left	11.389	27372.0	27537.0	830.79 369.68,834.96 372.52
1	61	826	1845	1	1	164	164	0	29	189	0	0	Left	11.389	27548.3	27577.3	834.96 372.52,831.18 377.31
1	62	1845	758	1	1	234	234	0	42	272	1	0	Straight	0.0	27577.3	27849.3	831.18 377.31,828.13 381.82
1	63	758	1432	1	1	77	77	0	14	84	1	0	Right	5.695	27855.0	27939.0	828.13 381.82,833.56 384.52
1	64	1432	758	1	1	77	77	0	14	84	0	0	U	45.557	27984.6	27998.6	833.56 384.52,828.13 381.82
1	65	758	334	1	1	121	121	0	22	142	1	0	Straight	0.0	27998.6	28140.6	828.13 381.82,819.4 380.96
1	66	334	333	1	1	151	151	0	27	177	1	0	U	45.557	28186.1	28363.1	819.4 380.96,826.17 376.02
1	67	333	334	1	1	151	151	0	27	177	0	0	U	45.557	28408.7	28435.7	826.17 376.02,819.4 380.96
1	68	334	1893	1	1	115	115	0	21	131	1	0	Right	5.695	28441.4	28572.4	819.4 380.96,823.3 384.91
1	69	1893	334	1	1	115	115	0	21	131	0	0	U	45.557	28618.0	28639.0	823.3 384.91,819.4 380.96
1	70	334	770	1	1	119	119	0	21	131	1	0	Straight	0.0	28639.0	28770.0	819.4 380.96,806.27 380.77
1	71	770	278	1	1	367	367	0	66	426	1	0	Straight	0.0	28770.0	29196.0	806.27 380.77,794.82 385.37
1	72	278	2066	1	1	190	190	0	34	224	1	0	U	45.557	29241.5	29465.5	794.82 385.37,798.82 386.14
1	73	2066	278	1	1	190	190	0	34	224	0	0	U	45.557	29511.1	29545.1	798.82 386.14,794.82 385.37
1	74	278	2143	1	1	109	109	0	20	120	1	0	U	45.557	29590.6	29710.6	794.82 385.37,798.01 389.78
1	75	2143	278	1	1	109	109	0	20	120	0	0	U	45.557	29756.2	29776.2	798.01 389.78,794.82 385.37
1	76	278	253	1	1	106	106	0	19	119	1	0	Right	5.695	29781.9	29900.9	794.82 385.37,781.66 387.53
1	77	253	242	1	1	148	148	0	27	167	1	0	Straight	0.0	29900.9	30067.9	781.66 387.53,769.36 388.73
1	78	242	234	1	1	83	83	0	15	95	1	0	Straight	0.0	30067.9	30162.9	769.36 388.73,756.88 391.1
1	79	234	231	1	1	21	21	0	4	24	1	0	Right	5.695	30168.6	30192.6	756.88 391.1,758.06 400.13
1	80	231	2184	1	1	111	111	0	20	130	1	0	Straight	0.0	30192.6	30322.6	758.06 400.13,757.56 404.09
1	81	2184	231	1	1	111	111	0	20	130	0	0	U	45.557	30368.1	30388.1	757.56 404.09,758.06 400.13
1	82	231	232	1	1	74	74	0	13	83	1	0	U	45.557	30433.7	30516.7	758.06 400.13,760.8 407.91
1	83	232	1947	1	1	192	192	0	35	225	1	0	Straight	0.0	30516.7	30741.7	760.8 407.91,764.01 412.23
1	84	1947	232	1	1	192	192	0	35	225	0	0	U	45.557	30787.2	30822.2	764.01 412.23,760.8 407.91
1	85	232	662	1	1	67	67	0	12	72	1	0	U	45.557	30867.8	30939.8	760.8 407.91,760.67 413.13
1	86	662	232	1	1	67	67	0	12	72	0	0	U	45.557	30985.4	30997.4	760.67 413.13,760.8 407.91
1	87	232	231	1	1	74	74	0	13	83	0	0	Straight	0.0	30997.4	31010.4	760.8 407.91,758.06 400.13
1	88	231	234	1	1	21	21	0	4	24	0	0	Straight	0.0	31010.4	31014.4	758.06 400.13,756.88 391.1
1	89	234	233	1	1	145	145	0	26	166	1	0	Right	5.695	31020.1	31186.1	756.88 391.1,745.05 387.47
1	90	233	663	1	0	0	0	0	22	0	0	0	Straight	0.0	31186.1	31208.1	745.05 387.47,726.42 380.25
1	91	663	229	0	0	0	0	0	23	0	0	0	Straight	0.0	31208.1	31231.1	726.42 380.25,717.06 374.55
1	92	229	230	0	0	0	0	0	13	0	0	0	Straight	0.0	31231.1	31244.1	717.06 374.55,709.79 366.89
1	93	230	1784	1	0	0	0	0	138	0	0	0	Left	11.389	31255.4	31393.4	709.79 366.89,724.37 359.77
1	94	1784	1869	1	0	0	0	0	13	0	0	0	Straight	0.0	31393.4	31406.4	724.37 359.77,731.7 352.21
1	95	1869	1677	1	0	0	0	0	2	0	0	0	Straight	0.0	31406.4	31408.4	731.7 352.21,735.67 342.36
1	96	1677	861	1	1	340	340	0	61	401	0	0	Right	5.695	31414.1	31475.1	735.67 342.36,722.5 331.32
1	97	861	480	1	1	62	62	0	11	71	0	0	Straight	0.0	31475.1	31486.1	722.5 331.32,707.33 320.81
1	98	480	481	1	0	0	0	0	75	0	0	0	Straight	0.0	31486.1	31561.1	707.33 320.81,695.26 308.71
1	99	481	510	1	0	0	0	0	17	0	0	0	Straight	0.0	31561.1	31578.1	695.26 308.71,690.0 296.32
1	100	510	985	1	0	0	0	0	55	0	0	0	Straight	0.0	31578.1	31633.1	690.0 296.32,673.94 288.26
1	101	985	995	1	0	0	0	0	16	0	0	0	Straight	0.0	31633.1	31649.1	673.94 288.26,664.98 279.28
1	102	995	1393	1	0	0	0	0	27	0	0	0	Straight	0.0	31649.1	31676.1	664.98 279.28,656.58 269.83
1	103	1393	617	1	0	0	0	0	24	0	0	0	Right	5.695	31681.8	31705.8	656.58 269.83,644.46 275.32
1	104	617	1046	1	1	138	138	0	25	155	0	0	Straight	0.0	31705.8	31730.8	644.46 275.32,622.63 269.3
1	105	1046	693	0	0	0	0	0	34	0	0	0	Right	5.695	31736.5	31770.5	622.63 269.3,605.14 281.85
1	106	693	694	0	0	0	0	0	69	0	0	0	Straight	0.0	31770.5	31839.5	605.14 281.85,568.38 300.6
1	107	694	1089	0	0	0	0	0	5	0	0	0	Straight	0.0	31839.5	31844.5	568.38 300.6,537.71 299.31
1	108	1089	1096	0	0	0	0	0	9	0	0	0	Straight	0.0	31844.5	31853.5	537.71 299.31,521.48 285.32
1	109	1096	1097	0	0	0	0	0	6	0	0	0	Straight	0.0	31853.5	31859.5	521.48 285.32,506.66 275.68
1	110	1097	711	1	0	0	0	0	9	0	0	0	Straight	0.0	31859.5	31868.5	506.66 275.68,489.8 266.86
1	111	711	1084	0	0	0	0	0	7	0	0	0	Straight	0.0	31868.5	31875.5	489.8 266.86,472.41 259.17
1	112	1084	1083	1	0	0	0	0	544	0	0	0	Straight	0.0	31875.5	32419.5	472.41 259.17,446.0 251.77
2	0	1083	1083	-1	-1	0	0	0	0	0	0	300		0.0	32419.5	32719.5	446.0 251.77,446.0 251.77
