Problem Type	Solution Method	Vehicle Capacity (Weight)	Vehicle Capacity(Volume)	Disposal Trips	Route Time	Route Time wo Turns	Computational Time(Sec)	Clustering Time(Sec)	VA(CCI)	VA(NHO)	VA(ATD)	VA(DMT)	VA(AOI)	VA(ROI)	Optimal
MCARPTIF-TP	WJ19	10000	10000	2	32075	26574	103.881	0	1	0.157645	777.447	26869	0.153119	0.318912	0
Load No	Sequence No	Starting Node	Ending Node	Is Edge	Required	Weight	Volume	Travel Miles	Travel Time	Service Time	Served	Dumped	Turn Type	Turn Cost	Depart Time	Arrival Time	Shape
0	0	1083	2085	1	0	0	0	0	71	0	0	300		0.0	300.0	371.0	446.0 251.77,421.88 250.66
0	1	2085	1825	0	0	0	0	0	21	0	0	0	Straight	0.0	371.0	392.0	421.88 250.66,401.59 256.48
0	2	1825	615	1	0	0	0	0	27	0	0	0	Straight	0.0	392.0	419.0	401.59 256.48,379.09 271.73
0	3	615	1684	0	0	0	0	0	58	0	0	0	Right	5.695	424.695	482.695	379.09 271.73,393.81 293.84
0	4	1684	984	1	1	19	19	0	3	13	1	0	Left	11.389	494.084	507.084	393.81 293.84,381.85 299.24
0	5	984	558	1	1	40	40	0	7	47	1	0	Straight	0.0	507.084	554.084	381.85 299.24,362.77 297.07
0	6	558	554	1	0	0	0	0	10	0	0	0	Straight	0.0	554.084	564.084	362.77 297.07,347.04 297.52
0	7	554	555	1	0	0	0	0	44	0	0	0	Straight	0.0	564.084	608.084	347.04 297.52,339.96 300.34
0	8	555	1736	1	1	126	126	0	23	143	1	0	U	45.557	653.641	796.641	339.96 300.34,344.08 298.22
0	9	1736	938	1	1	119	119	0	21	131	1	0	Left	11.389	808.03	939.03	344.08 298.22,342.99 305.37
0	10	938	927	1	0	0	0	0	10	0	0	0	Straight	0.0	939.03	949.03	342.99 305.37,339.92 312.44
0	11	927	928	1	0	0	0	0	25	0	0	0	Right	5.695	954.725	979.725	339.92 312.44,343.94 320.38
0	12	928	859	1	0	0	0	0	27	0	0	0	Right	5.695	985.42	1012.42	343.94 320.38,356.41 320.63
0	13	859	410	0	1	13	13	0	2	12	1	0	Straight	0.0	1012.42	1024.42	356.41 320.63,368.25 317.88
0	14	410	1502	0	0	0	0	0	1	0	0	0	Left	11.389	1035.81	1036.81	368.25 317.88,370.59 321.34
0	15	1502	406	1	1	16	16	0	3	13	1	0	Straight	0.0	1036.81	1049.81	370.59 321.34,374.93 323.76
0	16	406	407	1	1	122	122	0	22	142	1	0	Straight	0.0	1049.81	1191.81	374.93 323.76,383.24 325.12
0	17	407	823	1	1	162	162	0	29	189	1	0	Straight	0.0	1191.81	1380.81	383.24 325.12,389.04 328.73
0	18	823	407	1	1	162	162	0	29	189	0	0	U	45.557	1426.37	1455.37	389.04 328.73,383.24 325.12
0	19	407	847	1	1	157	157	0	28	178	1	0	Left	11.389	1466.75	1644.75	383.24 325.12,387.89 323.58
0	20	847	857	1	1	102	102	0	18	118	0	0	Right	5.695	1650.45	1668.45	387.89 323.58,388.85 318.87
0	21	857	1998	1	1	97	97	0	17	107	1	0	Left	11.389	1679.84	1786.84	388.85 318.87,397.59 322.51
0	22	1998	983	1	1	80	80	0	14	94	1	0	Right	5.695	1792.53	1886.53	397.59 322.51,404.91 318.79
0	23	983	1721	1	1	23	23	0	4	24	1	0	Straight	0.0	1886.53	1910.53	404.91 318.79,413.37 313.35
0	24	1721	983	1	1	23	23	0	4	24	0	0	U	45.557	1956.09	1960.09	413.37 313.35,404.91 318.79
0	25	983	1998	1	1	80	80	0	14	94	0	0	Straight	0.0	1960.09	1974.09	404.91 318.79,397.59 322.51
0	26	1998	833	1	1	142	142	0	26	166	1	0	Right	5.695	1979.79	2145.79	397.59 322.51,398.59 331.53
0	27	833	339	1	1	385	385	0	69	449	0	0	Straight	0.0	2145.79	2214.79	398.59 331.53,401.28 339.6
0	28	339	763	1	1	132	132	0	24	154	1	0	Straight	0.0	2214.79	2368.79	401.28 339.6,411.75 344.97
0	29	763	1844	1	1	183	183	0	33	213	1	0	Straight	0.0	2368.79	2581.79	411.75 344.97,421.33 345.85
0	30	1844	265	1	1	269	269	0	48	308	1	0	Left	11.389	2593.17	2901.17	421.33 345.85,424.43 354.3
0	31	265	729	1	1	40	40	0	7	47	1	0	Straight	0.0	2901.17	2948.17	424.43 354.3,422.9 358.88
0	32	729	263	1	1	38	38	0	7	37	1	0	Right	5.695	2953.87	2990.87	422.9 358.88,424.96 362.34
0	33	263	264	1	1	60	60	0	11	71	1	0	Left	11.389	3002.26	3073.26	424.96 362.34,422.47 370.62
0	34	264	706	1	1	176	176	0	32	202	1	0	Right	5.695	3078.95	3280.95	422.47 370.62,427.34 372.21
0	35	706	264	1	1	176	176	0	32	202	0	0	U	45.557	3326.51	3358.51	427.34 372.21,422.47 370.62
0	36	264	263	1	1	60	60	0	11	71	0	0	Left	11.389	3369.9	3380.9	422.47 370.62,424.96 362.34
0	37	263	729	1	1	38	38	0	7	37	0	0	Right	5.695	3386.6	3393.6	424.96 362.34,422.9 358.88
0	38	729	728	1	1	211	211	0	38	248	1	0	Right	5.695	3399.29	3647.29	422.9 358.88,417.04 360.8
0	39	728	708	1	1	157	157	0	28	178	1	0	Right	5.695	3652.99	3830.99	417.04 360.8,413.76 368.96
0	40	708	1476	1	1	95	95	0	17	107	0	0	Straight	0.0	3830.99	3847.99	413.76 368.96,407.46 373.06
0	41	1476	1614	1	1	254	254	0	46	296	1	0	Left	11.389	3859.37	4155.37	407.46 373.06,405.16 366.34
0	42	1614	318	1	1	210	210	0	38	248	1	0	Straight	0.0	4155.37	4403.37	405.16 366.34,398.83 361.46
0	43	318	319	0	1	13	13	0	2	12	1	0	Straight	0.0	4403.37	4415.37	398.83 361.46,390.51 359.73
0	44	319	1462	1	1	87	87	0	16	96	1	0	Straight	0.0	4415.37	4511.37	390.51 359.73,379.75 363.08
0	45	1462	1423	1	0	0	0	0	18	0	0	0	Left	11.389	4522.76	4540.76	379.75 363.08,373.38 355.71
0	46	1423	1424	1	1	93	93	0	17	107	1	0	Right	5.695	4546.46	4653.46	373.38 355.71,365.05 358.81
0	47	1424	358	1	1	114	114	0	21	131	1	0	U	45.557	4699.02	4830.02	365.05 358.81,367.85 352.86
0	48	358	364	1	1	48	48	0	9	49	0	0	Right	5.695	4835.71	4844.71	367.85 352.86,361.46 351.17
0	49	364	365	1	1	58	58	0	10	60	1	0	Right	5.695	4850.4	4910.4	361.46 351.17,361.61 354.83
0	50	365	2149	1	1	115	115	0	21	131	1	0	Straight	0.0	4910.4	5041.4	361.61 354.83,359.68 358.23
0	51	2149	365	1	1	115	115	0	21	131	0	0	U	45.557	5086.96	5107.96	359.68 358.23,361.61 354.83
0	52	365	2163	1	1	38	38	0	7	37	1	0	Left	11.389	5119.35	5156.35	361.61 354.83,365.08 354.86
0	53	2163	365	1	1	38	38	0	7	37	0	0	U	45.557	5201.91	5208.91	365.08 354.86,361.61 354.83
0	54	365	364	1	1	58	58	0	10	60	0	0	Left	11.389	5220.3	5230.3	361.61 354.83,361.46 351.17
0	55	364	358	1	1	48	48	0	9	49	1	0	Left	11.389	5241.69	5290.69	361.46 351.17,367.85 352.86
0	56	358	359	1	1	30	30	0	5	35	1	0	Straight	0.0	5290.69	5325.69	367.85 352.86,374.28 350.48
0	57	359	1411	1	1	91	91	0	16	106	1	0	Straight	0.0	5325.69	5431.69	374.28 350.48,377.96 347.17
0	58	1411	359	1	1	91	91	0	16	106	0	0	U	45.557	5477.24	5493.24	377.96 347.17,374.28 350.48
0	59	359	2178	1	1	62	62	0	11	71	1	0	Right	5.695	5498.94	5569.94	374.28 350.48,378.81 351.28
0	60	2178	359	1	1	62	62	0	11	71	0	0	U	45.557	5615.49	5626.49	378.81 351.28,374.28 350.48
0	61	359	358	1	1	30	30	0	5	35	0	0	Straight	0.0	5626.49	5631.49	374.28 350.48,367.85 352.86
0	62	358	364	1	1	48	48	0	9	49	0	0	Straight	0.0	5631.49	5640.49	367.85 352.86,361.46 351.17
0	63	364	386	1	1	112	112	0	20	130	1	0	Straight	0.0	5640.49	5770.49	361.46 351.17,354.79 350.09
0	64	386	387	1	1	185	185	0	33	213	1	0	Straight	0.0	5770.49	5983.49	354.79 350.09,348.61 352.19
0	65	387	821	1	0	0	0	0	14	0	0	0	Right	5.695	5989.19	6003.19	348.61 352.19,347.2 357.58
0	66	821	822	1	1	28	28	0	5	25	1	0	Left	11.389	6014.58	6039.58	347.2 357.58,338.46 354.5
0	67	822	819	1	1	41	41	0	7	47	1	0	Straight	0.0	6039.58	6086.58	338.46 354.5,335.25 348.49
0	68	819	1651	1	1	25	25	0	4	24	1	0	Straight	0.0	6086.58	6110.58	335.25 348.49,335.04 344.01
0	69	1651	819	1	1	25	25	0	4	24	0	0	U	45.557	6156.14	6160.14	335.04 344.01,335.25 348.49
0	70	819	820	1	1	11	11	0	2	12	1	0	Left	11.389	6171.52	6183.52	335.25 348.49,330.93 345.33
0	71	820	819	1	1	11	11	0	2	12	0	0	U	45.557	6229.08	6231.08	330.93 345.33,335.25 348.49
0	72	819	822	1	1	41	41	0	7	47	0	0	Straight	0.0	6231.08	6238.08	335.25 348.49,338.46 354.5
0	73	822	381	1	1	35	35	0	6	36	1	0	Left	11.389	6249.47	6285.47	338.46 354.5,330.92 355.37
0	74	381	380	1	1	58	58	0	10	60	1	0	Straight	0.0	6285.47	6345.47	330.92 355.37,325.53 356.78
0	75	380	829	1	1	8	8	0	2	2	1	0	Straight	0.0	6345.47	6347.47	325.53 356.78,320.96 355.4
0	76	829	380	1	1	8	8	0	2	2	0	0	U	45.557	6393.03	6395.03	320.96 355.4,325.53 356.78
0	77	380	2132	1	1	10	10	0	2	12	1	0	Left	11.389	6406.42	6418.42	325.53 356.78,326.11 360.76
0	78	2132	380	1	1	10	10	0	2	12	0	0	U	45.557	6463.97	6465.97	326.11 360.76,325.53 356.78
0	79	380	381	1	1	58	58	0	10	60	0	0	Left	11.389	6477.36	6487.36	325.53 356.78,330.92 355.37
0	80	381	1428	1	1	11	11	0	2	12	1	0	U	45.557	6532.92	6544.92	330.92 355.37,326.93 353.14
0	81	1428	381	1	1	11	11	0	2	12	0	0	U	45.557	6590.48	6592.48	326.93 353.14,330.92 355.37
0	82	381	822	1	1	35	35	0	6	36	0	0	Straight	0.0	6592.48	6598.48	330.92 355.37,338.46 354.5
0	83	822	821	1	1	28	28	0	5	25	0	0	Straight	0.0	6598.48	6603.48	338.46 354.5,347.2 357.58
0	84	821	387	1	0	0	0	0	14	0	0	0	Right	5.695	6609.17	6623.17	347.2 357.58,348.61 352.19
0	85	387	399	1	0	0	0	0	25	0	0	0	Right	5.695	6628.87	6653.87	348.61 352.19,343.51 349.76
0	86	399	398	1	1	253	253	0	46	296	1	0	Left	11.389	6665.26	6961.26	343.51 349.76,352.51 346.22
0	87	398	386	1	1	103	103	0	18	118	1	0	Left	11.389	6972.64	7090.64	352.51 346.22,354.79 350.09
0	88	386	398	1	1	103	103	0	18	118	0	0	U	45.557	7136.2	7154.2	354.79 350.09,352.51 346.22
0	89	398	402	1	1	90	90	0	16	106	1	0	Left	11.389	7165.59	7271.59	352.51 346.22,360.71 342.05
0	90	402	1574	1	0	0	0	0	12	0	0	0	Right	5.695	7277.29	7289.29	360.71 342.05,351.73 336.03
0	91	1574	858	1	1	104	104	0	19	119	1	0	Left	11.389	7300.67	7419.67	351.73 336.03,358.17 327.63
0	92	858	859	0	1	8	8	0	1	1	1	0	Right	5.695	7425.37	7426.37	358.17 327.63,356.41 320.63
0	93	859	410	0	1	13	13	0	2	12	0	0	Left	11.389	7437.76	7439.76	356.41 320.63,368.25 317.88
0	94	410	409	1	1	144	144	0	26	166	1	0	Straight	0.0	7439.76	7605.76	368.25 317.88,379.63 315.39
0	95	409	428	1	1	80	80	0	14	94	1	0	Straight	0.0	7605.76	7699.76	379.63 315.39,383.85 309.22
0	96	428	429	1	1	51	51	0	9	59	1	0	Straight	0.0	7699.76	7758.76	383.85 309.22,387.86 304.42
0	97	429	2151	1	1	46	46	0	8	48	1	0	Straight	0.0	7758.76	7806.76	387.86 304.42,391.13 300.88
0	98	2151	429	1	1	46	46	0	8	48	0	0	U	45.557	7852.32	7860.32	391.13 300.88,387.86 304.42
0	99	429	428	1	1	51	51	0	9	59	0	0	Straight	0.0	7860.32	7869.32	387.86 304.42,383.85 309.22
0	100	428	409	1	1	80	80	0	14	94	0	0	Straight	0.0	7869.32	7883.32	383.85 309.22,379.63 315.39
0	101	409	857	1	1	66	66	0	12	72	1	0	Right	5.695	7889.01	7961.01	379.63 315.39,388.85 318.87
0	102	857	847	1	1	102	102	0	18	118	1	0	Left	11.389	7972.4	8090.4	388.85 318.87,387.89 323.58
0	103	847	823	1	1	170	170	0	31	201	1	0	Straight	0.0	8090.4	8291.4	387.89 323.58,389.04 328.73
0	104	823	824	1	1	96	96	0	17	107	1	0	Straight	0.0	8291.4	8398.4	389.04 328.73,393.53 335.8
0	105	824	339	1	1	185	185	0	33	213	1	0	Straight	0.0	8398.4	8611.4	393.53 335.8,401.28 339.6
0	106	339	763	1	1	132	132	0	24	154	0	0	Straight	0.0	8611.4	8635.4	401.28 339.6,411.75 344.97
0	107	763	764	1	1	139	139	0	25	155	1	0	Left	11.389	8646.79	8801.79	411.75 344.97,414.17 353.18
0	108	764	728	1	1	175	175	0	32	202	1	0	Straight	0.0	8801.79	9003.79	414.17 353.18,417.04 360.8
0	109	728	708	1	1	157	157	0	28	178	0	0	Straight	0.0	9003.79	9031.79	417.04 360.8,413.76 368.96
0	110	708	709	1	1	174	174	0	31	201	1	0	Straight	0.0	9031.79	9232.79	413.76 368.96,415.47 376.67
0	111	709	239	1	1	243	243	0	44	284	1	0	Left	11.389	9244.18	9528.18	415.47 376.67,408.9 385.91
0	112	239	674	1	1	63	63	0	11	71	1	0	Left	11.389	9539.57	9610.57	408.9 385.91,404.92 385.82
0	113	674	241	1	1	183	183	0	33	213	1	0	Straight	0.0	9610.57	9823.57	404.92 385.82,400.75 388.85
0	114	241	725	1	0	0	0	0	27	0	0	0	Left	11.389	9834.96	9861.96	400.75 388.85,395.2 385.49
0	115	725	1477	1	1	243	243	0	44	284	1	0	Left	11.389	9873.34	10157.3	395.2 385.49,402.74 380.75
0	116	1477	674	1	1	61	61	0	11	71	1	0	Left	11.389	10168.7	10239.7	402.74 380.75,404.92 385.82
0	117	674	1477	1	1	61	61	0	11	71	0	0	U	45.557	10285.3	10296.3	404.92 385.82,402.74 380.75
0	118	1477	1476	1	1	94	94	0	17	107	1	0	Left	11.389	10307.7	10414.7	402.74 380.75,407.46 373.06
0	119	1476	708	1	1	95	95	0	17	107	1	0	Straight	0.0	10414.7	10521.7	407.46 373.06,413.76 368.96
0	120	708	1615	1	1	81	81	0	15	95	1	0	Right	5.695	10527.4	10622.4	413.76 368.96,410.36 364.08
0	121	1615	1614	1	1	96	96	0	17	107	1	0	Right	5.695	10628.1	10735.1	410.36 364.08,405.16 366.34
0	122	1614	1615	1	1	96	96	0	17	107	0	0	U	45.557	10780.6	10797.6	405.16 366.34,410.36 364.08
0	123	1615	2026	1	1	281	281	0	51	331	1	0	Right	5.695	10803.3	11134.3	410.36 364.08,409.28 357.67
0	124	2026	764	1	1	91	91	0	16	106	1	0	Left	11.389	11145.7	11251.7	409.28 357.67,414.17 353.18
0	125	764	1676	1	1	158	158	0	28	178	1	0	Straight	0.0	11251.7	11429.7	414.17 353.18,418.29 350.8
0	126	1676	764	1	1	158	158	0	28	178	0	0	U	45.557	11475.3	11503.3	418.29 350.8,414.17 353.18
0	127	764	2026	1	1	91	91	0	16	106	0	0	Straight	0.0	11503.3	11519.3	414.17 353.18,409.28 357.67
0	128	2026	323	1	1	124	124	0	22	142	1	0	Left	11.389	11530.7	11672.7	409.28 357.67,402.03 356.81
0	129	323	318	0	1	12	12	0	2	12	1	0	Right	5.695	11678.4	11690.4	402.03 356.81,398.83 361.46
0	130	318	319	0	1	13	13	0	2	12	0	0	Left	11.389	11701.7	11703.7	398.83 361.46,390.51 359.73
0	131	319	322	0	1	11	11	0	2	12	1	0	Left	11.389	11715.1	11727.1	390.51 359.73,395.85 353.32
0	132	322	340	1	1	78	78	0	14	84	1	0	Right	5.695	11732.8	11816.8	395.85 353.32,394.88 344.87
0	133	340	339	1	1	233	233	0	42	272	1	0	Left	11.389	11828.2	12100.2	394.88 344.87,401.28 339.6
0	134	339	833	1	1	385	385	0	69	449	1	0	Right	5.695	12105.9	12554.9	401.28 339.6,398.59 331.53
0	135	833	824	1	1	200	200	0	36	236	1	0	Right	5.695	12560.6	12796.6	398.59 331.53,393.53 335.8
0	136	824	351	1	1	92	92	0	17	107	1	0	Straight	0.0	12796.6	12903.6	393.53 335.8,386.07 342.09
0	137	351	340	1	1	123	123	0	22	142	1	0	Right	5.695	12909.3	13051.3	386.07 342.09,394.88 344.87
0	138	340	322	1	1	78	78	0	14	84	0	0	Left	11.389	13062.7	13076.7	394.88 344.87,395.85 353.32
0	139	322	323	0	1	9	9	0	2	2	1	0	Right	5.695	13082.4	13084.4	395.85 353.32,402.03 356.81
0	140	323	318	0	1	12	12	0	2	12	0	0	Left	11.389	13095.8	13097.8	402.03 356.81,398.83 361.46
0	141	318	319	0	1	13	13	0	2	12	0	0	Left	11.389	13109.2	13111.2	398.83 361.46,390.51 359.73
0	142	319	1462	1	1	87	87	0	16	96	0	0	Straight	0.0	13111.2	13127.2	390.51 359.73,379.75 363.08
0	143	1462	1423	1	0	0	0	0	18	0	0	0	Left	11.389	13138.5	13156.5	379.75 363.08,373.38 355.71
0	144	1423	1424	1	1	93	93	0	17	107	0	0	Right	5.695	13162.2	13179.2	373.38 355.71,365.05 358.81
0	145	1424	346	1	1	127	127	0	23	143	1	0	Straight	0.0	13179.2	13322.2	365.05 358.81,355.09 363.0
0	146	346	341	1	0	0	0	0	20	0	0	0	Straight	0.0	13322.2	13342.2	355.09 363.0,351.16 371.92
0	147	341	389	1	1	303	303	0	54	354	1	0	Left	11.389	13353.6	13707.6	351.16 371.92,336.77 371.16
0	148	389	388	1	1	95	95	0	17	107	1	0	Straight	0.0	13707.6	13814.6	336.77 371.16,321.76 366.07
0	149	388	852	1	1	88	88	0	16	96	1	0	Left	11.389	13826.0	13922.0	321.76 366.07,332.99 352.48
0	150	852	388	1	1	88	88	0	16	96	0	0	U	45.557	13967.6	13983.6	332.99 352.48,321.76 366.07
0	151	388	1678	1	0	0	0	0	35	0	0	0	Left	11.389	13995.0	14030.0	321.76 366.07,302.47 357.35
0	152	1678	459	1	0	0	0	0	11	0	0	0	Straight	0.0	14030.0	14041.0	302.47 357.35,290.76 342.77
0	153	459	507	1	0	0	0	0	23	0	0	0	Straight	0.0	14041.0	14064.0	290.76 342.77,275.17 339.79
0	154	507	969	1	0	0	0	0	85	0	0	0	Straight	0.0	14064.0	14149.0	275.17 339.79,267.88 330.78
0	155	969	648	1	0	0	0	0	54	0	0	0	Straight	0.0	14149.0	14203.0	267.88 330.78,255.65 321.78
0	156	648	647	1	0	0	0	0	63	0	0	0	Straight	0.0	14203.0	14266.0	255.65 321.78,237.65 320.09
0	157	647	713	1	1	122	122	0	22	142	1	0	Left	11.389	14277.4	14419.4	237.65 320.09,240.28 306.03
0	158	713	747	1	0	0	0	0	28	0	0	0	Straight	0.0	14419.4	14447.4	240.28 306.03,234.27 296.41
0	159	747	1143	1	0	0	0	0	46	0	0	0	Straight	0.0	14447.4	14493.4	234.27 296.41,223.2 292.41
0	160	1143	1623	1	1	60	60	0	11	71	1	0	Straight	0.0	14493.4	14564.4	223.2 292.41,219.47 286.97
0	161	1623	2112	1	1	108	108	0	19	119	0	0	Straight	0.0	14564.4	14583.4	219.47 286.97,215.51 284.59
0	162	2112	1623	1	1	108	108	0	19	119	1	0	U	45.557	14628.9	14747.9	215.51 284.59,219.47 286.97
0	163	1623	1622	1	1	8	8	0	2	2	1	0	Right	5.695	14753.6	14755.6	219.47 286.97,218.79 282.35
0	164	1622	1623	1	1	8	8	0	2	2	0	0	U	45.557	14801.2	14803.2	218.79 282.35,219.47 286.97
0	165	1623	1143	1	1	60	60	0	11	71	0	0	Straight	0.0	14803.2	14814.2	219.47 286.97,223.2 292.41
0	166	1143	747	1	0	0	0	0	46	0	0	0	Straight	0.0	14814.2	14860.2	223.2 292.41,234.27 296.41
0	167	747	713	1	0	0	0	0	28	0	0	0	Straight	0.0	14860.2	14888.2	234.27 296.41,240.28 306.03
0	168	713	647	1	1	122	122	0	22	142	0	0	Straight	0.0	14888.2	14910.2	240.28 306.03,237.65 320.09
0	169	647	1501	1	0	0	0	0	26	0	0	0	Right	5.695	14915.9	14941.9	237.65 320.09,254.22 311.8
0	170	1501	653	1	0	0	0	0	25	0	0	0	Straight	0.0	14941.9	14966.9	254.22 311.8,264.35 300.32
0	171	653	622	1	0	0	0	0	49	0	0	0	Left	11.389	14978.3	15027.3	264.35 300.32,276.78 304.6
0	172	622	621	1	0	0	0	0	26	0	0	0	Right	5.695	15032.9	15058.9	276.78 304.6,286.13 294.79
0	173	621	564	1	0	0	0	0	53	0	0	0	Left	11.389	15070.3	15123.3	286.13 294.79,297.85 297.27
0	174	564	594	1	0	0	0	0	26	0	0	0	Right	5.695	15129.0	15155.0	297.85 297.27,307.38 288.17
0	175	594	593	1	0	0	0	0	34	0	0	0	Straight	0.0	15155.0	15189.0	307.38 288.17,320.19 279.47
0	176	593	607	1	0	0	0	0	30	0	0	0	Straight	0.0	15189.0	15219.0	320.19 279.47,341.47 281.28
0	177	607	616	1	0	0	0	0	22	0	0	0	Straight	0.0	15219.0	15241.0	341.47 281.28,363.03 281.58
0	178	616	615	1	0	0	0	0	3	0	0	0	Straight	0.0	15241.0	15244.0	363.03 281.58,379.09 271.73
0	179	615	1825	1	0	0	0	0	27	0	0	0	Straight	0.0	15244.0	15271.0	379.09 271.73,401.59 256.48
0	180	1825	690	1	0	0	0	0	12	0	0	0	Straight	0.0	15271.0	15283.0	401.59 256.48,411.19 240.76
0	181	690	2085	1	0	0	0	0	15	0	0	0	Left	11.389	15294.4	15309.4	411.19 240.76,421.88 250.66
0	182	2085	1083	1	0	0	0	0	71	0	0	0	Straight	0.0	15309.4	15380.4	421.88 250.66,446.0 251.77
1	0	1083	2085	1	0	0	0	0	71	0	0	300		0.0	15680.4	15751.4	446.0 251.77,421.88 250.66
1	1	2085	1825	0	0	0	0	0	21	0	0	0	Straight	0.0	15751.4	15772.4	421.88 250.66,401.59 256.48
1	2	1825	615	1	0	0	0	0	27	0	0	0	Straight	0.0	15772.4	15799.4	401.59 256.48,379.09 271.73
1	3	615	616	1	0	0	0	0	3	0	0	0	Straight	0.0	15799.4	15802.4	379.09 271.73,363.03 281.58
1	4	616	607	1	0	0	0	0	22	0	0	0	Straight	0.0	15802.4	15824.4	363.03 281.58,341.47 281.28
1	5	607	593	1	0	0	0	0	30	0	0	0	Straight	0.0	15824.4	15854.4	341.47 281.28,320.19 279.47
1	6	593	594	1	0	0	0	0	34	0	0	0	Straight	0.0	15854.4	15888.4	320.19 279.47,307.38 288.17
1	7	594	1043	1	0	0	0	0	53	0	0	0	Straight	0.0	15888.4	15941.4	307.38 288.17,294.74 287.29
1	8	1043	686	1	1	270	270	0	49	319	1	0	Left	11.389	15952.8	16271.8	294.74 287.29,289.24 278.95
1	9	686	1105	1	0	0	0	0	26	0	0	0	Straight	0.0	16271.8	16297.8	289.24 278.95,277.9 274.38
1	10	1105	782	1	1	146	146	0	26	166	1	0	Straight	0.0	16297.8	16463.8	277.9 274.38,268.86 278.21
1	11	782	687	1	0	0	0	0	25	0	0	0	Right	5.695	16469.5	16494.5	268.86 278.21,276.65 288.35
1	12	687	653	1	0	0	0	0	26	0	0	0	Left	11.389	16505.9	16531.9	276.65 288.35,264.35 300.32
1	13	653	712	1	0	0	0	0	34	0	0	0	Left	11.389	16543.3	16577.3	264.35 300.32,249.76 298.9
1	14	712	746	1	1	163	163	0	29	189	1	0	Straight	0.0	16577.3	16766.3	249.76 298.9,241.83 290.61
1	15	746	1957	1	1	44	44	0	8	48	0	0	Straight	0.0	16766.3	16774.3	241.83 290.61,240.72 278.8
1	16	1957	746	1	1	44	44	0	8	48	1	0	U	45.557	16819.8	16867.8	240.72 278.8,241.83 290.61
1	17	746	747	1	1	269	269	0	48	308	1	0	Left	11.389	16879.2	17187.2	241.83 290.61,234.27 296.41
1	18	747	1143	1	0	0	0	0	46	0	0	0	Left	11.389	17198.6	17244.6	234.27 296.41,223.2 292.41
1	19	1143	1153	1	0	0	0	0	24	0	0	0	Straight	0.0	17244.6	17268.6	223.2 292.41,212.98 291.29
1	20	1153	811	1	1	52	52	0	9	59	1	0	Straight	0.0	17268.6	17327.6	212.98 291.29,207.57 285.47
1	21	811	1394	1	1	78	78	0	14	84	1	0	Straight	0.0	17327.6	17411.6	207.57 285.47,203.33 279.64
1	22	1394	1395	1	1	33	33	0	6	36	1	0	Straight	0.0	17411.6	17447.6	203.33 279.64,197.95 277.33
1	23	1395	1394	1	1	33	33	0	6	36	0	0	U	45.557	17493.2	17499.2	197.95 277.33,203.33 279.64
1	24	1394	2008	1	1	14	14	0	3	13	1	0	U	45.557	17544.7	17557.7	203.33 279.64,201.35 274.87
1	25	2008	1394	1	1	14	14	0	3	13	0	0	U	45.557	17603.3	17606.3	201.35 274.87,203.33 279.64
1	26	1394	811	1	1	78	78	0	14	84	0	0	Straight	0.0	17606.3	17620.3	203.33 279.64,207.57 285.47
1	27	811	810	1	1	19	19	0	3	13	1	0	U	45.557	17665.8	17678.8	207.57 285.47,207.91 282.17
1	28	810	811	1	1	19	19	0	3	13	0	0	U	45.557	17724.4	17727.4	207.91 282.17,207.57 285.47
1	29	811	1153	1	1	52	52	0	9	59	0	0	Right	5.695	17733.1	17742.1	207.57 285.47,212.98 291.29
1	30	1153	1159	1	0	0	0	0	10	0	0	0	Left	11.389	17753.5	17763.5	212.98 291.29,206.87 295.84
1	31	1159	749	0	0	0	0	0	80	0	0	0	Straight	0.0	17763.5	17843.5	206.87 295.84,193.39 321.33
1	32	749	659	0	0	0	0	0	84	0	0	0	Straight	0.0	17843.5	17927.5	193.39 321.33,176.13 344.04
1	33	659	623	1	0	0	0	0	37	0	0	0	Straight	0.0	17927.5	17964.5	176.13 344.04,159.17 347.9
1	34	623	568	1	1	374	374	0	67	437	1	0	U	45.557	18010.0	18447.0	159.17 347.9,166.36 352.32
1	35	568	566	1	1	248	248	0	45	285	1	0	Left	11.389	18458.4	18743.4	166.36 352.32,153.99 356.21
1	36	566	551	1	1	32	32	0	6	36	1	0	Straight	0.0	18743.4	18779.4	153.99 356.21,147.0 363.27
1	37	551	978	1	1	58	58	0	10	60	1	0	Straight	0.0	18779.4	18839.4	147.0 363.27,142.12 369.89
1	38	978	2053	1	1	20	20	0	4	24	1	0	Straight	0.0	18839.4	18863.4	142.12 369.89,136.04 371.93
1	39	2053	978	1	1	20	20	0	4	24	0	0	U	45.557	18909.0	18913.0	136.04 371.93,142.12 369.89
1	40	978	1719	1	1	55	55	0	10	60	1	0	Left	11.389	18924.4	18984.4	142.12 369.89,146.54 374.22
1	41	1719	546	1	1	51	51	0	9	59	1	0	Straight	0.0	18984.4	19043.4	146.54 374.22,153.73 375.88
1	42	546	548	1	1	51	51	0	9	59	1	0	Straight	0.0	19043.4	19102.4	153.73 375.88,164.43 379.59
1	43	548	1741	1	1	53	53	0	10	60	1	0	Straight	0.0	19102.4	19162.4	164.43 379.59,177.06 381.94
1	44	1741	548	1	1	53	53	0	10	60	0	0	U	45.557	19207.9	19217.9	177.06 381.94,164.43 379.59
1	45	548	968	1	1	26	26	0	5	25	1	0	Straight	0.0	19217.9	19242.9	164.43 379.59,159.41 378.36
1	46	968	548	1	1	26	26	0	5	25	0	0	U	45.557	19288.5	19293.5	159.41 378.36,164.43 379.59
1	47	548	1529	1	1	29	29	0	5	25	1	0	U	45.557	19339.0	19364.0	164.43 379.59,159.47 382.07
1	48	1529	548	1	1	29	29	0	5	25	0	0	U	45.557	19409.6	19414.6	159.47 382.07,164.43 379.59
1	49	548	546	1	1	51	51	0	9	59	0	0	Right	5.695	19420.3	19429.3	164.43 379.59,153.73 375.88
1	50	546	547	1	1	49	49	0	9	49	1	0	Straight	0.0	19429.3	19478.3	153.73 375.88,147.54 371.58
1	51	547	1719	1	1	41	41	0	7	47	1	0	Right	5.695	19484.0	19531.0	147.54 371.58,146.54 374.22
1	52	1719	547	1	1	41	41	0	7	47	0	0	U	45.557	19576.6	19583.6	146.54 374.22,147.54 371.58
1	53	547	549	1	1	39	39	0	7	37	1	0	Right	5.695	19589.2	19626.2	147.54 371.58,142.62 366.93
1	54	549	2126	1	1	89	89	0	16	96	1	0	Straight	0.0	19626.2	19722.2	142.62 366.93,136.5 366.86
1	55	2126	549	1	1	89	89	0	16	96	0	0	U	45.557	19767.8	19783.8	136.5 366.86,142.62 366.93
1	56	549	551	1	1	29	29	0	5	25	1	0	Straight	0.0	19783.8	19808.8	142.62 366.93,147.0 363.27
1	57	551	566	1	1	32	32	0	6	36	0	0	Straight	0.0	19808.8	19814.8	147.0 363.27,153.99 356.21
1	58	566	567	1	0	0	0	0	38	0	0	0	Right	5.695	19820.5	19858.5	153.99 356.21,144.17 353.96
1	59	567	1446	1	1	37	37	0	7	37	1	0	Straight	0.0	19858.5	19895.5	144.17 353.96,138.83 353.43
1	60	1446	567	1	1	37	37	0	7	37	0	0	U	45.557	19941.1	19948.1	138.83 353.43,144.17 353.96
1	61	567	566	1	0	0	0	0	38	0	0	0	Straight	0.0	19948.1	19986.1	144.17 353.96,153.99 356.21
1	62	566	568	1	1	248	248	0	45	285	0	0	Straight	0.0	19986.1	20031.1	153.99 356.21,166.36 352.32
1	63	568	1460	1	1	82	82	0	15	95	1	0	Straight	0.0	20031.1	20126.1	166.36 352.32,181.62 351.41
1	64	1460	1461	1	1	84	84	0	15	95	1	0	U	45.557	20171.6	20266.6	181.62 351.41,171.47 345.98
1	65	1461	1683	1	1	83	83	0	15	95	1	0	Straight	0.0	20266.6	20361.6	171.47 345.98,167.65 343.75
1	66	1683	1461	1	1	83	83	0	15	95	0	0	U	45.557	20407.2	20422.2	167.65 343.75,171.47 345.98
1	67	1461	994	1	1	41	41	0	7	47	1	0	U	45.557	20467.7	20514.7	171.47 345.98,162.51 341.14
1	68	994	993	1	1	72	72	0	13	83	1	0	Straight	0.0	20514.7	20597.7	162.51 341.14,159.32 337.7
1	69	993	994	1	1	72	72	0	13	83	0	0	U	45.557	20643.3	20656.3	159.32 337.7,162.51 341.14
1	70	994	561	1	1	5	5	0	1	1	1	0	U	45.557	20701.8	20702.8	162.51 341.14,154.47 338.16
1	71	561	562	1	1	86	86	0	16	96	1	0	Straight	0.0	20702.8	20798.8	154.47 338.16,150.27 334.65
1	72	562	561	1	1	86	86	0	16	96	0	0	U	45.557	20844.4	20860.4	150.27 334.65,154.47 338.16
1	73	561	2164	1	1	39	39	0	7	37	1	0	U	45.557	20906.0	20943.0	154.47 338.16,148.79 338.16
1	74	2164	561	1	1	39	39	0	7	37	0	0	U	45.557	20988.5	20995.5	148.79 338.16,154.47 338.16
1	75	561	994	1	1	5	5	0	1	1	0	0	Straight	0.0	20995.5	20996.5	154.47 338.16,162.51 341.14
1	76	994	1461	1	1	41	41	0	7	47	0	0	Straight	0.0	20996.5	21003.5	162.51 341.14,171.47 345.98
1	77	1461	1460	1	1	84	84	0	15	95	0	0	Straight	0.0	21003.5	21018.5	171.47 345.98,181.62 351.41
1	78	1460	980	1	1	56	56	0	10	60	1	0	Straight	0.0	21018.5	21078.5	181.62 351.41,200.54 354.2
1	79	980	979	1	0	0	0	0	60	0	0	0	Left	11.389	21089.9	21149.9	200.54 354.2,197.85 376.83
1	80	979	950	0	0	0	0	0	26	0	0	0	Straight	0.0	21149.9	21175.9	197.85 376.83,202.64 392.33
1	81	950	951	0	0	0	0	0	2	0	0	0	Straight	0.0	21175.9	21177.9	202.64 392.33,197.99 411.0
1	82	951	952	0	0	0	0	0	3	0	0	0	Left	11.389	21189.3	21192.3	197.99 411.0,186.42 412.8
1	83	952	963	0	0	0	0	0	35	0	0	0	Straight	0.0	21192.3	21227.3	186.42 412.8,170.85 414.75
1	84	963	531	1	1	50	50	0	9	59	1	0	Straight	0.0	21227.3	21286.3	170.85 414.75,157.13 417.28
1	85	531	962	1	1	53	53	0	10	60	1	0	Straight	0.0	21286.3	21346.3	157.13 417.28,144.95 418.34
1	86	962	511	1	1	25	25	0	5	25	1	0	Straight	0.0	21346.3	21371.3	144.95 418.34,135.17 418.5
1	87	511	512	1	1	35	35	0	6	36	1	0	Straight	0.0	21371.3	21407.3	135.17 418.5,125.69 419.41
1	88	512	1875	1	1	52	52	0	9	59	1	0	Straight	0.0	21407.3	21466.3	125.69 419.41,119.71 418.17
1	89	1875	512	1	1	52	52	0	9	59	0	0	U	45.557	21511.8	21520.8	119.71 418.17,125.69 419.41
1	90	512	1993	1	1	19	19	0	3	13	1	0	U	45.557	21566.4	21579.4	125.69 419.41,120.4 421.81
1	91	1993	512	1	1	19	19	0	3	13	0	0	U	45.557	21625.0	21628.0	120.4 421.81,125.69 419.41
1	92	512	511	1	1	35	35	0	6	36	0	0	Straight	0.0	21628.0	21634.0	125.69 419.41,135.17 418.5
1	93	511	2185	1	1	17	17	0	3	13	1	0	U	45.557	21679.5	21692.5	135.17 418.5,130.72 418.1
1	94	2185	511	1	1	17	17	0	3	13	0	0	U	45.557	21738.1	21741.1	130.72 418.1,135.17 418.5
1	95	511	962	1	1	25	25	0	5	25	0	0	Straight	0.0	21741.1	21746.1	135.17 418.5,144.95 418.34
1	96	962	961	1	1	23	23	0	4	24	1	0	U	45.557	21791.6	21815.6	144.95 418.34,139.76 419.73
1	97	961	962	1	1	23	23	0	4	24	0	0	U	45.557	21861.2	21865.2	139.76 419.73,144.95 418.34
1	98	962	531	1	1	53	53	0	10	60	0	0	Straight	0.0	21865.2	21875.2	144.95 418.34,157.13 417.28
1	99	531	532	1	1	27	27	0	5	25	1	0	U	45.557	21920.7	21945.7	157.13 417.28,151.59 419.07
1	100	532	531	1	1	27	27	0	5	25	0	0	U	45.557	21991.3	21996.3	151.59 419.07,157.13 417.28
1	101	531	963	1	1	50	50	0	9	59	0	0	Straight	0.0	21996.3	22005.3	157.13 417.28,170.85 414.75
1	102	963	1720	0	0	0	0	0	53	0	0	0	U	45.557	22050.9	22103.9	170.85 414.75,163.86 411.57
1	103	1720	1662	1	1	228	228	0	41	261	1	0	Right	5.695	22109.6	22370.6	163.86 411.57,158.01 427.14
1	104	1662	513	1	1	149	149	0	27	167	1	0	Straight	0.0	22370.6	22537.6	158.01 427.14,147.74 438.64
1	105	513	1577	1	1	249	249	0	45	285	1	0	Straight	0.0	22537.6	22822.6	147.74 438.64,142.54 439.47
1	106	1577	513	1	1	249	249	0	45	285	0	0	U	45.557	22868.1	22913.1	142.54 439.47,147.74 438.64
1	107	513	514	1	1	244	244	0	44	284	1	0	Left	11.389	22924.5	23208.5	147.74 438.64,149.84 449.74
1	108	514	2084	1	1	210	210	0	38	248	1	0	Straight	0.0	23208.5	23456.5	149.84 449.74,157.39 457.13
1	109	2084	539	1	1	186	186	0	34	214	1	0	Right	5.695	23462.2	23676.2	157.39 457.13,169.3 456.4
1	110	539	976	1	1	120	120	0	22	142	1	0	U	45.557	23721.8	23863.8	169.3 456.4,165.65 460.41
1	111	976	539	1	1	120	120	0	22	142	0	0	U	45.557	23909.3	23931.3	165.65 460.41,169.3 456.4
1	112	539	2084	1	1	186	186	0	34	214	0	0	U	45.557	23976.9	24010.9	169.3 456.4,157.39 457.13
1	113	2084	959	1	1	70	70	0	13	83	1	0	Right	5.695	24016.6	24099.6	157.39 457.13,152.15 464.92
1	114	959	958	1	1	102	102	0	18	118	1	0	Straight	0.0	24099.6	24217.6	152.15 464.92,150.94 470.29
1	115	958	959	1	1	102	102	0	18	118	0	0	U	45.557	24263.1	24281.1	150.94 470.29,152.15 464.92
1	116	959	2133	1	1	98	98	0	18	108	1	0	U	45.557	24326.7	24434.7	152.15 464.92,147.55 469.04
1	117	2133	959	1	1	98	98	0	18	108	0	0	U	45.557	24480.2	24498.2	147.55 469.04,152.15 464.92
1	118	959	2084	1	1	70	70	0	13	83	0	0	Straight	0.0	24498.2	24511.2	152.15 464.92,157.39 457.13
1	119	2084	514	1	1	210	210	0	38	248	0	0	Right	5.695	24516.9	24554.9	157.39 457.13,149.84 449.74
1	120	514	474	1	1	54	54	0	10	60	1	0	Right	5.695	24560.6	24620.6	149.84 449.74,144.84 455.85
1	121	474	473	1	1	321	321	0	58	378	1	0	Straight	0.0	24620.6	24998.6	144.84 455.85,143.24 460.63
1	122	473	474	1	1	321	321	0	58	378	0	0	U	45.557	25044.2	25102.2	143.24 460.63,144.84 455.85
1	123	474	468	1	1	70	70	0	13	83	1	0	U	45.557	25147.7	25230.7	144.84 455.85,140.43 459.3
1	124	468	469	1	1	105	105	0	19	119	1	0	Straight	0.0	25230.7	25349.7	140.43 459.3,128.46 466.44
1	125	469	484	1	1	116	116	0	21	131	1	0	Straight	0.0	25349.7	25480.7	128.46 466.44,119.28 475.16
1	126	484	485	1	1	33	33	0	6	36	1	0	Straight	0.0	25480.7	25516.7	119.28 475.16,116.91 480.96
1	127	485	484	1	1	33	33	0	6	36	0	0	U	45.557	25562.3	25568.3	116.91 480.96,119.28 475.16
1	128	484	949	1	1	31	31	0	6	36	1	0	Right	5.695	25574.0	25610.0	119.28 475.16,112.73 477.26
1	129	949	484	1	1	31	31	0	6	36	0	0	U	45.557	25655.5	25661.5	112.73 477.26,119.28 475.16
1	130	484	2073	1	1	34	34	0	6	36	1	0	U	45.557	25707.1	25743.1	119.28 475.16,113.77 479.71
1	131	2073	484	1	1	34	34	0	6	36	0	0	U	45.557	25788.7	25794.7	113.77 479.71,119.28 475.16
1	132	484	469	1	1	116	116	0	21	131	0	0	Straight	0.0	25794.7	25815.7	119.28 475.16,128.46 466.44
1	133	469	472	1	1	30	30	0	5	35	1	0	Right	5.695	25821.4	25856.4	128.46 466.44,118.56 465.37
1	134	472	1528	1	1	36	36	0	6	36	1	0	Straight	0.0	25856.4	25892.4	118.56 465.37,112.03 466.23
1	135	1528	472	1	1	36	36	0	6	36	0	0	U	45.557	25937.9	25943.9	112.03 466.23,118.56 465.37
1	136	472	2003	1	1	28	28	0	5	25	1	0	U	45.557	25989.5	26014.5	118.56 465.37,113.42 462.6
1	137	2003	472	1	1	28	28	0	5	25	0	0	U	45.557	26060.0	26065.0	113.42 462.6,118.56 465.37
1	138	472	469	1	1	30	30	0	5	35	0	0	Straight	0.0	26065.0	26070.0	118.56 465.37,128.46 466.44
1	139	469	468	1	1	105	105	0	19	119	0	0	Straight	0.0	26070.0	26089.0	128.46 466.44,140.43 459.3
1	140	468	919	1	1	183	183	0	33	213	1	0	Straight	0.0	26089.0	26302.0	140.43 459.3,151.71 452.93
1	141	919	921	1	0	0	0	0	11	0	0	0	U	45.557	26347.6	26358.6	151.71 452.93,138.07 459.5
1	142	921	937	1	1	45	45	0	8	48	1	0	Straight	0.0	26358.6	26406.6	138.07 459.5,127.05 464.41
1	143	937	1924	1	1	79	79	0	14	84	1	0	Straight	0.0	26406.6	26490.6	127.05 464.41,123.58 468.92
1	144	1924	937	1	1	79	79	0	14	84	0	0	U	45.557	26536.1	26550.1	123.58 468.92,127.05 464.41
1	145	937	471	1	1	43	43	0	8	48	1	0	U	45.557	26595.7	26643.7	127.05 464.41,117.24 468.46
1	146	471	1618	1	1	38	38	0	7	37	1	0	Straight	0.0	26643.7	26680.7	117.24 468.46,110.29 469.52
1	147	1618	471	1	1	38	38	0	7	37	0	0	U	45.557	26726.3	26733.3	110.29 469.52,117.24 468.46
1	148	471	470	1	1	21	21	0	4	24	1	0	U	45.557	26778.8	26802.8	117.24 468.46,112.31 472.03
1	149	470	471	1	1	21	21	0	4	24	0	0	U	45.557	26848.4	26852.4	112.31 472.03,117.24 468.46
1	150	471	937	1	1	43	43	0	8	48	0	0	Straight	0.0	26852.4	26860.4	117.24 468.46,127.05 464.41
1	151	937	921	1	1	45	45	0	8	48	0	0	Straight	0.0	26860.4	26868.4	127.05 464.41,138.07 459.5
1	152	921	922	1	1	29	29	0	5	25	1	0	U	45.557	26913.9	26938.9	138.07 459.5,133.09 460.51
1	153	922	921	1	1	29	29	0	5	25	0	0	U	45.557	26984.5	26989.5	133.09 460.51,138.07 459.5
1	154	921	919	1	0	0	0	0	11	0	0	0	Straight	0.0	26989.5	27000.5	138.07 459.5,151.71 452.93
1	155	919	910	1	0	0	0	0	1	0	0	0	Straight	0.0	27000.5	27001.5	151.71 452.93,169.53 443.27
1	156	910	904	1	0	0	0	0	13	0	0	0	Straight	0.0	27001.5	27014.5	169.53 443.27,188.58 433.12
1	157	904	444	1	0	0	0	0	3	0	0	0	Straight	0.0	27014.5	27017.5	188.58 433.12,203.04 429.23
1	158	444	855	0	0	0	0	0	44	0	0	0	Left	11.389	27028.9	27072.9	203.04 429.23,212.61 444.8
1	159	855	1382	0	1	541	541	0	97	637	1	0	Right	5.695	27078.6	27715.6	212.61 444.8,226.96 447.49
1	160	1382	1650	1	1	160	160	0	29	189	1	0	U	45.557	27761.1	27950.1	226.96 447.49,222.32 450.44
1	161	1650	1382	1	1	160	160	0	29	189	0	0	U	45.557	27995.7	28024.7	222.32 450.44,226.96 447.49
1	162	1382	317	0	1	175	175	0	32	202	1	0	Straight	0.0	28024.7	28226.7	226.96 447.49,241.26 443.73
1	163	317	815	0	1	376	376	0	68	438	1	0	Right	5.695	28232.4	28670.4	241.26 443.73,240.33 429.25
1	164	815	2070	0	1	271	271	0	49	319	1	0	Straight	0.0	28670.4	28989.4	240.33 429.25,240.27 415.95
1	165	2070	1588	1	1	225	225	0	41	261	1	0	Straight	0.0	28989.4	29250.4	240.27 415.95,235.06 409.6
1	166	1588	903	0	0	0	0	0	8	0	0	0	Right	5.695	29256.1	29264.1	235.06 409.6,223.49 409.15
1	167	903	2102	1	1	176	176	0	32	202	1	0	Straight	0.0	29264.1	29466.1	223.49 409.15,219.88 407.62
1	168	2102	903	1	1	176	176	0	32	202	0	0	U	45.557	29511.6	29543.6	219.88 407.62,223.49 409.15
1	169	903	902	0	0	0	0	0	9	0	0	0	U	45.557	29589.2	29598.2	223.49 409.15,212.61 409.1
1	170	902	1804	1	1	177	177	0	32	202	1	0	Straight	0.0	29598.2	29800.2	212.61 409.1,209.22 407.27
1	171	1804	902	1	1	177	177	0	32	202	0	0	U	45.557	29845.7	29877.7	209.22 407.27,212.61 409.1
1	172	902	935	0	0	0	0	0	54	0	0	0	U	45.557	29923.3	29977.3	212.61 409.1,202.36 409.47
1	173	935	460	1	1	54	54	0	10	60	1	0	Right	5.695	29983.0	30043.0	202.36 409.47,199.3 413.24
1	174	460	2000	1	1	27	27	0	5	25	1	0	Left	11.389	30054.4	30079.4	199.3 413.24,196.6 408.99
1	175	2000	460	1	1	27	27	0	5	25	0	0	U	45.557	30124.9	30129.9	196.6 408.99,199.3 413.24
1	176	460	461	1	1	18	18	0	3	13	1	0	Left	11.389	30141.3	30154.3	199.3 413.24,196.0 417.14
1	177	461	460	1	1	18	18	0	3	13	0	0	U	45.557	30199.9	30202.9	196.0 417.14,199.3 413.24
1	178	460	935	1	1	54	54	0	10	60	0	0	Straight	0.0	30202.9	30212.9	199.3 413.24,202.36 409.47
1	179	935	936	0	0	0	0	0	2	0	0	0	Right	5.695	30218.6	30220.6	202.36 409.47,192.13 408.99
1	180	936	933	1	1	46	46	0	8	48	1	0	Straight	0.0	30220.6	30268.6	192.13 408.99,181.21 407.8
1	181	933	934	1	1	60	60	0	11	71	1	0	Straight	0.0	30268.6	30339.6	181.21 407.8,170.91 406.31
1	182	934	449	1	1	61	61	0	11	71	1	0	Straight	0.0	30339.6	30410.6	170.91 406.31,162.85 405.17
1	183	449	448	1	1	40	40	0	7	47	1	0	Straight	0.0	30410.6	30457.6	162.85 405.17,159.4 404.94
1	184	448	1926	1	1	28	28	0	5	25	1	0	Right	5.695	30463.3	30488.3	159.4 404.94,161.8 408.24
1	185	1926	448	1	1	28	28	0	5	25	0	0	U	45.557	30533.8	30538.8	161.8 408.24,159.4 404.94
1	186	448	911	1	1	20	20	0	4	24	1	0	Right	5.695	30544.5	30568.5	159.4 404.94,152.34 404.92
1	187	911	448	1	1	20	20	0	4	24	0	0	U	45.557	30614.1	30618.1	152.34 404.92,159.4 404.94
1	188	448	920	1	1	62	62	0	11	71	1	0	Straight	0.0	30618.1	30689.1	159.4 404.94,165.24 404.62
1	189	920	1527	1	1	28	28	0	5	25	1	0	Straight	0.0	30689.1	30714.1	165.24 404.62,167.86 401.85
1	190	1527	920	1	1	28	28	0	5	25	0	0	U	45.557	30759.6	30764.6	167.86 401.85,165.24 404.62
1	191	920	934	1	1	39	39	0	7	37	1	0	Right	5.695	30770.3	30807.3	165.24 404.62,170.91 406.31
1	192	934	2072	1	1	33	33	0	6	36	1	0	Right	5.695	30813.0	30849.0	170.91 406.31,172.29 403.32
1	193	2072	934	1	1	33	33	0	6	36	0	0	U	45.557	30894.6	30900.6	172.29 403.32,170.91 406.31
1	194	934	449	1	1	61	61	0	11	71	0	0	Left	11.389	30912.0	30923.0	170.91 406.31,162.85 405.17
1	195	449	1927	1	1	35	35	0	6	36	1	0	Straight	0.0	30923.0	30959.0	162.85 405.17,156.99 407.59
1	196	1927	449	1	1	35	35	0	6	36	0	0	U	45.557	31004.5	31010.5	156.99 407.59,162.85 405.17
1	197	449	2103	1	1	17	17	0	3	13	1	0	Right	5.695	31016.2	31029.2	162.85 405.17,156.68 402.58
1	198	2103	449	1	1	17	17	0	3	13	0	0	U	45.557	31074.8	31077.8	156.68 402.58,162.85 405.17
1	199	449	934	1	1	61	61	0	11	71	0	0	Straight	0.0	31077.8	31088.8	162.85 405.17,170.91 406.31
1	200	934	933	1	1	60	60	0	11	71	0	0	Straight	0.0	31088.8	31099.8	170.91 406.31,181.21 407.8
1	201	933	1735	1	1	28	28	0	5	25	1	0	U	45.557	31145.3	31170.3	181.21 407.8,177.91 409.9
1	202	1735	933	1	1	28	28	0	5	25	0	0	U	45.557	31215.9	31220.9	177.91 409.9,181.21 407.8
1	203	933	936	1	1	46	46	0	8	48	0	0	Straight	0.0	31220.9	31228.9	181.21 407.8,192.13 408.99
1	204	936	951	0	0	0	0	0	31	0	0	0	Straight	0.0	31228.9	31259.9	192.13 408.99,197.99 411.0
1	205	951	952	0	0	0	0	0	3	0	0	0	U	45.557	31305.5	31308.5	197.99 411.0,186.42 412.8
1	206	952	1742	0	0	0	0	0	2	0	0	0	Left	11.389	31319.8	31321.8	186.42 412.8,189.97 392.15
1	207	1742	979	0	0	0	0	0	25	0	0	0	Straight	0.0	31321.8	31346.8	189.97 392.15,197.85 376.83
1	208	979	980	1	0	0	0	0	60	0	0	0	Straight	0.0	31346.8	31406.8	197.85 376.83,200.54 354.2
1	209	980	970	1	0	0	0	0	36	0	0	0	Left	11.389	31418.2	31454.2	200.54 354.2,211.4 361.91
1	210	970	971	1	0	0	0	0	66	0	0	0	Right	5.695	31459.9	31525.9	211.4 361.91,221.11 357.76
1	211	971	500	1	0	0	0	0	3	0	0	0	Straight	0.0	31525.9	31528.9	221.11 357.76,235.35 357.54
1	212	500	478	1	0	0	0	0	15	0	0	0	Straight	0.0	31528.9	31543.9	235.35 357.54,250.63 358.81
1	213	478	506	1	0	0	0	0	25	0	0	0	Right	5.695	31549.6	31574.6	250.63 358.81,262.85 344.55
1	214	506	969	1	0	0	0	0	43	0	0	0	Straight	0.0	31574.6	31617.6	262.85 344.55,267.88 330.78
1	215	969	2097	1	1	136	136	0	24	154	1	0	Straight	0.0	31617.6	31771.6	267.88 330.78,279.58 320.46
1	216	2097	556	1	0	0	0	0	25	0	0	0	Straight	0.0	31771.6	31796.6	279.58 320.46,289.6 308.42
1	217	556	564	1	0	0	0	0	27	0	0	0	Straight	0.0	31796.6	31823.6	289.6 308.42,297.85 297.27
1	218	564	594	1	0	0	0	0	26	0	0	0	Straight	0.0	31823.6	31849.6	297.85 297.27,307.38 288.17
1	219	594	593	1	0	0	0	0	34	0	0	0	Straight	0.0	31849.6	31883.6	307.38 288.17,320.19 279.47
1	220	593	607	1	0	0	0	0	30	0	0	0	Straight	0.0	31883.6	31913.6	320.19 279.47,341.47 281.28
1	221	607	616	1	0	0	0	0	22	0	0	0	Straight	0.0	31913.6	31935.6	341.47 281.28,363.03 281.58
1	222	616	615	1	0	0	0	0	3	0	0	0	Straight	0.0	31935.6	31938.6	363.03 281.58,379.09 271.73
1	223	615	1825	1	0	0	0	0	27	0	0	0	Straight	0.0	31938.6	31965.6	379.09 271.73,401.59 256.48
1	224	1825	690	1	0	0	0	0	12	0	0	0	Straight	0.0	31965.6	31977.6	401.59 256.48,411.19 240.76
1	225	690	2085	1	0	0	0	0	15	0	0	0	Left	11.389	31989.0	32004.0	411.19 240.76,421.88 250.66
1	226	2085	1083	1	0	0	0	0	71	0	0	0	Straight	0.0	32004.0	32075.0	421.88 250.66,446.0 251.77
2	0	1083	1083	-1	-1	0	0	0	0	0	0	300		0.0	32075.0	32375.0	446.0 251.77,446.0 251.77
