Problem Type	Solution Method	Vehicle Capacity (Weight)	Vehicle Capacity(Volume)	Disposal Trips	Route Time	Route Time wo Turns	Computational Time(Sec)	Clustering Time(Sec)	VA(CCI)	VA(NHO)	VA(ATD)	VA(DMT)	VA(AOI)	VA(ROI)	Optimal
MCARPTIF-TP	GPM	10000	10000	2	31191.6	26243	398.852	2.097	1	0	790.107	26665.5	0.147229	0.399525	0
Load No	Sequence No	Starting Node	Ending Node	Is Edge	Required	Weight	Volume	Travel Miles	Travel Time	Service Time	Served	Dumped	Turn Type	Turn Cost	Depart Time	Arrival Time	Shape
0	0	1083	2085	1	0	0	0	0	71	0	0	300		0.0	300.0	371.0	446.0 251.77,421.88 250.66
0	1	2085	1825	0	0	0	0	0	21	0	0	0	Straight	0.0	371.0	392.0	421.88 250.66,401.59 256.48
0	2	1825	615	1	0	0	0	0	27	0	0	0	Straight	0.0	392.0	419.0	401.59 256.48,379.09 271.73
0	3	615	1684	0	0	0	0	0	58	0	0	0	Right	5.695	424.695	482.695	379.09 271.73,393.81 293.84
0	4	1684	984	1	1	19	19	0	3	13	1	0	Left	11.389	494.084	507.084	393.81 293.84,381.85 299.24
0	5	984	558	1	1	40	40	0	7	47	1	0	Straight	0.0	507.084	554.084	381.85 299.24,362.77 297.07
0	6	558	554	1	0	0	0	0	10	0	0	0	Straight	0.0	554.084	564.084	362.77 297.07,347.04 297.52
0	7	554	555	1	0	0	0	0	44	0	0	0	Straight	0.0	564.084	608.084	347.04 297.52,339.96 300.34
0	8	555	1736	1	1	126	126	0	23	143	0	0	U	45.557	653.641	676.641	339.96 300.34,344.08 298.22
0	9	1736	938	1	1	119	119	0	21	131	0	0	Left	11.389	688.03	709.03	344.08 298.22,342.99 305.37
0	10	938	927	1	0	0	0	0	10	0	0	0	Straight	0.0	709.03	719.03	342.99 305.37,339.92 312.44
0	11	927	928	1	0	0	0	0	25	0	0	0	Right	5.695	724.725	749.725	339.92 312.44,343.94 320.38
0	12	928	859	1	0	0	0	0	27	0	0	0	Right	5.695	755.42	782.42	343.94 320.38,356.41 320.63
0	13	859	410	0	1	13	13	0	2	12	1	0	Straight	0.0	782.42	794.42	356.41 320.63,368.25 317.88
0	14	410	1502	0	0	0	0	0	1	0	0	0	Left	11.389	805.809	806.809	368.25 317.88,370.59 321.34
0	15	1502	406	1	1	16	16	0	3	13	1	0	Straight	0.0	806.809	819.809	370.59 321.34,374.93 323.76
0	16	406	407	1	1	122	122	0	22	142	1	0	Straight	0.0	819.809	961.809	374.93 323.76,383.24 325.12
0	17	407	823	1	1	162	162	0	29	189	1	0	Straight	0.0	961.809	1150.81	383.24 325.12,389.04 328.73
0	18	823	847	1	1	170	170	0	31	201	1	0	Right	5.695	1156.5	1357.5	389.04 328.73,387.89 323.58
0	19	847	857	1	1	102	102	0	18	118	1	0	Straight	0.0	1357.5	1475.5	387.89 323.58,388.85 318.87
0	20	857	1998	1	1	97	97	0	17	107	1	0	Left	11.389	1486.89	1593.89	388.85 318.87,397.59 322.51
0	21	1998	833	1	1	142	142	0	26	166	1	0	Left	11.389	1605.28	1771.28	397.59 322.51,398.59 331.53
0	22	833	339	1	1	385	385	0	69	449	1	0	Straight	0.0	1771.28	2220.28	398.59 331.53,401.28 339.6
0	23	339	340	1	1	233	233	0	42	272	1	0	Left	11.389	2231.67	2503.67	401.28 339.6,394.88 344.87
0	24	340	322	1	1	78	78	0	14	84	1	0	Right	5.695	2509.37	2593.37	394.88 344.87,395.85 353.32
0	25	322	323	0	1	9	9	0	2	2	1	0	Right	5.695	2599.06	2601.06	395.85 353.32,402.03 356.81
0	26	323	2026	1	1	124	124	0	22	142	1	0	Straight	0.0	2601.06	2743.06	402.03 356.81,409.28 357.67
0	27	2026	1615	1	1	281	281	0	51	331	1	0	Left	11.389	2754.45	3085.45	409.28 357.67,410.36 364.08
0	28	1615	1614	1	1	96	96	0	17	107	1	0	Left	11.389	3096.84	3203.84	410.36 364.08,405.16 366.34
0	29	1614	1476	1	1	254	254	0	46	296	1	0	Right	5.695	3209.53	3505.53	405.16 366.34,407.46 373.06
0	30	1476	708	1	1	95	95	0	17	107	0	0	Right	5.695	3511.23	3528.23	407.46 373.06,413.76 368.96
0	31	708	728	1	1	157	157	0	28	178	0	0	Straight	0.0	3528.23	3556.23	413.76 368.96,417.04 360.8
0	32	728	764	1	1	175	175	0	32	202	1	0	Straight	0.0	3556.23	3758.23	417.04 360.8,414.17 353.18
0	33	764	763	1	1	139	139	0	25	155	0	0	Straight	0.0	3758.23	3783.23	414.17 353.18,411.75 344.97
0	34	763	1844	1	1	183	183	0	33	213	1	0	Left	11.389	3794.62	4007.62	411.75 344.97,421.33 345.85
0	35	1844	265	1	1	269	269	0	48	308	1	0	Left	11.389	4019.01	4327.01	421.33 345.85,424.43 354.3
0	36	265	729	1	1	40	40	0	7	47	1	0	Straight	0.0	4327.01	4374.01	424.43 354.3,422.9 358.88
0	37	729	263	1	1	38	38	0	7	37	1	0	Right	5.695	4379.7	4416.7	422.9 358.88,424.96 362.34
0	38	263	264	1	1	60	60	0	11	71	1	0	Left	11.389	4428.09	4499.09	424.96 362.34,422.47 370.62
0	39	264	706	1	1	176	176	0	32	202	1	0	Right	5.695	4504.79	4706.79	422.47 370.62,427.34 372.21
0	40	706	264	1	1	176	176	0	32	202	0	0	U	45.557	4752.34	4784.34	427.34 372.21,422.47 370.62
0	41	264	263	1	1	60	60	0	11	71	0	0	Left	11.389	4795.73	4806.73	422.47 370.62,424.96 362.34
0	42	263	729	1	1	38	38	0	7	37	0	0	Right	5.695	4812.43	4819.43	424.96 362.34,422.9 358.88
0	43	729	728	1	1	211	211	0	38	248	1	0	Right	5.695	4825.12	5073.12	422.9 358.88,417.04 360.8
0	44	728	708	1	1	157	157	0	28	178	1	0	Right	5.695	5078.82	5256.82	417.04 360.8,413.76 368.96
0	45	708	1476	1	1	95	95	0	17	107	1	0	Straight	0.0	5256.82	5363.82	413.76 368.96,407.46 373.06
0	46	1476	1477	1	1	94	94	0	17	107	1	0	Straight	0.0	5363.82	5470.82	407.46 373.06,402.74 380.75
0	47	1477	674	1	1	61	61	0	11	71	1	0	Right	5.695	5476.51	5547.51	402.74 380.75,404.92 385.82
0	48	674	241	1	1	183	183	0	33	213	1	0	Left	11.389	5558.9	5771.9	404.92 385.82,400.75 388.85
0	49	241	725	1	0	0	0	0	27	0	0	0	Left	11.389	5783.29	5810.29	400.75 388.85,395.2 385.49
0	50	725	1477	1	1	243	243	0	44	284	1	0	Left	11.389	5821.68	6105.68	395.2 385.49,402.74 380.75
0	51	1477	674	1	1	61	61	0	11	71	0	0	Left	11.389	6117.07	6128.07	402.74 380.75,404.92 385.82
0	52	674	239	1	1	63	63	0	11	71	1	0	Right	5.695	6133.76	6204.76	404.92 385.82,408.9 385.91
0	53	239	709	1	1	243	243	0	44	284	1	0	Right	5.695	6210.46	6494.46	408.9 385.91,415.47 376.67
0	54	709	708	1	1	174	174	0	31	201	1	0	Right	5.695	6500.15	6701.15	415.47 376.67,413.76 368.96
0	55	708	1615	1	1	81	81	0	15	95	1	0	Straight	0.0	6701.15	6796.15	413.76 368.96,410.36 364.08
0	56	1615	1614	1	1	96	96	0	17	107	0	0	Right	5.695	6801.85	6818.85	410.36 364.08,405.16 366.34
0	57	1614	318	1	1	210	210	0	38	248	1	0	Left	11.389	6830.24	7078.24	405.16 366.34,398.83 361.46
0	58	318	319	0	1	13	13	0	2	12	1	0	Straight	0.0	7078.24	7090.24	398.83 361.46,390.51 359.73
0	59	319	1462	1	1	87	87	0	16	96	1	0	Straight	0.0	7090.24	7186.24	390.51 359.73,379.75 363.08
0	60	1462	1423	1	0	0	0	0	18	0	0	0	Left	11.389	7197.63	7215.63	379.75 363.08,373.38 355.71
0	61	1423	1424	1	1	93	93	0	17	107	1	0	Right	5.695	7221.32	7328.32	373.38 355.71,365.05 358.81
0	62	1424	346	1	1	127	127	0	23	143	0	0	Straight	0.0	7328.32	7351.32	365.05 358.81,355.09 363.0
0	63	346	821	1	0	0	0	0	26	0	0	0	Left	11.389	7362.71	7388.71	355.09 363.0,347.2 357.58
0	64	821	822	1	1	28	28	0	5	25	0	0	Straight	0.0	7388.71	7393.71	347.2 357.58,338.46 354.5
0	65	822	381	1	1	35	35	0	6	36	0	0	Straight	0.0	7393.71	7399.71	338.46 354.5,330.92 355.37
0	66	381	380	1	1	58	58	0	10	60	0	0	Straight	0.0	7399.71	7409.71	330.92 355.37,325.53 356.78
0	67	380	2132	1	1	10	10	0	2	12	1	0	Right	5.695	7415.4	7427.4	325.53 356.78,326.11 360.76
0	68	2132	380	1	1	10	10	0	2	12	0	0	U	45.557	7472.96	7474.96	326.11 360.76,325.53 356.78
0	69	380	829	1	1	8	8	0	2	2	0	0	Right	5.695	7480.66	7482.66	325.53 356.78,320.96 355.4
0	70	829	380	1	1	8	8	0	2	2	1	0	U	45.557	7528.21	7530.21	320.96 355.4,325.53 356.78
0	71	380	381	1	1	58	58	0	10	60	1	0	Straight	0.0	7530.21	7590.21	325.53 356.78,330.92 355.37
0	72	381	1428	1	1	11	11	0	2	12	0	0	U	45.557	7635.77	7637.77	330.92 355.37,326.93 353.14
0	73	1428	381	1	1	11	11	0	2	12	1	0	U	45.557	7683.33	7695.33	326.93 353.14,330.92 355.37
0	74	381	822	1	1	35	35	0	6	36	1	0	Straight	0.0	7695.33	7731.33	330.92 355.37,338.46 354.5
0	75	822	819	1	1	41	41	0	7	47	1	0	Right	5.695	7737.02	7784.02	338.46 354.5,335.25 348.49
0	76	819	820	1	1	11	11	0	2	12	1	0	Straight	0.0	7784.02	7796.02	335.25 348.49,330.93 345.33
0	77	820	819	1	1	11	11	0	2	12	0	0	U	45.557	7841.58	7843.58	330.93 345.33,335.25 348.49
0	78	819	1651	1	1	25	25	0	4	24	0	0	Right	5.695	7849.27	7853.27	335.25 348.49,335.04 344.01
0	79	1651	819	1	1	25	25	0	4	24	1	0	U	45.557	7898.83	7922.83	335.04 344.01,335.25 348.49
0	80	819	822	1	1	41	41	0	7	47	0	0	Straight	0.0	7922.83	7929.83	335.25 348.49,338.46 354.5
0	81	822	821	1	1	28	28	0	5	25	1	0	Straight	0.0	7929.83	7954.83	338.46 354.5,347.2 357.58
0	82	821	387	1	0	0	0	0	14	0	0	0	Right	5.695	7960.53	7974.53	347.2 357.58,348.61 352.19
0	83	387	386	1	1	185	185	0	33	213	1	0	Left	11.389	7985.92	8198.92	348.61 352.19,354.79 350.09
0	84	386	398	1	1	103	103	0	18	118	1	0	Right	5.695	8204.61	8322.61	354.79 350.09,352.51 346.22
0	85	398	399	1	1	253	253	0	46	296	1	0	Right	5.695	8328.31	8624.31	352.51 346.22,343.51 349.76
0	86	399	852	1	0	0	0	0	21	0	0	0	Straight	0.0	8624.31	8645.31	343.51 349.76,332.99 352.48
0	87	852	388	1	1	88	88	0	16	96	1	0	Straight	0.0	8645.31	8741.31	332.99 352.48,321.76 366.07
0	88	388	389	1	1	95	95	0	17	107	1	0	Right	5.695	8747.0	8854.0	321.76 366.07,336.77 371.16
0	89	389	341	1	1	303	303	0	54	354	1	0	Straight	0.0	8854.0	9208.0	336.77 371.16,351.16 371.92
0	90	341	346	1	0	0	0	0	20	0	0	0	Right	5.695	9213.7	9233.7	351.16 371.92,355.09 363.0
0	91	346	1424	1	1	127	127	0	23	143	1	0	Straight	0.0	9233.7	9376.7	355.09 363.0,365.05 358.81
0	92	1424	358	1	1	114	114	0	21	131	1	0	Straight	0.0	9376.7	9507.7	365.05 358.81,367.85 352.86
0	93	358	359	1	1	30	30	0	5	35	1	0	Straight	0.0	9507.7	9542.7	367.85 352.86,374.28 350.48
0	94	359	1411	1	1	91	91	0	16	106	1	0	Straight	0.0	9542.7	9648.7	374.28 350.48,377.96 347.17
0	95	1411	359	1	1	91	91	0	16	106	0	0	U	45.557	9694.25	9710.25	377.96 347.17,374.28 350.48
0	96	359	2178	1	1	62	62	0	11	71	1	0	Right	5.695	9715.95	9786.95	374.28 350.48,378.81 351.28
0	97	2178	359	1	1	62	62	0	11	71	0	0	U	45.557	9832.5	9843.5	378.81 351.28,374.28 350.48
0	98	359	358	1	1	30	30	0	5	35	0	0	Straight	0.0	9843.5	9848.5	374.28 350.48,367.85 352.86
0	99	358	364	1	1	48	48	0	9	49	1	0	Straight	0.0	9848.5	9897.5	367.85 352.86,361.46 351.17
0	100	364	365	1	1	58	58	0	10	60	1	0	Right	5.695	9903.2	9963.2	361.46 351.17,361.61 354.83
0	101	365	2163	1	1	38	38	0	7	37	0	0	Right	5.695	9968.89	9975.89	361.61 354.83,365.08 354.86
0	102	2163	365	1	1	38	38	0	7	37	1	0	U	45.557	10021.5	10058.5	365.08 354.86,361.61 354.83
0	103	365	2149	1	1	115	115	0	21	131	1	0	Right	5.695	10064.1	10195.1	361.61 354.83,359.68 358.23
0	104	2149	365	1	1	115	115	0	21	131	0	0	U	45.557	10240.7	10261.7	359.68 358.23,361.61 354.83
0	105	365	364	1	1	58	58	0	10	60	0	0	Straight	0.0	10261.7	10271.7	361.61 354.83,361.46 351.17
0	106	364	386	1	1	112	112	0	20	130	1	0	Right	5.695	10277.4	10407.4	361.46 351.17,354.79 350.09
0	107	386	398	1	1	103	103	0	18	118	0	0	Left	11.389	10418.8	10436.8	354.79 350.09,352.51 346.22
0	108	398	402	1	1	90	90	0	16	106	1	0	Left	11.389	10448.2	10554.2	352.51 346.22,360.71 342.05
0	109	402	1574	1	0	0	0	0	12	0	0	0	Right	5.695	10559.9	10571.9	360.71 342.05,351.73 336.03
0	110	1574	858	1	1	104	104	0	19	119	1	0	Left	11.389	10583.3	10702.3	351.73 336.03,358.17 327.63
0	111	858	859	0	1	8	8	0	1	1	1	0	Right	5.695	10708.0	10709.0	358.17 327.63,356.41 320.63
0	112	859	410	0	1	13	13	0	2	12	0	0	Left	11.389	10720.3	10722.3	356.41 320.63,368.25 317.88
0	113	410	409	1	1	144	144	0	26	166	1	0	Straight	0.0	10722.3	10888.3	368.25 317.88,379.63 315.39
0	114	409	428	1	1	80	80	0	14	94	1	0	Straight	0.0	10888.3	10982.3	379.63 315.39,383.85 309.22
0	115	428	429	1	1	51	51	0	9	59	0	0	Straight	0.0	10982.3	10991.3	383.85 309.22,387.86 304.42
0	116	429	2151	1	1	46	46	0	8	48	1	0	Straight	0.0	10991.3	11039.3	387.86 304.42,391.13 300.88
0	117	2151	429	1	1	46	46	0	8	48	0	0	U	45.557	11084.9	11092.9	391.13 300.88,387.86 304.42
0	118	429	428	1	1	51	51	0	9	59	1	0	Straight	0.0	11092.9	11151.9	387.86 304.42,383.85 309.22
0	119	428	409	1	1	80	80	0	14	94	0	0	Straight	0.0	11151.9	11165.9	383.85 309.22,379.63 315.39
0	120	409	857	1	1	66	66	0	12	72	1	0	Right	5.695	11171.6	11243.6	379.63 315.39,388.85 318.87
0	121	857	847	1	1	102	102	0	18	118	0	0	Left	11.389	11255.0	11273.0	388.85 318.87,387.89 323.58
0	122	847	407	1	1	157	157	0	28	178	1	0	Left	11.389	11284.4	11462.4	387.89 323.58,383.24 325.12
0	123	407	823	1	1	162	162	0	29	189	0	0	Right	5.695	11468.1	11497.1	383.24 325.12,389.04 328.73
0	124	823	824	1	1	96	96	0	17	107	1	0	Straight	0.0	11497.1	11604.1	389.04 328.73,393.53 335.8
0	125	824	339	1	1	185	185	0	33	213	1	0	Straight	0.0	11604.1	11817.1	393.53 335.8,401.28 339.6
0	126	339	763	1	1	132	132	0	24	154	1	0	Straight	0.0	11817.1	11971.1	401.28 339.6,411.75 344.97
0	127	763	764	1	1	139	139	0	25	155	1	0	Left	11.389	11982.5	12137.5	411.75 344.97,414.17 353.18
0	128	764	1676	1	1	158	158	0	28	178	1	0	Right	5.695	12143.2	12321.2	414.17 353.18,418.29 350.8
0	129	1676	764	1	1	158	158	0	28	178	0	0	U	45.557	12366.7	12394.7	418.29 350.8,414.17 353.18
0	130	764	2026	1	1	91	91	0	16	106	1	0	Straight	0.0	12394.7	12500.7	414.17 353.18,409.28 357.67
0	131	2026	323	1	1	124	124	0	22	142	0	0	Left	11.389	12512.1	12534.1	409.28 357.67,402.03 356.81
0	132	323	318	0	1	12	12	0	2	12	1	0	Right	5.695	12539.8	12551.8	402.03 356.81,398.83 361.46
0	133	318	319	0	1	13	13	0	2	12	0	0	Left	11.389	12563.2	12565.2	398.83 361.46,390.51 359.73
0	134	319	322	0	1	11	11	0	2	12	1	0	Left	11.389	12576.6	12588.6	390.51 359.73,395.85 353.32
0	135	322	340	1	1	78	78	0	14	84	0	0	Right	5.695	12594.3	12608.3	395.85 353.32,394.88 344.87
0	136	340	351	1	1	123	123	0	22	142	1	0	Right	5.695	12614.0	12756.0	394.88 344.87,386.07 342.09
0	137	351	824	1	1	92	92	0	17	107	1	0	Left	11.389	12767.4	12874.4	386.07 342.09,393.53 335.8
0	138	824	833	1	1	200	200	0	36	236	1	0	Straight	0.0	12874.4	13110.4	393.53 335.8,398.59 331.53
0	139	833	1998	1	1	142	142	0	26	166	0	0	Right	5.695	13116.0	13142.0	398.59 331.53,397.59 322.51
0	140	1998	983	1	1	80	80	0	14	94	1	0	Left	11.389	13153.4	13247.4	397.59 322.51,404.91 318.79
0	141	983	1721	1	1	23	23	0	4	24	0	0	Straight	0.0	13247.4	13251.4	404.91 318.79,413.37 313.35
0	142	1721	983	1	1	23	23	0	4	24	1	0	U	45.557	13297.0	13321.0	413.37 313.35,404.91 318.79
0	143	983	984	0	0	0	0	0	151	0	0	0	Left	11.389	13332.4	13483.4	404.91 318.79,381.85 299.24
0	144	984	616	0	0	0	0	0	57	0	0	0	Straight	0.0	13483.4	13540.4	381.85 299.24,363.03 281.58
0	145	616	615	1	0	0	0	0	3	0	0	0	Left	11.389	13551.8	13554.8	363.03 281.58,379.09 271.73
0	146	615	1825	1	0	0	0	0	27	0	0	0	Straight	0.0	13554.8	13581.8	379.09 271.73,401.59 256.48
0	147	1825	690	1	0	0	0	0	12	0	0	0	Straight	0.0	13581.8	13593.8	401.59 256.48,411.19 240.76
0	148	690	2085	1	0	0	0	0	15	0	0	0	Left	11.389	13605.2	13620.2	411.19 240.76,421.88 250.66
0	149	2085	1083	1	0	0	0	0	71	0	0	0	Straight	0.0	13620.2	13691.2	421.88 250.66,446.0 251.77
1	0	1083	2085	1	0	0	0	0	71	0	0	300		0.0	13991.2	14062.2	446.0 251.77,421.88 250.66
1	1	2085	1825	0	0	0	0	0	21	0	0	0	Straight	0.0	14062.2	14083.2	421.88 250.66,401.59 256.48
1	2	1825	615	1	0	0	0	0	27	0	0	0	Straight	0.0	14083.2	14110.2	401.59 256.48,379.09 271.73
1	3	615	616	1	0	0	0	0	3	0	0	0	Straight	0.0	14110.2	14113.2	379.09 271.73,363.03 281.58
1	4	616	607	1	0	0	0	0	22	0	0	0	Straight	0.0	14113.2	14135.2	363.03 281.58,341.47 281.28
1	5	607	593	1	0	0	0	0	30	0	0	0	Straight	0.0	14135.2	14165.2	341.47 281.28,320.19 279.47
1	6	593	594	1	0	0	0	0	34	0	0	0	Straight	0.0	14165.2	14199.2	320.19 279.47,307.38 288.17
1	7	594	1043	1	0	0	0	0	53	0	0	0	Straight	0.0	14199.2	14252.2	307.38 288.17,294.74 287.29
1	8	1043	686	1	1	270	270	0	49	319	1	0	Left	11.389	14263.5	14582.5	294.74 287.29,289.24 278.95
1	9	686	1105	1	0	0	0	0	26	0	0	0	Straight	0.0	14582.5	14608.5	289.24 278.95,277.9 274.38
1	10	1105	782	1	1	146	146	0	26	166	1	0	Straight	0.0	14608.5	14774.5	277.9 274.38,268.86 278.21
1	11	782	783	1	0	0	0	0	47	0	0	0	Left	11.389	14785.9	14832.9	268.86 278.21,255.74 271.98
1	12	783	1957	1	0	0	0	0	26	0	0	0	Right	5.695	14838.6	14864.6	255.74 271.98,240.72 278.8
1	13	1957	746	1	1	44	44	0	8	48	1	0	Right	5.695	14870.3	14918.3	240.72 278.8,241.83 290.61
1	14	746	712	1	1	163	163	0	29	189	0	0	Straight	0.0	14918.3	14947.3	241.83 290.61,249.76 298.9
1	15	712	746	1	1	163	163	0	29	189	1	0	U	45.557	14992.9	15181.9	249.76 298.9,241.83 290.61
1	16	746	747	1	1	269	269	0	48	308	1	0	Right	5.695	15187.6	15495.6	241.83 290.61,234.27 296.41
1	17	747	1143	1	0	0	0	0	46	0	0	0	Left	11.389	15507.0	15553.0	234.27 296.41,223.2 292.41
1	18	1143	1153	1	0	0	0	0	24	0	0	0	Straight	0.0	15553.0	15577.0	223.2 292.41,212.98 291.29
1	19	1153	811	1	1	52	52	0	9	59	0	0	Straight	0.0	15577.0	15586.0	212.98 291.29,207.57 285.47
1	20	811	1394	1	1	78	78	0	14	84	0	0	Straight	0.0	15586.0	15600.0	207.57 285.47,203.33 279.64
1	21	1394	2008	1	1	14	14	0	3	13	0	0	Straight	0.0	15600.0	15603.0	203.33 279.64,201.35 274.87
1	22	2008	1394	1	1	14	14	0	3	13	1	0	U	45.557	15648.5	15661.5	201.35 274.87,203.33 279.64
1	23	1394	1395	1	1	33	33	0	6	36	1	0	U	45.557	15707.1	15743.1	203.33 279.64,197.95 277.33
1	24	1395	1394	1	1	33	33	0	6	36	0	0	U	45.557	15788.6	15794.6	197.95 277.33,203.33 279.64
1	25	1394	811	1	1	78	78	0	14	84	1	0	Straight	0.0	15794.6	15878.6	203.33 279.64,207.57 285.47
1	26	811	810	1	1	19	19	0	3	13	0	0	U	45.557	15924.2	15927.2	207.57 285.47,207.91 282.17
1	27	810	811	1	1	19	19	0	3	13	1	0	U	45.557	15972.8	15985.8	207.91 282.17,207.57 285.47
1	28	811	1153	1	1	52	52	0	9	59	1	0	Right	5.695	15991.4	16050.4	207.57 285.47,212.98 291.29
1	29	1153	1143	1	0	0	0	0	24	0	0	0	Straight	0.0	16050.4	16074.4	212.98 291.29,223.2 292.41
1	30	1143	1623	1	1	60	60	0	11	71	0	0	Right	5.695	16080.1	16091.1	223.2 292.41,219.47 286.97
1	31	1623	2112	1	1	108	108	0	19	119	1	0	Straight	0.0	16091.1	16210.1	219.47 286.97,215.51 284.59
1	32	2112	1623	1	1	108	108	0	19	119	0	0	U	45.557	16255.7	16274.7	215.51 284.59,219.47 286.97
1	33	1623	1622	1	1	8	8	0	2	2	0	0	Right	5.695	16280.4	16282.4	219.47 286.97,218.79 282.35
1	34	1622	1623	1	1	8	8	0	2	2	1	0	U	45.557	16328.0	16330.0	218.79 282.35,219.47 286.97
1	35	1623	1143	1	1	60	60	0	11	71	1	0	Straight	0.0	16330.0	16401.0	219.47 286.97,223.2 292.41
1	36	1143	747	1	0	0	0	0	46	0	0	0	Straight	0.0	16401.0	16447.0	223.2 292.41,234.27 296.41
1	37	747	713	1	0	0	0	0	28	0	0	0	Straight	0.0	16447.0	16475.0	234.27 296.41,240.28 306.03
1	38	713	647	1	1	122	122	0	22	142	1	0	Straight	0.0	16475.0	16617.0	240.28 306.03,237.65 320.09
1	39	647	750	1	0	0	0	0	36	0	0	0	Left	11.389	16628.3	16664.3	237.65 320.09,212.3 331.82
1	40	750	980	1	0	0	0	0	85	0	0	0	Straight	0.0	16664.3	16749.3	212.3 331.82,200.54 354.2
1	41	980	1460	1	1	56	56	0	10	60	1	0	Left	11.389	16760.7	16820.7	200.54 354.2,181.62 351.41
1	42	1460	568	1	1	82	82	0	15	95	1	0	Straight	0.0	16820.7	16915.7	181.62 351.41,166.36 352.32
1	43	568	566	1	1	248	248	0	45	285	1	0	Straight	0.0	16915.7	17200.7	166.36 352.32,153.99 356.21
1	44	566	551	1	1	32	32	0	6	36	1	0	Straight	0.0	17200.7	17236.7	153.99 356.21,147.0 363.27
1	45	551	549	1	1	29	29	0	5	25	1	0	Straight	0.0	17236.7	17261.7	147.0 363.27,142.62 366.93
1	46	549	2126	1	1	89	89	0	16	96	1	0	Straight	0.0	17261.7	17357.7	142.62 366.93,136.5 366.86
1	47	2126	549	1	1	89	89	0	16	96	0	0	U	45.557	17403.3	17419.3	136.5 366.86,142.62 366.93
1	48	549	547	1	1	39	39	0	7	37	1	0	Straight	0.0	17419.3	17456.3	142.62 366.93,147.54 371.58
1	49	547	1719	1	1	41	41	0	7	47	1	0	Left	11.389	17467.7	17514.7	147.54 371.58,146.54 374.22
1	50	1719	546	1	1	51	51	0	9	59	1	0	Right	5.695	17520.4	17579.4	146.54 374.22,153.73 375.88
1	51	546	548	1	1	51	51	0	9	59	0	0	Straight	0.0	17579.4	17588.4	153.73 375.88,164.43 379.59
1	52	548	1529	1	1	29	29	0	5	25	1	0	Left	11.389	17599.8	17624.8	164.43 379.59,159.47 382.07
1	53	1529	548	1	1	29	29	0	5	25	0	0	U	45.557	17670.3	17675.3	159.47 382.07,164.43 379.59
1	54	548	546	1	1	51	51	0	9	59	1	0	Right	5.695	17681.0	17740.0	164.43 379.59,153.73 375.88
1	55	546	1719	1	1	51	51	0	9	59	0	0	Straight	0.0	17740.0	17749.0	153.73 375.88,146.54 374.22
1	56	1719	978	1	1	55	55	0	10	60	1	0	Straight	0.0	17749.0	17809.0	146.54 374.22,142.12 369.89
1	57	978	2053	1	1	20	20	0	4	24	1	0	Right	5.695	17814.7	17838.7	142.12 369.89,136.04 371.93
1	58	2053	978	1	1	20	20	0	4	24	0	0	U	45.557	17884.3	17888.3	136.04 371.93,142.12 369.89
1	59	978	551	1	1	58	58	0	10	60	1	0	Straight	0.0	17888.3	17948.3	142.12 369.89,147.0 363.27
1	60	551	566	1	1	32	32	0	6	36	0	0	Straight	0.0	17948.3	17954.3	147.0 363.27,153.99 356.21
1	61	566	568	1	1	248	248	0	45	285	0	0	Straight	0.0	17954.3	17999.3	153.99 356.21,166.36 352.32
1	62	568	623	1	1	374	374	0	67	437	1	0	Right	5.695	18005.0	18442.0	166.36 352.32,159.17 347.9
1	63	623	1447	1	0	0	0	0	43	0	0	0	Straight	0.0	18442.0	18485.0	159.17 347.9,140.86 349.7
1	64	1447	1446	1	0	0	0	0	20	0	0	0	Right	5.695	18490.7	18510.7	140.86 349.7,138.83 353.43
1	65	1446	567	1	1	37	37	0	7	37	1	0	Right	5.695	18516.3	18553.3	138.83 353.43,144.17 353.96
1	66	567	566	1	0	0	0	0	38	0	0	0	Straight	0.0	18553.3	18591.3	144.17 353.96,153.99 356.21
1	67	566	551	1	1	32	32	0	6	36	0	0	Left	11.389	18602.7	18608.7	153.99 356.21,147.0 363.27
1	68	551	549	1	1	29	29	0	5	25	0	0	Straight	0.0	18608.7	18613.7	147.0 363.27,142.62 366.93
1	69	549	547	1	1	39	39	0	7	37	0	0	Right	5.695	18619.4	18626.4	142.62 366.93,147.54 371.58
1	70	547	546	1	1	49	49	0	9	49	1	0	Straight	0.0	18626.4	18675.4	147.54 371.58,153.73 375.88
1	71	546	548	1	1	51	51	0	9	59	0	0	Straight	0.0	18675.4	18684.4	153.73 375.88,164.43 379.59
1	72	548	968	1	1	26	26	0	5	25	1	0	U	45.557	18730.0	18755.0	164.43 379.59,159.41 378.36
1	73	968	548	1	1	26	26	0	5	25	0	0	U	45.557	18800.5	18805.5	159.41 378.36,164.43 379.59
1	74	548	1741	1	1	53	53	0	10	60	1	0	Straight	0.0	18805.5	18865.5	164.43 379.59,177.06 381.94
1	75	1741	1742	0	0	0	0	0	37	0	0	0	Straight	0.0	18865.5	18902.5	177.06 381.94,189.97 392.15
1	76	1742	950	0	0	0	0	0	3	0	0	0	Straight	0.0	18902.5	18905.5	189.97 392.15,202.64 392.33
1	77	950	951	0	0	0	0	0	2	0	0	0	Left	11.389	18916.9	18918.9	202.64 392.33,197.99 411.0
1	78	951	952	0	0	0	0	0	3	0	0	0	Left	11.389	18930.3	18933.3	197.99 411.0,186.42 412.8
1	79	952	963	0	0	0	0	0	35	0	0	0	Straight	0.0	18933.3	18968.3	186.42 412.8,170.85 414.75
1	80	963	531	1	1	50	50	0	9	59	1	0	Straight	0.0	18968.3	19027.3	170.85 414.75,157.13 417.28
1	81	531	532	1	1	27	27	0	5	25	1	0	Straight	0.0	19027.3	19052.3	157.13 417.28,151.59 419.07
1	82	532	531	1	1	27	27	0	5	25	0	0	U	45.557	19097.9	19102.9	151.59 419.07,157.13 417.28
1	83	531	962	1	1	53	53	0	10	60	0	0	U	45.557	19148.4	19158.4	157.13 417.28,144.95 418.34
1	84	962	961	1	1	23	23	0	4	24	0	0	Straight	0.0	19158.4	19162.4	144.95 418.34,139.76 419.73
1	85	961	962	1	1	23	23	0	4	24	1	0	U	45.557	19208.0	19232.0	139.76 419.73,144.95 418.34
1	86	962	511	1	1	25	25	0	5	25	0	0	U	45.557	19277.6	19282.6	144.95 418.34,135.17 418.5
1	87	511	512	1	1	35	35	0	6	36	0	0	Straight	0.0	19282.6	19288.6	135.17 418.5,125.69 419.41
1	88	512	1993	1	1	19	19	0	3	13	1	0	Straight	0.0	19288.6	19301.6	125.69 419.41,120.4 421.81
1	89	1993	512	1	1	19	19	0	3	13	0	0	U	45.557	19347.1	19350.1	120.4 421.81,125.69 419.41
1	90	512	1875	1	1	52	52	0	9	59	0	0	U	45.557	19395.7	19404.7	125.69 419.41,119.71 418.17
1	91	1875	512	1	1	52	52	0	9	59	1	0	U	45.557	19450.2	19509.2	119.71 418.17,125.69 419.41
1	92	512	511	1	1	35	35	0	6	36	1	0	Straight	0.0	19509.2	19545.2	125.69 419.41,135.17 418.5
1	93	511	2185	1	1	17	17	0	3	13	1	0	U	45.557	19590.8	19603.8	135.17 418.5,130.72 418.1
1	94	2185	511	1	1	17	17	0	3	13	0	0	U	45.557	19649.3	19652.3	130.72 418.1,135.17 418.5
1	95	511	962	1	1	25	25	0	5	25	1	0	Straight	0.0	19652.3	19677.3	135.17 418.5,144.95 418.34
1	96	962	531	1	1	53	53	0	10	60	1	0	Straight	0.0	19677.3	19737.3	144.95 418.34,157.13 417.28
1	97	531	963	1	1	50	50	0	9	59	0	0	Straight	0.0	19737.3	19746.3	157.13 417.28,170.85 414.75
1	98	963	1720	0	0	0	0	0	53	0	0	0	U	45.557	19791.9	19844.9	170.85 414.75,163.86 411.57
1	99	1720	1662	1	1	228	228	0	41	261	1	0	Right	5.695	19850.6	20111.6	163.86 411.57,158.01 427.14
1	100	1662	513	1	1	149	149	0	27	167	1	0	Straight	0.0	20111.6	20278.6	158.01 427.14,147.74 438.64
1	101	513	1577	1	1	249	249	0	45	285	1	0	Straight	0.0	20278.6	20563.6	147.74 438.64,142.54 439.47
1	102	1577	513	1	1	249	249	0	45	285	0	0	U	45.557	20609.1	20654.1	142.54 439.47,147.74 438.64
1	103	513	514	1	1	244	244	0	44	284	1	0	Left	11.389	20665.5	20949.5	147.74 438.64,149.84 449.74
1	104	514	474	1	1	54	54	0	10	60	1	0	Left	11.389	20960.9	21020.9	149.84 449.74,144.84 455.85
1	105	474	473	1	1	321	321	0	58	378	1	0	Straight	0.0	21020.9	21398.9	144.84 455.85,143.24 460.63
1	106	473	474	1	1	321	321	0	58	378	0	0	U	45.557	21444.5	21502.5	143.24 460.63,144.84 455.85
1	107	474	514	1	1	54	54	0	10	60	0	0	Straight	0.0	21502.5	21512.5	144.84 455.85,149.84 449.74
1	108	514	2084	1	1	210	210	0	38	248	0	0	Left	11.389	21523.9	21561.9	149.84 449.74,157.39 457.13
1	109	2084	959	1	1	70	70	0	13	83	1	0	Left	11.389	21573.3	21656.3	157.39 457.13,152.15 464.92
1	110	959	2133	1	1	98	98	0	18	108	1	0	Straight	0.0	21656.3	21764.3	152.15 464.92,147.55 469.04
1	111	2133	959	1	1	98	98	0	18	108	0	0	U	45.557	21809.8	21827.8	147.55 469.04,152.15 464.92
1	112	959	2084	1	1	70	70	0	13	83	0	0	Straight	0.0	21827.8	21840.8	152.15 464.92,157.39 457.13
1	113	2084	539	1	1	186	186	0	34	214	0	0	Left	11.389	21852.2	21886.2	157.39 457.13,169.3 456.4
1	114	539	976	1	1	120	120	0	22	142	1	0	U	45.557	21931.8	22073.8	169.3 456.4,165.65 460.41
1	115	976	539	1	1	120	120	0	22	142	0	0	U	45.557	22119.3	22141.3	165.65 460.41,169.3 456.4
1	116	539	2084	1	1	186	186	0	34	214	1	0	U	45.557	22186.9	22400.9	169.3 456.4,157.39 457.13
1	117	2084	959	1	1	70	70	0	13	83	0	0	Right	5.695	22406.6	22419.6	157.39 457.13,152.15 464.92
1	118	959	958	1	1	102	102	0	18	118	1	0	Straight	0.0	22419.6	22537.6	152.15 464.92,150.94 470.29
1	119	958	959	1	1	102	102	0	18	118	0	0	U	45.557	22583.1	22601.1	150.94 470.29,152.15 464.92
1	120	959	2084	1	1	70	70	0	13	83	0	0	Straight	0.0	22601.1	22614.1	152.15 464.92,157.39 457.13
1	121	2084	514	1	1	210	210	0	38	248	1	0	Right	5.695	22619.8	22867.8	157.39 457.13,149.84 449.74
1	122	514	474	1	1	54	54	0	10	60	0	0	Right	5.695	22873.5	22883.5	149.84 449.74,144.84 455.85
1	123	474	468	1	1	70	70	0	13	83	1	0	Straight	0.0	22883.5	22966.5	144.84 455.85,140.43 459.3
1	124	468	469	1	1	105	105	0	19	119	1	0	Straight	0.0	22966.5	23085.5	140.43 459.3,128.46 466.44
1	125	469	472	1	1	30	30	0	5	35	1	0	Straight	0.0	23085.5	23120.5	128.46 466.44,118.56 465.37
1	126	472	2003	1	1	28	28	0	5	25	1	0	Straight	0.0	23120.5	23145.5	118.56 465.37,113.42 462.6
1	127	2003	472	1	1	28	28	0	5	25	0	0	U	45.557	23191.1	23196.1	113.42 462.6,118.56 465.37
1	128	472	469	1	1	30	30	0	5	35	0	0	Straight	0.0	23196.1	23201.1	118.56 465.37,128.46 466.44
1	129	469	484	1	1	116	116	0	21	131	1	0	Left	11.389	23212.5	23343.5	128.46 466.44,119.28 475.16
1	130	484	485	1	1	33	33	0	6	36	1	0	Straight	0.0	23343.5	23379.5	119.28 475.16,116.91 480.96
1	131	485	484	1	1	33	33	0	6	36	0	0	U	45.557	23425.0	23431.0	116.91 480.96,119.28 475.16
1	132	484	949	1	1	31	31	0	6	36	1	0	Right	5.695	23436.7	23472.7	119.28 475.16,112.73 477.26
1	133	949	484	1	1	31	31	0	6	36	0	0	U	45.557	23518.3	23524.3	112.73 477.26,119.28 475.16
1	134	484	2073	1	1	34	34	0	6	36	0	0	U	45.557	23569.8	23575.8	119.28 475.16,113.77 479.71
1	135	2073	484	1	1	34	34	0	6	36	1	0	U	45.557	23621.4	23657.4	113.77 479.71,119.28 475.16
1	136	484	469	1	1	116	116	0	21	131	0	0	Straight	0.0	23657.4	23678.4	119.28 475.16,128.46 466.44
1	137	469	472	1	1	30	30	0	5	35	0	0	Right	5.695	23684.1	23689.1	128.46 466.44,118.56 465.37
1	138	472	1528	1	1	36	36	0	6	36	1	0	Straight	0.0	23689.1	23725.1	118.56 465.37,112.03 466.23
1	139	1528	472	1	1	36	36	0	6	36	0	0	U	45.557	23770.6	23776.6	112.03 466.23,118.56 465.37
1	140	472	469	1	1	30	30	0	5	35	0	0	Straight	0.0	23776.6	23781.6	118.56 465.37,128.46 466.44
1	141	469	468	1	1	105	105	0	19	119	0	0	Straight	0.0	23781.6	23800.6	128.46 466.44,140.43 459.3
1	142	468	919	1	1	183	183	0	33	213	1	0	Straight	0.0	23800.6	24013.6	140.43 459.3,151.71 452.93
1	143	919	921	1	0	0	0	0	11	0	0	0	U	45.557	24059.2	24070.2	151.71 452.93,138.07 459.5
1	144	921	937	1	1	45	45	0	8	48	0	0	Straight	0.0	24070.2	24078.2	138.07 459.5,127.05 464.41
1	145	937	1924	1	1	79	79	0	14	84	1	0	Straight	0.0	24078.2	24162.2	127.05 464.41,123.58 468.92
1	146	1924	937	1	1	79	79	0	14	84	0	0	U	45.557	24207.8	24221.8	123.58 468.92,127.05 464.41
1	147	937	471	1	1	43	43	0	8	48	1	0	U	45.557	24267.3	24315.3	127.05 464.41,117.24 468.46
1	148	471	470	1	1	21	21	0	4	24	0	0	Straight	0.0	24315.3	24319.3	117.24 468.46,112.31 472.03
1	149	470	471	1	1	21	21	0	4	24	1	0	U	45.557	24364.9	24388.9	112.31 472.03,117.24 468.46
1	150	471	1618	1	1	38	38	0	7	37	1	0	U	45.557	24434.4	24471.4	117.24 468.46,110.29 469.52
1	151	1618	471	1	1	38	38	0	7	37	0	0	U	45.557	24517.0	24524.0	110.29 469.52,117.24 468.46
1	152	471	937	1	1	43	43	0	8	48	0	0	Straight	0.0	24524.0	24532.0	117.24 468.46,127.05 464.41
1	153	937	921	1	1	45	45	0	8	48	1	0	Straight	0.0	24532.0	24580.0	127.05 464.41,138.07 459.5
1	154	921	922	1	1	29	29	0	5	25	1	0	U	45.557	24625.5	24650.5	138.07 459.5,133.09 460.51
1	155	922	921	1	1	29	29	0	5	25	0	0	U	45.557	24696.1	24701.1	133.09 460.51,138.07 459.5
1	156	921	919	1	0	0	0	0	11	0	0	0	Straight	0.0	24701.1	24712.1	138.07 459.5,151.71 452.93
1	157	919	910	1	0	0	0	0	1	0	0	0	Straight	0.0	24712.1	24713.1	151.71 452.93,169.53 443.27
1	158	910	904	1	0	0	0	0	13	0	0	0	Straight	0.0	24713.1	24726.1	169.53 443.27,188.58 433.12
1	159	904	444	1	0	0	0	0	3	0	0	0	Straight	0.0	24726.1	24729.1	188.58 433.12,203.04 429.23
1	160	444	855	0	0	0	0	0	44	0	0	0	Left	11.389	24740.5	24784.5	203.04 429.23,212.61 444.8
1	161	855	1382	0	1	541	541	0	97	637	1	0	Right	5.695	24790.2	25427.2	212.61 444.8,226.96 447.49
1	162	1382	1650	1	1	160	160	0	29	189	1	0	U	45.557	25472.7	25661.7	226.96 447.49,222.32 450.44
1	163	1650	1382	1	1	160	160	0	29	189	0	0	U	45.557	25707.3	25736.3	222.32 450.44,226.96 447.49
1	164	1382	317	0	1	175	175	0	32	202	1	0	Straight	0.0	25736.3	25938.3	226.96 447.49,241.26 443.73
1	165	317	815	0	1	376	376	0	68	438	1	0	Right	5.695	25944.0	26382.0	241.26 443.73,240.33 429.25
1	166	815	2070	0	1	271	271	0	49	319	1	0	Straight	0.0	26382.0	26701.0	240.33 429.25,240.27 415.95
1	167	2070	1588	1	1	225	225	0	41	261	1	0	Straight	0.0	26701.0	26962.0	240.27 415.95,235.06 409.6
1	168	1588	903	0	0	0	0	0	8	0	0	0	Right	5.695	26967.7	26975.7	235.06 409.6,223.49 409.15
1	169	903	2102	1	1	176	176	0	32	202	1	0	Straight	0.0	26975.7	27177.7	223.49 409.15,219.88 407.62
1	170	2102	903	1	1	176	176	0	32	202	0	0	U	45.557	27223.2	27255.2	219.88 407.62,223.49 409.15
1	171	903	902	0	0	0	0	0	9	0	0	0	U	45.557	27300.8	27309.8	223.49 409.15,212.61 409.1
1	172	902	1804	1	1	177	177	0	32	202	1	0	Straight	0.0	27309.8	27511.8	212.61 409.1,209.22 407.27
1	173	1804	902	1	1	177	177	0	32	202	0	0	U	45.557	27557.4	27589.4	209.22 407.27,212.61 409.1
1	174	902	935	0	0	0	0	0	54	0	0	0	U	45.557	27634.9	27688.9	212.61 409.1,202.36 409.47
1	175	935	460	1	1	54	54	0	10	60	1	0	Right	5.695	27694.6	27754.6	202.36 409.47,199.3 413.24
1	176	460	461	1	1	18	18	0	3	13	1	0	Straight	0.0	27754.6	27767.6	199.3 413.24,196.0 417.14
1	177	461	460	1	1	18	18	0	3	13	0	0	U	45.557	27813.2	27816.2	196.0 417.14,199.3 413.24
1	178	460	2000	1	1	27	27	0	5	25	1	0	Right	5.695	27821.9	27846.9	199.3 413.24,196.6 408.99
1	179	2000	460	1	1	27	27	0	5	25	0	0	U	45.557	27892.4	27897.4	196.6 408.99,199.3 413.24
1	180	460	935	1	1	54	54	0	10	60	0	0	Right	5.695	27903.1	27913.1	199.3 413.24,202.36 409.47
1	181	935	936	0	0	0	0	0	2	0	0	0	Right	5.695	27918.8	27920.8	202.36 409.47,192.13 408.99
1	182	936	933	1	1	46	46	0	8	48	1	0	Straight	0.0	27920.8	27968.8	192.13 408.99,181.21 407.8
1	183	933	1735	1	1	28	28	0	5	25	0	0	Straight	0.0	27968.8	27973.8	181.21 407.8,177.91 409.9
1	184	1735	933	1	1	28	28	0	5	25	1	0	U	45.557	28019.4	28044.4	177.91 409.9,181.21 407.8
1	185	933	934	1	1	60	60	0	11	71	1	0	U	45.557	28089.9	28160.9	181.21 407.8,170.91 406.31
1	186	934	449	1	1	61	61	0	11	71	1	0	Straight	0.0	28160.9	28231.9	170.91 406.31,162.85 405.17
1	187	449	1927	1	1	35	35	0	6	36	0	0	Straight	0.0	28231.9	28237.9	162.85 405.17,156.99 407.59
1	188	1927	449	1	1	35	35	0	6	36	1	0	U	45.557	28283.5	28319.5	156.99 407.59,162.85 405.17
1	189	449	2103	1	1	17	17	0	3	13	0	0	Right	5.695	28325.2	28328.2	162.85 405.17,156.68 402.58
1	190	2103	449	1	1	17	17	0	3	13	1	0	U	45.557	28373.7	28386.7	156.68 402.58,162.85 405.17
1	191	449	934	1	1	61	61	0	11	71	0	0	Straight	0.0	28386.7	28397.7	162.85 405.17,170.91 406.31
1	192	934	2072	1	1	33	33	0	6	36	0	0	Right	5.695	28403.4	28409.4	170.91 406.31,172.29 403.32
1	193	2072	934	1	1	33	33	0	6	36	1	0	U	45.557	28455.0	28491.0	172.29 403.32,170.91 406.31
1	194	934	449	1	1	61	61	0	11	71	0	0	Left	11.389	28502.4	28513.4	170.91 406.31,162.85 405.17
1	195	449	448	1	1	40	40	0	7	47	1	0	Straight	0.0	28513.4	28560.4	162.85 405.17,159.4 404.94
1	196	448	1926	1	1	28	28	0	5	25	0	0	Right	5.695	28566.1	28571.1	159.4 404.94,161.8 408.24
1	197	1926	448	1	1	28	28	0	5	25	1	0	U	45.557	28616.6	28641.6	161.8 408.24,159.4 404.94
1	198	448	911	1	1	20	20	0	4	24	0	0	Right	5.695	28647.3	28651.3	159.4 404.94,152.34 404.92
1	199	911	448	1	1	20	20	0	4	24	1	0	U	45.557	28696.9	28720.9	152.34 404.92,159.4 404.94
1	200	448	920	1	1	62	62	0	11	71	1	0	Straight	0.0	28720.9	28791.9	159.4 404.94,165.24 404.62
1	201	920	1527	1	1	28	28	0	5	25	0	0	Straight	0.0	28791.9	28796.9	165.24 404.62,167.86 401.85
1	202	1527	920	1	1	28	28	0	5	25	1	0	U	45.557	28842.4	28867.4	167.86 401.85,165.24 404.62
1	203	920	934	1	1	39	39	0	7	37	1	0	Right	5.695	28873.1	28910.1	165.24 404.62,170.91 406.31
1	204	934	933	1	1	60	60	0	11	71	0	0	Straight	0.0	28910.1	28921.1	170.91 406.31,181.21 407.8
1	205	933	936	1	1	46	46	0	8	48	0	0	Straight	0.0	28921.1	28929.1	181.21 407.8,192.13 408.99
1	206	936	951	0	0	0	0	0	31	0	0	0	Straight	0.0	28929.1	28960.1	192.13 408.99,197.99 411.0
1	207	951	952	0	0	0	0	0	3	0	0	0	U	45.557	29005.7	29008.7	197.99 411.0,186.42 412.8
1	208	952	1742	0	0	0	0	0	2	0	0	0	Left	11.389	29020.1	29022.1	186.42 412.8,189.97 392.15
1	209	1742	979	0	0	0	0	0	25	0	0	0	Straight	0.0	29022.1	29047.1	189.97 392.15,197.85 376.83
1	210	979	980	1	0	0	0	0	60	0	0	0	Straight	0.0	29047.1	29107.1	197.85 376.83,200.54 354.2
1	211	980	1460	1	1	56	56	0	10	60	0	0	Right	5.695	29112.8	29122.8	200.54 354.2,181.62 351.41
1	212	1460	1461	1	1	84	84	0	15	95	0	0	Straight	0.0	29122.8	29137.8	181.62 351.41,171.47 345.98
1	213	1461	1683	1	1	83	83	0	15	95	1	0	Straight	0.0	29137.8	29232.8	171.47 345.98,167.65 343.75
1	214	1683	1461	1	1	83	83	0	15	95	0	0	U	45.557	29278.3	29293.3	167.65 343.75,171.47 345.98
1	215	1461	994	1	1	41	41	0	7	47	0	0	U	45.557	29338.9	29345.9	171.47 345.98,162.51 341.14
1	216	994	993	1	1	72	72	0	13	83	0	0	Straight	0.0	29345.9	29358.9	162.51 341.14,159.32 337.7
1	217	993	994	1	1	72	72	0	13	83	1	0	U	45.557	29404.4	29487.4	159.32 337.7,162.51 341.14
1	218	994	561	1	1	5	5	0	1	1	0	0	U	45.557	29533.0	29534.0	162.51 341.14,154.47 338.16
1	219	561	562	1	1	86	86	0	16	96	0	0	Straight	0.0	29534.0	29550.0	154.47 338.16,150.27 334.65
1	220	562	561	1	1	86	86	0	16	96	1	0	U	45.557	29595.6	29691.6	150.27 334.65,154.47 338.16
1	221	561	2164	1	1	39	39	0	7	37	1	0	U	45.557	29737.1	29774.1	154.47 338.16,148.79 338.16
1	222	2164	561	1	1	39	39	0	7	37	0	0	U	45.557	29819.7	29826.7	148.79 338.16,154.47 338.16
1	223	561	994	1	1	5	5	0	1	1	1	0	Straight	0.0	29826.7	29827.7	154.47 338.16,162.51 341.14
1	224	994	1461	1	1	41	41	0	7	47	1	0	Straight	0.0	29827.7	29874.7	162.51 341.14,171.47 345.98
1	225	1461	1460	1	1	84	84	0	15	95	1	0	Straight	0.0	29874.7	29969.7	171.47 345.98,181.62 351.41
1	226	1460	980	1	1	56	56	0	10	60	0	0	Straight	0.0	29969.7	29979.7	181.62 351.41,200.54 354.2
1	227	980	970	1	0	0	0	0	36	0	0	0	Straight	0.0	29979.7	30015.7	200.54 354.2,211.4 361.91
1	228	970	971	1	0	0	0	0	66	0	0	0	Right	5.695	30021.4	30087.4	211.4 361.91,221.11 357.76
1	229	971	500	1	0	0	0	0	3	0	0	0	Straight	0.0	30087.4	30090.4	221.11 357.76,235.35 357.54
1	230	500	478	1	0	0	0	0	15	0	0	0	Straight	0.0	30090.4	30105.4	235.35 357.54,250.63 358.81
1	231	478	506	1	0	0	0	0	25	0	0	0	Right	5.695	30111.1	30136.1	250.63 358.81,262.85 344.55
1	232	506	969	1	0	0	0	0	43	0	0	0	Straight	0.0	30136.1	30179.1	262.85 344.55,267.88 330.78
1	233	969	2097	1	1	136	136	0	24	154	1	0	Straight	0.0	30179.1	30333.1	267.88 330.78,279.58 320.46
1	234	2097	458	1	0	0	0	0	92	0	0	0	Left	11.389	30344.4	30436.4	279.58 320.46,292.81 327.99
1	235	458	1971	1	0	0	0	0	15	0	0	0	Right	5.695	30442.1	30457.1	292.81 327.99,305.81 320.42
1	236	1971	923	1	0	0	0	0	24	0	0	0	Straight	0.0	30457.1	30481.1	305.81 320.42,320.56 320.93
1	237	923	1459	1	0	0	0	0	11	0	0	0	Right	5.695	30486.8	30497.8	320.56 320.93,325.1 313.12
1	238	1459	956	1	0	0	0	0	37	0	0	0	Straight	0.0	30497.8	30534.8	325.1 313.12,332.23 310.5
1	239	956	927	1	0	0	0	0	25	0	0	0	Straight	0.0	30534.8	30559.8	332.23 310.5,339.92 312.44
1	240	927	938	1	0	0	0	0	10	0	0	0	Right	5.695	30565.5	30575.5	339.92 312.44,342.99 305.37
1	241	938	1736	1	1	119	119	0	21	131	1	0	Straight	0.0	30575.5	30706.5	342.99 305.37,344.08 298.22
1	242	1736	555	1	1	126	126	0	23	143	1	0	Right	5.695	30712.2	30855.2	344.08 298.22,339.96 300.34
1	243	555	554	1	0	0	0	0	44	0	0	0	U	45.557	30900.8	30944.8	339.96 300.34,347.04 297.52
1	244	554	563	1	0	0	0	0	11	0	0	0	Straight	0.0	30944.8	30955.8	347.04 297.52,351.45 293.73
1	245	563	606	1	0	0	0	0	19	0	0	0	Right	5.695	30961.5	30980.5	351.45 293.73,340.37 289.02
1	246	606	607	1	0	0	0	0	27	0	0	0	Left	11.389	30991.9	31018.9	340.37 289.02,341.47 281.28
1	247	607	616	1	0	0	0	0	22	0	0	0	Left	11.389	31030.3	31052.3	341.47 281.28,363.03 281.58
1	248	616	615	1	0	0	0	0	3	0	0	0	Straight	0.0	31052.3	31055.3	363.03 281.58,379.09 271.73
1	249	615	1825	1	0	0	0	0	27	0	0	0	Straight	0.0	31055.3	31082.3	379.09 271.73,401.59 256.48
1	250	1825	690	1	0	0	0	0	12	0	0	0	Straight	0.0	31082.3	31094.3	401.59 256.48,411.19 240.76
1	251	690	2085	1	0	0	0	0	15	0	0	0	Left	11.389	31105.6	31120.6	411.19 240.76,421.88 250.66
1	252	2085	1083	1	0	0	0	0	71	0	0	0	Straight	0.0	31120.6	31191.6	421.88 250.66,446.0 251.77
2	0	1083	1083	-1	-1	0	0	0	0	0	0	300		0.0	31191.6	31491.6	446.0 251.77,446.0 251.77
