Problem Type	Solution Method	Vehicle Capacity (Weight)	Vehicle Capacity(Volume)	Disposal Trips	Route Time	Route Time wo Turns	Computational Time(Sec)	Clustering Time(Sec)	VA(CCI)	VA(NHO)	VA(ATD)	VA(DMT)	VA(AOI)	VA(ROI)	Optimal
MCARPTIF	GPM	10000	10000	2	32296.7	29381	380.245	3.584	1	0	2118.73	47408.5	0.0471134	0.0744801	0
Load No	Sequence No	Starting Node	Ending Node	Is Edge	Required	Weight	Volume	Travel Miles	Travel Time	Service Time	Served	Dumped	Turn Type	Turn Cost	Depart Time	Arrival Time	Shape
0	0	1083	2085	1	0	0	0	0	71	0	0	300		0.0	300	371	446.0 251.77,421.88 250.66
0	1	2085	690	1	0	0	0	0	15	0	0	0	Straight	0.0	371	386	421.88 250.66,411.19 240.76
0	2	690	691	1	0	0	0	0	47	0	0	0	Straight	0.0	386	433	411.19 240.76,407.97 225.86
0	3	691	692	0	0	0	0	0	1	0	0	0	Straight	0.0	433	434	407.97 225.86,403.97 215.09
0	4	692	1787	0	0	0	0	0	2	0	0	0	Straight	0.0	434	436	403.97 215.09,404.17 207.91
0	5	1787	1172	1	0	0	0	0	53	0	0	0	Straight	0.0	436	489	404.17 207.91,400.84 197.07
0	6	1172	1173	1	0	0	0	0	72	0	0	0	Straight	0.0	489	561	400.84 197.07,395.06 186.71
0	7	1173	1215	1	0	0	0	0	71	0	0	0	Straight	0.0	561	632	395.06 186.71,388.08 177.11
0	8	1215	1598	1	0	0	0	0	36	0	0	0	Straight	0.0	632	668	388.08 177.11,378.83 168.81
0	9	1598	1599	1	0	0	0	0	28	0	0	0	Straight	0.0	668	696	378.83 168.81,366.71 166.06
0	10	1599	1236	1	0	0	0	0	44	0	0	0	Straight	0.0	696	740	366.71 166.06,359.62 161.34
0	11	1236	1251	1	0	0	0	0	50	0	0	0	Straight	0.0	740	790	359.62 161.34,350.57 157.74
0	12	1251	1250	1	0	0	0	0	20	0	0	0	Left	11.389	790	810	350.57 157.74,349.5 151.45
0	13	1250	2014	1	0	0	0	0	10	0	0	0	Right	5.695	810	820	349.5 151.45,339.69 148.74
0	14	2014	1072	1	0	0	0	0	44	0	0	0	Straight	0.0	820	864	339.69 148.74,330.84 139.34
0	15	1072	1264	1	0	0	0	0	3	0	0	0	Straight	0.0	864	867	330.84 139.34,324.06 130.29
0	16	1264	1795	0	0	0	0	0	119	0	0	0	Left	11.389	867	986	324.06 130.29,339.81 123.59
0	17	1795	1179	0	0	0	0	0	50	0	0	0	Left	11.389	986	1036	339.81 123.59,355.83 131.7
0	18	1179	1114	1	0	0	0	0	278	0	0	0	Straight	0.0	1036	1314	355.83 131.7,375.59 140.22
0	19	1114	1115	0	1	38	38	0	7	37	1	0	Straight	0.0	1314	1351	375.59 140.22,384.48 144.31
0	20	1115	2037	1	1	34	34	0	6	36	1	0	Straight	0.0	1351	1387	384.48 144.31,392.86 148.51
0	21	2037	2038	1	0	0	0	0	14	0	0	0	Straight	0.0	1387	1401	392.86 148.51,411.82 157.33
0	22	2038	2115	1	0	0	0	0	150	0	0	0	Straight	0.0	1401	1551	411.82 157.33,430.34 166.85
0	23	2115	1474	1	0	0	0	0	8	0	0	0	Straight	0.0	1551	1559	430.34 166.85,448.58 177.01
0	24	1474	1281	1	0	0	0	0	14	0	0	0	Straight	0.0	1559	1573	448.58 177.01,459.08 180.12
0	25	1281	1282	1	0	0	0	0	5	0	0	0	Straight	0.0	1573	1578	459.08 180.12,469.71 183.75
0	26	1282	1749	1	0	0	0	0	7	0	0	0	Straight	0.0	1578	1585	469.71 183.75,480.39 187.54
0	27	1749	1750	0	0	0	0	0	54	0	0	0	Straight	0.0	1585	1639	480.39 187.54,491.13 191.93
0	28	1750	1037	0	0	0	0	0	59	0	0	0	Straight	0.0	1639	1698	491.13 191.93,502.2 196.52
0	29	1037	1038	0	0	0	0	0	9	0	0	0	Straight	0.0	1698	1707	502.2 196.52,513.72 201.34
0	30	1038	1644	0	0	0	0	0	10	0	0	0	Straight	0.0	1707	1717	513.72 201.34,525.2 207.27
0	31	1644	1814	0	0	0	0	0	65	0	0	0	Straight	0.0	1717	1782	525.2 207.27,536.25 214.03
0	32	1814	1213	0	0	0	0	0	136	0	0	0	Straight	0.0	1782	1918	536.25 214.03,544.93 223.2
0	33	1213	1202	0	0	0	0	0	3	0	0	0	Straight	0.0	1918	1921	544.93 223.2,554.25 230.14
0	34	1202	1203	0	0	0	0	0	4	0	0	0	Straight	0.0	1921	1925	554.25 230.14,563.86 235.89
0	35	1203	1381	0	0	0	0	0	5	0	0	0	Straight	0.0	1925	1930	563.86 235.89,573.89 239.0
0	36	1381	1595	0	0	0	0	0	135	0	0	0	Right	5.695	1930	2065	573.89 239.0,582.04 229.7
0	37	1595	2247	0	0	0	0	0	498	0	0	0	Straight	0.0	2065	2563	582.04 229.7,589.49 220.88
0	38	2247	2211	0	0	0	0	0	124	0	0	0	Straight	0.0	2563	2687	589.49 220.88,596.65 212.78
0	39	2211	2207	0	0	0	0	0	10	0	0	0	Straight	0.0	2687	2697	596.65 212.78,599.27 201.74
0	40	2207	2206	1	0	0	0	0	1	0	0	0	Straight	0.0	2697	2698	599.27 201.74,599.1 181.01
0	41	2206	2205	1	0	0	0	0	1	0	0	0	Straight	0.0	2698	2699	599.1 181.01,599.53 160.55
0	42	2205	2230	0	0	0	0	0	17	0	0	0	Straight	0.0	2699	2716	599.53 160.55,598.33 146.72
0	43	2230	2209	0	1	177	177	0	32	202	1	0	Straight	0.0	2716	2918	598.33 146.72,596.8 134.99
0	44	2209	2210	0	1	110	110	0	20	130	1	0	U	45.557	2918	3048	596.8 134.99,600.29 140.11
0	45	2210	2244	0	0	0	0	0	8	0	0	0	Right	5.695	3048	3056	600.29 140.11,604.83 134.47
0	46	2244	2229	0	0	0	0	0	16	0	0	0	Straight	0.0	3056	3072	604.83 134.47,606.92 128.82
0	47	2229	2201	0	0	0	0	0	4	0	0	0	Straight	0.0	3072	3076	606.92 128.82,605.59 124.47
0	48	2201	2202	0	1	31	31	0	11	71	1	0	Straight	0.0	3076	3147	605.59 124.47,606.78 115.53
0	49	2202	2214	0	0	0	0	0	11	0	0	0	Straight	0.0	3147	3158	606.78 115.53,605.7 107.78
0	50	2214	2215	1	0	0	0	0	92	0	0	0	Straight	0.0	3158	3250	605.7 107.78,604.97 97.775
0	51	2215	2224	1	0	0	0	0	192	0	0	0	Straight	0.0	3250	3442	604.97 97.775,608.12 86.441
0	52	2224	2225	1	0	0	0	0	122	0	0	0	Straight	0.0	3442	3564	608.12 86.441,610.99 75.995
0	53	2225	2223	1	1	121	121	0	22	142	1	0	Straight	0.0	3564	3706	610.99 75.995,613.37 66.49
0	54	2223	2228	1	1	301	301	0	54	354	1	0	Right	5.695	3706	4060	613.37 66.49,610.63 62.575
0	55	2228	2227	1	1	122	122	0	22	142	1	0	Left	11.389	4060	4202	610.63 62.575,611.56 58.186
0	56	2227	2250	1	1	334	334	0	60	390	1	0	Right	5.695	4202	4592	611.56 58.186,608.17 59.609
0	57	2250	2228	1	1	379	379	0	68	438	1	0	Right	5.695	4592	5030	608.17 59.609,610.63 62.575
0	58	2228	2227	1	1	122	122	0	22	142	0	0	Right	5.695	5030	5052	610.63 62.575,611.56 58.186
0	59	2227	2226	1	1	93	93	0	17	107	1	0	Straight	0.0	5052	5159	611.56 58.186,615.52 55.13
0	60	2226	2235	1	1	160	160	0	29	189	1	0	Straight	0.0	5159	5348	615.52 55.13,619.45 49.622
0	61	2235	2246	1	1	93	93	0	17	107	1	0	Straight	0.0	5348	5455	619.45 49.622,623.54 40.431
0	62	2246	2221	1	1	85	85	0	15	95	1	0	Straight	0.0	5455	5550	623.54 40.431,627.61 35.162
0	63	2221	2242	1	1	250	250	0	45	295	1	0	Right	5.695	5550	5845	627.61 35.162,625.41 33.256
0	64	2242	2220	1	1	86	86	0	15	95	1	0	Left	11.389	5845	5940	625.41 33.256,628.19 27.537
0	65	2220	2239	1	1	87	87	0	16	96	1	0	Straight	0.0	5940	6036	628.19 27.537,631.22 22.81
0	66	2239	2245	1	1	20	20	0	4	24	1	0	Straight	0.0	6036	6060	631.22 22.81,633.26 18.0
0	67	2245	2239	1	1	20	20	0	4	24	0	0	U	45.557	6060	6064	633.26 18.0,631.22 22.81
0	68	2239	2218	1	1	263	263	0	47	307	1	0	Right	5.695	6064	6371	631.22 22.81,633.31 26.06
0	69	2218	2219	1	1	72	72	0	13	83	1	0	Left	11.389	6371	6454	633.31 26.06,630.66 30.075
0	70	2219	2221	1	1	87	87	0	16	96	1	0	Straight	0.0	6454	6550	630.66 30.075,627.61 35.162
0	71	2221	2219	1	1	87	87	0	16	96	0	0	U	45.557	6550	6566	627.61 35.162,630.66 30.075
0	72	2219	2220	1	1	256	256	0	46	296	1	0	Right	5.695	6566	6862	630.66 30.075,628.19 27.537
0	73	2220	2242	1	1	86	86	0	15	95	0	0	Right	5.695	6862	6877	628.19 27.537,625.41 33.256
0	74	2242	2246	1	1	322	322	0	58	378	1	0	Straight	0.0	6877	7255	625.41 33.256,623.54 40.431
0	75	2246	2235	1	1	93	93	0	17	107	0	0	Straight	0.0	7255	7272	623.54 40.431,619.45 49.622
0	76	2235	2222	1	1	81	81	0	15	95	1	0	Straight	0.0	7272	7367	619.45 49.622,616.81 58.189
0	77	2222	2226	1	1	239	239	0	43	273	0	0	U	45.557	7367	7410	616.81 58.189,615.52 55.13
0	78	2226	2222	1	1	239	239	0	43	273	1	0	U	45.557	7410	7683	615.52 55.13,616.81 58.189
0	79	2222	2223	1	1	84	84	0	15	95	1	0	Left	11.389	7683	7778	616.81 58.189,613.37 66.49
0	80	2223	2225	1	1	121	121	0	22	142	0	0	Straight	0.0	7778	7800	613.37 66.49,610.99 75.995
0	81	2225	2224	1	0	0	0	0	122	0	0	0	Straight	0.0	7800	7922	610.99 75.995,608.12 86.441
0	82	2224	2215	1	0	0	0	0	192	0	0	0	Straight	0.0	7922	8114	608.12 86.441,604.97 97.775
0	83	2215	2216	1	1	189	189	0	34	214	1	0	Straight	0.0	8114	8328	604.97 97.775,599.04 104.19
0	84	2216	2217	1	1	242	242	0	44	284	1	0	U	45.557	8328	8612	599.04 104.19,598.96 98.653
0	85	2217	2216	1	1	242	242	0	44	284	0	0	U	45.557	8612	8656	598.96 98.653,599.04 104.19
0	86	2216	2237	1	1	161	161	0	29	189	1	0	Straight	0.0	8656	8845	599.04 104.19,595.55 112.78
0	87	2237	2238	1	1	344	344	0	62	402	0	0	Straight	0.0	8845	8907	595.55 112.78,594.74 122.5
0	88	2238	2237	1	1	344	344	0	62	402	1	0	U	45.557	8907	9309	594.74 122.5,595.55 112.78
0	89	2237	2233	1	1	101	101	0	18	118	1	0	Right	5.695	9309	9427	595.55 112.78,590.2 111.81
0	90	2233	2234	1	1	331	331	0	60	390	1	0	Straight	0.0	9427	9817	590.2 111.81,585.65 109.23
0	91	2234	2233	1	1	331	331	0	60	390	0	0	U	45.557	9817	9877	585.65 109.23,590.2 111.81
0	92	2233	2236	1	1	81	81	0	15	95	1	0	Straight	0.0	9877	9972	590.2 111.81,591.5 115.75
0	93	2236	2248	1	1	342	342	0	62	402	0	0	U	45.557	9972	10034	591.5 115.75,590.69 109.52
0	94	2248	2236	1	1	342	342	0	62	402	1	0	U	45.557	10034	10436	590.69 109.52,591.5 115.75
0	95	2236	2238	1	1	359	359	0	65	415	1	0	Straight	0.0	10436	10851	591.5 115.75,594.74 122.5
0	96	2238	2209	1	1	17	17	0	3	13	1	0	Straight	0.0	10851	10864	594.74 122.5,596.8 134.99
0	97	2209	2210	0	1	110	110	0	20	130	0	0	Straight	0.0	10864	10884	596.8 134.99,600.29 140.11
0	98	2210	2204	0	1	5	5	0	1	1	1	0	Straight	0.0	10884	10885	600.29 140.11,600.92 146.09
0	99	2204	2205	0	0	0	0	0	38	0	0	0	Straight	0.0	10885	10923	600.92 146.09,599.53 160.55
0	100	2205	2206	1	0	0	0	0	1	0	0	0	Straight	0.0	10923	10924	599.53 160.55,599.1 181.01
0	101	2206	2207	1	0	0	0	0	1	0	0	0	Straight	0.0	10924	10925	599.1 181.01,599.27 201.74
0	102	2207	2208	1	0	0	0	0	7	0	0	0	Straight	0.0	10925	10932	599.27 201.74,601.62 219.5
0	103	2208	2231	1	0	0	0	0	27	0	0	0	Straight	0.0	10932	10959	601.62 219.5,606.04 238.76
0	104	2231	2232	1	0	0	0	0	8	0	0	0	Straight	0.0	10959	10967	606.04 238.76,610.66 258.17
0	105	2232	2213	1	0	0	0	0	28	0	0	0	Straight	0.0	10967	10995	610.66 258.17,615.03 277.54
0	106	2213	2212	1	0	0	0	0	8	0	0	0	Straight	0.0	10995	11003	615.03 277.54,619.72 296.7
0	107	2212	2243	1	0	0	0	0	4	0	0	0	Straight	0.0	11003	11007	619.72 296.7,624.39 315.71
0	108	2243	1937	1	0	0	0	0	66	0	0	0	Straight	0.0	11007	11073	624.39 315.71,637.22 339.85
0	109	1937	1371	1	0	0	0	0	11	0	0	0	Straight	0.0	11073	11084	637.22 339.85,642.46 358.98
0	110	1371	1455	1	0	0	0	0	12	0	0	0	Right	5.695	11084	11096	642.46 358.98,650.15 354.07
0	111	1455	1937	0	1	103	103	0	18	118	1	0	Right	5.695	11096	11214	650.15 354.07,637.22 339.85
0	112	1937	1371	1	0	0	0	0	11	0	0	0	U	45.557	11214	11225	637.22 339.85,642.46 358.98
0	113	1371	1455	1	0	0	0	0	12	0	0	0	Right	5.695	11225	11237	642.46 358.98,650.15 354.07
0	114	1455	220	1	0	0	0	0	1	0	0	0	Left	11.389	11237	11238	650.15 354.07,666.23 365.44
0	115	220	221	1	0	0	0	0	36	0	0	0	Straight	0.0	11238	11274	666.23 365.44,691.86 368.82
0	116	221	225	0	0	0	0	0	13	0	0	0	Straight	0.0	11274	11287	691.86 368.82,709.78 374.89
0	117	225	663	0	0	0	0	0	22	0	0	0	Straight	0.0	11287	11309	709.78 374.89,726.42 380.25
0	118	663	233	1	0	0	0	0	22	0	0	0	Straight	0.0	11309	11331	726.42 380.25,745.05 387.47
0	119	233	234	1	0	0	0	0	26	0	0	0	Straight	0.0	11331	11357	745.05 387.47,756.88 391.1
0	120	234	242	1	0	0	0	0	15	0	0	0	Straight	0.0	11357	11372	756.88 391.1,769.36 388.73
0	121	242	243	1	0	0	0	0	5	0	0	0	Straight	0.0	11372	11377	769.36 388.73,774.9 389.45
0	122	243	253	1	1	71	71	0	13	83	1	0	Straight	0.0	11377	11460	774.9 389.45,781.66 387.53
0	123	253	278	1	0	0	0	0	19	0	0	0	Straight	0.0	11460	11479	781.66 387.53,794.82 385.37
0	124	278	770	1	0	0	0	0	66	0	0	0	Straight	0.0	11479	11545	794.82 385.37,806.27 380.77
0	125	770	771	1	1	73	73	0	13	83	1	0	Right	5.695	11545	11628	806.27 380.77,802.44 372.67
0	126	771	759	1	1	91	91	0	16	106	1	0	U	45.557	11628	11734	802.44 372.67,807.47 375.15
0	127	759	1375	1	1	80	80	0	14	94	1	0	Straight	0.0	11734	11828	807.47 375.15,812.58 374.88
0	128	1375	759	1	1	80	80	0	14	94	0	0	U	45.557	11828	11842	812.58 374.88,807.47 375.15
0	129	759	760	1	1	47	47	0	8	48	1	0	Right	5.695	11842	11890	807.47 375.15,810.89 378.71
0	130	760	759	1	1	47	47	0	8	48	0	0	U	45.557	11890	11898	810.89 378.71,807.47 375.15
0	131	759	771	1	1	91	91	0	16	106	0	0	Straight	0.0	11898	11914	807.47 375.15,802.44 372.67
0	132	771	331	1	1	59	59	0	11	61	1	0	Straight	0.0	11914	11975	802.44 372.67,796.77 364.19
0	133	331	800	1	1	81	81	0	15	95	1	0	Left	11.389	11975	12070	796.77 364.19,800.31 356.7
0	134	800	355	1	1	89	89	0	16	96	1	0	Left	11.389	12070	12166	800.31 356.7,809.9 355.73
0	135	355	800	1	1	89	89	0	16	96	0	0	U	45.557	12166	12182	809.9 355.73,800.31 356.7
0	136	800	799	1	1	192	192	0	35	225	1	0	Left	11.389	12182	12407	800.31 356.7,794.67 350.75
0	137	799	1925	1	0	0	0	0	14	0	0	0	Straight	0.0	12407	12421	794.67 350.75,782.21 348.14
0	138	1925	827	1	1	80	80	0	14	94	0	0	Left	11.389	12421	12435	782.21 348.14,788.59 343.66
0	139	827	1846	1	1	88	88	0	16	96	1	0	Straight	0.0	12435	12531	788.59 343.66,791.54 339.38
0	140	1846	827	1	1	88	88	0	16	96	0	0	U	45.557	12531	12547	791.54 339.38,788.59 343.66
0	141	827	828	1	1	87	87	0	16	96	1	0	U	45.557	12547	12643	788.59 343.66,793.73 342.51
0	142	828	827	1	1	87	87	0	16	96	0	0	U	45.557	12643	12659	793.73 342.51,788.59 343.66
0	143	827	1925	1	1	80	80	0	14	94	1	0	Straight	0.0	12659	12753	788.59 343.66,782.21 348.14
0	144	1925	1377	1	0	0	0	0	10	0	0	0	Straight	0.0	12753	12763	782.21 348.14,767.31 348.42
0	145	1377	1479	1	0	0	0	0	5	0	0	0	Straight	0.0	12763	12768	767.31 348.42,751.34 346.95
0	146	1479	1900	1	1	22	22	0	4	24	1	0	Right	5.695	12768	12792	751.34 346.95,748.78 353.75
0	147	1900	1783	1	0	0	0	0	20	0	0	0	Left	11.389	12792	12812	748.78 353.75,736.36 356.16
0	148	1783	1869	1	1	23	23	0	4	24	1	0	Left	11.389	12812	12836	736.36 356.16,731.7 352.21
0	149	1869	1677	1	0	0	0	0	2	0	0	0	Left	11.389	12836	12838	731.7 352.21,735.67 342.36
0	150	1677	861	1	0	0	0	0	61	0	0	0	Right	5.695	12838	12899	735.67 342.36,722.5 331.32
0	151	861	418	1	0	0	0	0	14	0	0	0	Left	11.389	12899	12913	722.5 331.32,729.89 330.43
0	152	418	419	1	0	0	0	0	14	0	0	0	Straight	0.0	12913	12927	729.89 330.43,733.85 325.79
0	153	419	1806	1	1	83	83	0	15	95	1	0	Right	5.695	12927	13022	733.85 325.79,733.23 320.53
0	154	1806	2152	1	0	0	0	0	15	0	0	0	Straight	0.0	13022	13037	733.23 320.53,729.65 315.72
0	155	2152	475	1	0	0	0	0	15	0	0	0	Straight	0.0	13037	13052	729.65 315.72,723.5 311.86
0	156	475	482	1	0	0	0	0	15	0	0	0	Straight	0.0	13052	13067	723.5 311.86,719.11 305.86
0	157	482	508	1	0	0	0	0	15	0	0	0	Straight	0.0	13067	13082	719.11 305.86,713.24 299.77
0	158	508	515	1	0	0	0	0	15	0	0	0	Straight	0.0	13082	13097	713.24 299.77,704.65 294.36
0	159	515	510	1	0	0	0	0	14	0	0	0	Straight	0.0	13097	13111	704.65 294.36,690.0 296.32
0	160	510	985	1	0	0	0	0	55	0	0	0	Straight	0.0	13111	13166	690.0 296.32,673.94 288.26
0	161	985	995	1	0	0	0	0	16	0	0	0	Straight	0.0	13166	13182	673.94 288.26,664.98 279.28
0	162	995	2134	1	1	62	62	0	11	71	1	0	Right	5.695	13182	13253	664.98 279.28,661.99 280.87
0	163	2134	995	1	1	62	62	0	11	71	0	0	U	45.557	13253	13264	661.99 280.87,664.98 279.28
0	164	995	1393	1	0	0	0	0	27	0	0	0	Right	5.695	13264	13291	664.98 279.28,656.58 269.83
0	165	1393	617	1	0	0	0	0	24	0	0	0	Right	5.695	13291	13315	656.58 269.83,644.46 275.32
0	166	617	1046	1	0	0	0	0	25	0	0	0	Straight	0.0	13315	13340	644.46 275.32,622.63 269.3
0	167	1046	693	0	0	0	0	0	34	0	0	0	Right	5.695	13340	13374	622.63 269.3,605.14 281.85
0	168	693	694	0	0	0	0	0	69	0	0	0	Straight	0.0	13374	13443	605.14 281.85,568.38 300.6
0	169	694	1089	0	0	0	0	0	5	0	0	0	Straight	0.0	13443	13448	568.38 300.6,537.71 299.31
0	170	1089	1096	0	0	0	0	0	9	0	0	0	Straight	0.0	13448	13457	537.71 299.31,521.48 285.32
0	171	1096	1097	0	0	0	0	0	6	0	0	0	Straight	0.0	13457	13463	521.48 285.32,506.66 275.68
0	172	1097	711	1	0	0	0	0	9	0	0	0	Straight	0.0	13463	13472	506.66 275.68,489.8 266.86
0	173	711	1084	0	0	0	0	0	7	0	0	0	Straight	0.0	13472	13479	489.8 266.86,472.41 259.17
0	174	1084	1083	1	0	0	0	0	544	0	0	0	Straight	0.0	13479	14023	472.41 259.17,446.0 251.77
1	0	1083	2085	1	0	0	0	0	71	0	0	300		0.0	14323	14394	446.0 251.77,421.88 250.66
1	1	2085	1825	0	0	0	0	0	21	0	0	0	Straight	0.0	14394	14415	421.88 250.66,401.59 256.48
1	2	1825	615	1	0	0	0	0	27	0	0	0	Straight	0.0	14415	14442	401.59 256.48,379.09 271.73
1	3	615	616	1	0	0	0	0	3	0	0	0	Straight	0.0	14442	14445	379.09 271.73,363.03 281.58
1	4	616	607	1	0	0	0	0	22	0	0	0	Straight	0.0	14445	14467	363.03 281.58,341.47 281.28
1	5	607	593	1	0	0	0	0	30	0	0	0	Straight	0.0	14467	14497	341.47 281.28,320.19 279.47
1	6	593	594	1	0	0	0	0	34	0	0	0	Straight	0.0	14497	14531	320.19 279.47,307.38 288.17
1	7	594	564	1	0	0	0	0	26	0	0	0	Straight	0.0	14531	14557	307.38 288.17,297.85 297.27
1	8	564	556	1	0	0	0	0	27	0	0	0	Straight	0.0	14557	14584	297.85 297.27,289.6 308.42
1	9	556	2097	1	1	139	139	0	25	155	1	0	Straight	0.0	14584	14739	289.6 308.42,279.58 320.46
1	10	2097	969	1	0	0	0	0	24	0	0	0	Straight	0.0	14739	14763	279.58 320.46,267.88 330.78
1	11	969	506	1	0	0	0	0	43	0	0	0	Straight	0.0	14763	14806	267.88 330.78,262.85 344.55
1	12	506	478	1	0	0	0	0	25	0	0	0	Straight	0.0	14806	14831	262.85 344.55,250.63 358.81
1	13	478	477	1	0	0	0	0	61	0	0	0	Straight	0.0	14831	14892	250.63 358.81,247.76 376.52
1	14	477	425	0	0	0	0	0	4	0	0	0	Straight	0.0	14892	14896	247.76 376.52,252.31 386.31
1	15	425	424	0	0	0	0	0	20	0	0	0	Straight	0.0	14896	14916	252.31 386.31,257.75 396.33
1	16	424	408	0	0	0	0	0	2	0	0	0	Straight	0.0	14916	14918	257.75 396.33,259.57 409.9
1	17	408	1526	0	0	0	0	0	71	0	0	0	Straight	0.0	14918	14989	259.57 409.9,253.73 426.6
1	18	1526	312	0	0	0	0	0	67	0	0	0	Straight	0.0	14989	15056	253.73 426.6,254.45 442.65
1	19	312	310	0	0	0	0	0	4	0	0	0	Straight	0.0	15056	15060	254.45 442.65,257.18 455.6
1	20	310	335	0	0	0	0	0	1	0	0	0	Left	11.389	15060	15061	257.18 455.6,245.13 456.3
1	21	335	336	0	0	0	0	0	32	0	0	0	Straight	0.0	15061	15093	245.13 456.3,230.73 455.65
1	22	336	850	0	1	542	542	0	97	637	1	0	Straight	0.0	15093	15730	230.73 455.65,218.42 459.36
1	23	850	1616	0	1	17	17	0	3	13	1	0	Straight	0.0	15730	15743	218.42 459.36,211.3 460.45
1	24	1616	854	0	0	0	0	0	3	0	0	0	Left	11.389	15743	15746	211.3 460.45,201.99 446.05
1	25	854	855	0	1	16	16	0	3	13	1	0	Left	11.389	15746	15759	201.99 446.05,212.61 444.8
1	26	855	850	0	0	0	0	0	4	0	0	0	Left	11.389	15759	15763	212.61 444.8,218.42 459.36
1	27	850	851	0	0	0	0	0	24	0	0	0	Straight	0.0	15763	15787	218.42 459.36,218.65 475.14
1	28	851	774	1	0	0	0	0	75	0	0	0	Straight	0.0	15787	15862	218.65 475.14,224.57 496.73
1	29	774	795	1	1	150	150	0	27	177	1	0	Straight	0.0	15862	16039	224.57 496.73,217.86 509.72
1	30	795	796	1	1	19	19	0	3	13	0	0	Left	11.389	16039	16042	217.86 509.72,212.62 509.84
1	31	796	795	1	1	19	19	0	3	13	1	0	U	45.557	16042	16055	212.62 509.84,217.86 509.72
1	32	795	343	1	0	0	0	0	32	0	0	0	Left	11.389	16055	16087	217.86 509.72,218.1 520.59
1	33	343	314	1	0	0	0	0	33	0	0	0	Straight	0.0	16087	16120	218.1 520.59,216.57 527.3
1	34	314	735	1	0	0	0	0	14	0	0	0	Right	5.695	16120	16134	216.57 527.3,226.16 523.88
1	35	735	730	1	0	0	0	0	13	0	0	0	Straight	0.0	16134	16147	226.16 523.88,236.62 522.98
1	36	730	702	1	0	0	0	0	48	0	0	0	Straight	0.0	16147	16195	236.62 522.98,248.62 532.84
1	37	702	700	1	0	0	0	0	9	0	0	0	Straight	0.0	16195	16204	248.62 532.84,251.28 542.49
1	38	700	701	1	0	0	0	0	4	0	0	0	Straight	0.0	16204	16208	251.28 542.49,253.87 554.33
1	39	701	671	1	0	0	0	0	45	0	0	0	Straight	0.0	16208	16253	253.87 554.33,254.83 573.32
1	40	671	1781	1	1	142	142	0	26	166	0	0	Left	11.389	16253	16279	254.83 573.32,239.37 565.49
1	41	1781	671	1	1	142	142	0	26	166	1	0	U	45.557	16279	16445	239.37 565.49,254.83 573.32
1	42	671	672	1	1	135	135	0	24	154	1	0	Left	11.389	16445	16599	254.83 573.32,245.21 585.39
1	43	672	206	1	1	284	284	0	51	331	1	0	Straight	0.0	16599	16930	245.21 585.39,237.16 592.19
1	44	206	207	1	1	65	65	0	12	72	1	0	Straight	0.0	16930	17002	237.16 592.19,231.64 594.04
1	45	207	206	1	1	65	65	0	12	72	0	0	U	45.557	17002	17014	231.64 594.04,237.16 592.19
1	46	206	208	1	1	91	91	0	16	106	1	0	U	45.557	17014	17120	237.16 592.19,233.04 599.07
1	47	208	629	1	1	50	50	0	9	59	1	0	Straight	0.0	17120	17179	233.04 599.07,227.62 602.58
1	48	629	208	1	1	50	50	0	9	59	0	0	U	45.557	17179	17188	227.62 602.58,233.04 599.07
1	49	208	189	1	1	244	244	0	44	284	1	0	Left	11.389	17188	17472	233.04 599.07,236.85 603.56
1	50	189	167	1	1	264	264	0	47	307	1	0	Straight	0.0	17472	17779	236.85 603.56,239.56 611.3
1	51	167	168	1	1	83	83	0	15	95	1	0	Left	11.389	17779	17874	239.56 611.3,235.3 616.38
1	52	168	167	1	1	83	83	0	15	95	0	0	U	45.557	17874	17889	235.3 616.38,239.56 611.3
1	53	167	1866	1	1	160	160	0	29	189	1	0	Left	11.389	17889	18078	239.56 611.3,247.62 612.84
1	54	1866	2048	1	1	111	111	0	20	130	1	0	Left	11.389	18078	18208	247.62 612.84,243.96 618.0
1	55	2048	1866	1	1	111	111	0	20	130	0	0	U	45.557	18208	18228	243.96 618.0,247.62 612.84
1	56	1866	129	1	1	360	360	0	65	425	1	0	Straight	0.0	18228	18653	247.62 612.84,257.72 609.09
1	57	129	128	1	1	70	70	0	13	83	0	0	U	45.557	18653	18666	257.72 609.09,254.2 612.88
1	58	128	129	1	1	70	70	0	13	83	1	0	U	45.557	18666	18749	254.2 612.88,257.72 609.09
1	59	129	132	1	1	186	186	0	33	213	1	0	Straight	0.0	18749	18962	257.72 609.09,268.97 603.04
1	60	132	1864	1	1	167	167	0	30	190	0	0	Right	5.695	18962	18992	268.97 603.04,267.32 600.46
1	61	1864	582	1	0	0	0	0	34	0	0	0	Left	11.389	18992	19026	267.32 600.46,269.31 596.17
1	62	582	2042	1	1	257	257	0	46	296	1	0	U	45.557	19026	19322	269.31 596.17,264.59 599.96
1	63	2042	1864	1	1	268	268	0	48	308	1	0	Right	5.695	19322	19630	264.59 599.96,267.32 600.46
1	64	1864	132	1	1	167	167	0	30	190	1	0	Left	11.389	19630	19820	267.32 600.46,268.97 603.04
1	65	132	133	1	1	105	105	0	19	119	1	0	Right	5.695	19820	19939	268.97 603.04,280.83 596.15
1	66	133	114	1	1	87	87	0	16	96	1	0	U	45.557	19939	20035	280.83 596.15,273.66 607.25
1	67	114	1759	1	1	120	120	0	22	142	1	0	Straight	0.0	20035	20177	273.66 607.25,269.6 614.44
1	68	1759	487	1	1	91	91	0	16	106	1	0	Straight	0.0	20177	20283	269.6 614.44,265.37 619.72
1	69	487	488	1	1	281	281	0	51	331	1	0	Straight	0.0	20283	20614	265.37 619.72,262.02 621.69
1	70	488	1756	1	1	52	52	0	9	59	1	0	Straight	0.0	20614	20673	262.02 621.69,257.77 626.79
1	71	1756	488	1	1	52	52	0	9	59	0	0	U	45.557	20673	20682	257.77 626.79,262.02 621.69
1	72	488	115	1	1	97	97	0	17	107	1	0	Straight	0.0	20682	20789	262.02 621.69,267.13 615.0
1	73	115	1759	1	1	282	282	0	51	331	0	0	Straight	0.0	20789	20840	267.13 615.0,269.6 614.44
1	74	1759	115	1	1	282	282	0	51	331	1	0	U	45.557	20840	21171	269.6 614.44,267.13 615.0
1	75	115	114	1	1	361	361	0	65	425	1	0	U	45.557	21171	21596	267.13 615.0,273.66 607.25
1	76	114	133	1	1	87	87	0	16	96	0	0	Straight	0.0	21596	21612	273.66 607.25,280.83 596.15
1	77	133	572	1	0	0	0	0	71	0	0	0	Straight	0.0	21612	21683	280.83 596.15,283.05 583.1
1	78	572	1585	1	1	81	81	0	15	95	1	0	Left	11.389	21683	21778	283.05 583.1,292.12 578.08
1	79	1585	572	1	1	81	81	0	15	95	0	0	U	45.557	21778	21793	292.12 578.08,283.05 583.1
1	80	572	581	1	1	71	71	0	13	83	1	0	Straight	0.0	21793	21876	283.05 583.1,273.85 590.14
1	81	581	582	1	1	51	51	0	9	59	1	0	Straight	0.0	21876	21935	273.85 590.14,269.31 596.17
1	82	582	581	1	1	51	51	0	9	59	0	0	U	45.557	21935	21944	269.31 596.17,273.85 590.14
1	83	581	181	1	1	115	115	0	21	131	1	0	U	45.557	21944	22075	273.85 590.14,265.98 592.58
1	84	181	182	1	1	491	491	0	88	578	1	0	Straight	0.0	22075	22653	265.98 592.58,261.26 595.77
1	85	182	185	1	1	159	159	0	29	179	1	0	Left	11.389	22653	22832	261.26 595.77,260.75 593.11
1	86	185	181	1	1	480	480	0	86	566	1	0	Left	11.389	22832	23398	260.75 593.11,265.98 592.58
1	87	181	581	1	1	115	115	0	21	131	0	0	Straight	0.0	23398	23419	265.98 592.58,273.85 590.14
1	88	581	572	1	1	71	71	0	13	83	0	0	Straight	0.0	23419	23432	273.85 590.14,283.05 583.1
1	89	572	171	1	0	0	0	0	9	0	0	0	Straight	0.0	23432	23441	283.05 583.1,286.19 568.77
1	90	171	172	0	0	0	0	0	63	0	0	0	Straight	0.0	23441	23504	286.19 568.77,284.57 559.5
1	91	172	1897	1	1	123	123	0	22	142	1	0	Left	11.389	23504	23646	284.57 559.5,291.64 557.62
1	92	1897	172	1	1	123	123	0	22	142	0	0	U	45.557	23646	23668	291.64 557.62,284.57 559.5
1	93	172	1780	0	1	32	32	0	6	36	1	0	Left	11.389	23668	23704	284.57 559.5,278.2 551.77
1	94	1780	188	0	1	85	85	0	15	95	1	0	Straight	0.0	23704	23799	278.2 551.77,269.07 550.24
1	95	188	701	0	0	0	0	0	116	0	0	0	Straight	0.0	23799	23915	269.07 550.24,253.87 554.33
1	96	701	700	1	0	0	0	0	4	0	0	0	Left	11.389	23915	23919	253.87 554.33,251.28 542.49
1	97	700	1887	0	0	0	0	0	9	0	0	0	Left	11.389	23919	23928	251.28 542.49,261.09 535.91
1	98	1887	661	0	0	0	0	0	113	0	0	0	Straight	0.0	23928	24041	261.09 535.91,277.78 532.6
1	99	661	660	0	0	0	0	0	45	0	0	0	Right	5.695	24041	24086	277.78 532.6,269.67 523.72
1	100	660	238	0	0	0	0	0	8	0	0	0	Straight	0.0	24086	24094	269.67 523.72,269.65 514.88
1	101	238	1648	0	0	0	0	0	22	0	0	0	Right	5.695	24094	24116	269.65 514.88,260.49 519.04
1	102	1648	2094	1	1	183	183	0	33	213	1	0	Left	11.389	24116	24329	260.49 519.04,250.51 513.73
1	103	2094	254	0	0	0	0	0	3	0	0	0	Left	11.389	24329	24332	250.51 513.73,252.88 507.53
1	104	254	280	0	1	22	22	0	4	24	1	0	Straight	0.0	24332	24356	252.88 507.53,252.67 502.19
1	105	280	279	1	0	0	0	0	30	0	0	0	Straight	0.0	24356	24386	252.67 502.19,249.07 496.59
1	106	279	727	1	0	0	0	0	17	0	0	0	Left	11.389	24386	24403	249.07 496.59,259.71 490.35
1	107	727	290	0	0	0	0	0	11	0	0	0	Right	5.695	24403	24414	259.71 490.35,256.63 479.34
1	108	290	289	0	0	0	0	0	13	0	0	0	Straight	0.0	24414	24427	256.63 479.34,253.34 468.03
1	109	289	335	0	0	0	0	0	53	0	0	0	Straight	0.0	24427	24480	253.34 468.03,245.13 456.3
1	110	335	317	0	0	0	0	0	4	0	0	0	Straight	0.0	24480	24484	245.13 456.3,241.26 443.73
1	111	317	815	0	0	0	0	0	68	0	0	0	Straight	0.0	24484	24552	241.26 443.73,240.33 429.25
1	112	815	2070	0	0	0	0	0	49	0	0	0	Straight	0.0	24552	24601	240.33 429.25,240.27 415.95
1	113	2070	412	0	0	0	0	0	22	0	0	0	Straight	0.0	24601	24623	240.27 415.95,244.88 405.62
1	114	412	893	0	1	12	12	0	2	12	1	0	Straight	0.0	24623	24635	244.88 405.62,241.32 390.94
1	115	893	477	0	0	0	0	0	23	0	0	0	Straight	0.0	24635	24658	241.32 390.94,247.76 376.52
1	116	477	478	1	0	0	0	0	61	0	0	0	Straight	0.0	24658	24719	247.76 376.52,250.63 358.81
1	117	478	500	1	0	0	0	0	15	0	0	0	Right	5.695	24719	24734	250.63 358.81,235.35 357.54
1	118	500	971	1	0	0	0	0	3	0	0	0	Straight	0.0	24734	24737	235.35 357.54,221.11 357.76
1	119	971	970	1	0	0	0	0	66	0	0	0	Straight	0.0	24737	24803	221.11 357.76,211.4 361.91
1	120	970	980	1	0	0	0	0	36	0	0	0	Left	11.389	24803	24839	211.4 361.91,200.54 354.2
1	121	980	750	1	0	0	0	0	85	0	0	0	Left	11.389	24839	24924	200.54 354.2,212.3 331.82
1	122	750	647	1	0	0	0	0	36	0	0	0	Straight	0.0	24924	24960	212.3 331.82,237.65 320.09
1	123	647	713	1	0	0	0	0	22	0	0	0	Right	5.695	24960	24982	237.65 320.09,240.28 306.03
1	124	713	747	1	0	0	0	0	28	0	0	0	Straight	0.0	24982	25010	240.28 306.03,234.27 296.41
1	125	747	746	1	0	0	0	0	48	0	0	0	Left	11.389	25010	25058	234.27 296.41,241.83 290.61
1	126	746	1957	1	0	0	0	0	8	0	0	0	Right	5.695	25058	25066	241.83 290.61,240.72 278.8
1	127	1957	783	1	0	0	0	0	26	0	0	0	Left	11.389	25066	25092	240.72 278.8,255.74 271.98
1	128	783	803	1	0	0	0	0	27	0	0	0	Straight	0.0	25092	25119	255.74 271.98,271.48 265.27
1	129	803	812	1	0	0	0	0	34	0	0	0	Straight	0.0	25119	25153	271.48 265.27,291.6 260.1
1	130	812	1165	1	0	0	0	0	33	0	0	0	Straight	0.0	25153	25186	291.6 260.1,308.53 252.27
1	131	1165	1166	1	1	103	103	0	19	119	1	0	Straight	0.0	25186	25305	308.53 252.27,323.1 246.69
1	132	1166	1471	0	0	0	0	0	71	0	0	0	Right	5.695	25305	25376	323.1 246.69,313.38 232.02
1	133	1471	882	0	0	0	0	0	19	0	0	0	Right	5.695	25376	25395	313.38 232.02,301.3 238.56
1	134	882	891	0	0	0	0	0	24	0	0	0	Straight	0.0	25395	25419	301.3 238.56,288.25 240.99
1	135	891	870	1	1	9	9	0	2	2	1	0	Left	11.389	25419	25421	288.25 240.99,279.26 234.55
1	136	870	917	1	1	152	152	0	27	177	1	0	Straight	0.0	25421	25598	279.26 234.55,273.49 227.38
1	137	917	918	1	0	0	0	0	22	0	0	0	Straight	0.0	25598	25620	273.49 227.38,262.83 224.21
1	138	918	953	1	0	0	0	0	40	0	0	0	Straight	0.0	25620	25660	262.83 224.21,256.06 216.25
1	139	953	1234	1	1	278	278	0	50	320	1	0	Straight	0.0	25660	25980	256.06 216.25,252.75 204.37
1	140	1234	1016	1	0	0	0	0	49	0	0	0	Straight	0.0	25980	26029	252.75 204.37,253.15 189.69
1	141	1016	1695	1	0	0	0	0	54	0	0	0	Straight	0.0	26029	26083	253.15 189.69,260.43 170.65
1	142	1695	1642	0	0	0	0	0	81	0	0	0	Right	5.695	26083	26164	260.43 170.65,241.59 173.39
1	143	1642	1018	0	1	102	102	0	18	118	1	0	Straight	0.0	26164	26282	241.59 173.39,228.21 179.39
1	144	1018	1400	0	0	0	0	0	12	0	0	0	Straight	0.0	26282	26294	228.21 179.39,216.32 189.73
1	145	1400	1601	0	0	0	0	0	12	0	0	0	Straight	0.0	26294	26306	216.32 189.73,204.6 195.12
1	146	1601	1243	0	0	0	0	0	11	0	0	0	U	45.557	26306	26317	204.6 195.12,211.03 183.28
1	147	1243	1244	0	0	0	0	0	14	0	0	0	Straight	0.0	26317	26331	211.03 183.28,218.33 172.19
1	148	1244	1403	0	0	0	0	0	3	0	0	0	Straight	0.0	26331	26334	218.33 172.19,220.63 161.83
1	149	1403	1707	0	0	0	0	0	32	0	0	0	Straight	0.0	26334	26366	220.63 161.83,223.27 151.88
1	150	1707	1602	1	1	37	37	0	7	37	1	0	Straight	0.0	26366	26403	223.27 151.88,228.93 144.64
1	151	1602	1039	1	1	42	42	0	8	48	1	0	Straight	0.0	26403	26451	228.93 144.64,229.77 138.98
1	152	1039	1156	1	1	829	829	0	149	969	1	0	Right	5.695	26451	27420	229.77 138.98,224.6 133.62
1	153	1156	1157	1	1	179	179	0	32	202	1	0	Straight	0.0	27420	27622	224.6 133.62,220.51 129.41
1	154	1157	1156	1	1	179	179	0	32	202	0	0	U	45.557	27622	27654	220.51 129.41,224.6 133.62
1	155	1156	1039	1	1	829	829	0	149	969	0	0	Straight	0.0	27654	27803	224.6 133.62,229.77 138.98
1	156	1039	1040	0	1	56	56	0	10	60	1	0	Straight	0.0	27803	27863	229.77 138.98,236.54 143.35
1	157	1040	1602	1	0	0	0	0	5	0	0	0	U	45.557	27863	27868	236.54 143.35,228.93 144.64
1	158	1602	1707	1	1	37	37	0	7	37	0	0	Straight	0.0	27868	27875	228.93 144.64,223.27 151.88
1	159	1707	1694	0	0	0	0	0	7	0	0	0	Left	11.389	27875	27882	223.27 151.88,220.21 147.51
1	160	1694	1472	0	0	0	0	0	7	0	0	0	Left	11.389	27882	27889	220.21 147.51,223.99 146.95
1	161	1472	1643	0	1	29	29	0	5	25	1	0	U	45.557	27889	27914	223.99 146.95,220.3 150.8
1	162	1643	1245	0	0	0	0	0	10	0	0	0	Right	5.695	27914	27924	220.3 150.8,222.63 156.43
1	163	1245	1542	0	1	30	30	0	5	35	1	0	Right	5.695	27924	27959	222.63 156.43,227.08 156.03
1	164	1542	1026	0	0	0	0	0	15	0	0	0	Straight	0.0	27959	27974	227.08 156.03,231.86 150.89
1	165	1026	1027	0	0	0	0	0	9	0	0	0	Right	5.695	27974	27983	231.86 150.89,230.83 147.32
1	166	1027	1028	0	1	32	32	0	6	36	1	0	Left	11.389	27983	28019	230.83 147.32,237.73 148.19
1	167	1028	1052	0	0	0	0	0	29	0	0	0	Straight	0.0	28019	28048	237.73 148.19,246.93 147.81
1	168	1052	1053	0	0	0	0	0	35	0	0	0	Straight	0.0	28048	28083	246.93 147.81,260.77 152.07
1	169	1053	1062	0	0	0	0	0	72	0	0	0	Straight	0.0	28083	28155	260.77 152.07,279.63 153.13
1	170	1062	1073	0	0	0	0	0	12	0	0	0	Right	5.695	28155	28167	279.63 153.13,283.26 144.62
1	171	1073	2002	0	0	0	0	0	27	0	0	0	Straight	0.0	28167	28194	283.26 144.62,288.37 137.48
1	172	2002	1274	1	1	17	17	0	3	13	1	0	Straight	0.0	28194	28207	288.37 137.48,294.67 131.46
1	173	1274	1275	1	1	19	19	0	3	13	1	0	Straight	0.0	28207	28220	294.67 131.46,298.96 121.02
1	174	1275	1274	1	1	19	19	0	3	13	0	0	U	45.557	28220	28223	298.96 121.02,294.67 131.46
1	175	1274	1267	0	0	0	0	0	26	0	0	0	Straight	0.0	28223	28249	294.67 131.46,295.38 139.67
1	176	1267	1063	0	0	0	0	0	12	0	0	0	Straight	0.0	28249	28261	295.38 139.67,296.25 148.22
1	177	1063	1262	0	0	0	0	0	3	0	0	0	Right	5.695	28261	28264	296.25 148.22,310.7 139.52
1	178	1262	1061	1	0	0	0	0	4	0	0	0	Left	11.389	28264	28268	310.7 139.52,315.71 149.15
1	179	1061	1060	1	0	0	0	0	7	0	0	0	Straight	0.0	28268	28275	315.71 149.15,321.04 156.19
1	180	1060	1258	1	0	0	0	0	32	0	0	0	Straight	0.0	28275	28307	321.04 156.19,326.66 163.47
1	181	1258	1259	1	1	180	180	0	32	212	1	0	U	45.557	28307	28519	326.66 163.47,325.55 159.84
1	182	1259	1258	1	1	180	180	0	32	212	0	0	U	45.557	28519	28551	325.55 159.84,326.66 163.47
1	183	1258	1247	1	0	0	0	0	20	0	0	0	Straight	0.0	28551	28571	326.66 163.47,332.64 171.72
1	184	1247	1249	1	0	0	0	0	18	0	0	0	Right	5.695	28571	28589	332.64 171.72,341.75 159.06
1	185	1249	1250	1	0	0	0	0	8	0	0	0	Straight	0.0	28589	28597	341.75 159.06,349.5 151.45
1	186	1250	1055	1	0	0	0	0	27	0	0	0	Straight	0.0	28597	28624	349.5 151.45,361.89 144.76
1	187	1055	1074	1	0	0	0	0	47	0	0	0	Straight	0.0	28624	28671	361.89 144.76,364.87 136.39
1	188	1074	2114	1	1	94	94	0	17	107	1	0	Straight	0.0	28671	28778	364.87 136.39,363.53 131.76
1	189	2114	1074	1	1	94	94	0	17	107	0	0	U	45.557	28778	28795	363.53 131.76,364.87 136.39
1	190	1074	1055	1	0	0	0	0	47	0	0	0	Straight	0.0	28795	28842	364.87 136.39,361.89 144.76
1	191	1055	1250	1	0	0	0	0	27	0	0	0	Straight	0.0	28842	28869	361.89 144.76,349.5 151.45
1	192	1250	1251	1	0	0	0	0	20	0	0	0	Right	5.695	28869	28889	349.5 151.45,350.57 157.74
1	193	1251	1236	1	0	0	0	0	50	0	0	0	Right	5.695	28889	28939	350.57 157.74,359.62 161.34
1	194	1236	1599	1	0	0	0	0	44	0	0	0	Straight	0.0	28939	28983	359.62 161.34,366.71 166.06
1	195	1599	1598	1	0	0	0	0	28	0	0	0	Straight	0.0	28983	29011	366.71 166.06,378.83 168.81
1	196	1598	1215	1	0	0	0	0	36	0	0	0	Straight	0.0	29011	29047	378.83 168.81,388.08 177.11
1	197	1215	1173	1	0	0	0	0	71	0	0	0	Straight	0.0	29047	29118	388.08 177.11,395.06 186.71
1	198	1173	1172	1	0	0	0	0	72	0	0	0	Straight	0.0	29118	29190	395.06 186.71,400.84 197.07
1	199	1172	1787	1	0	0	0	0	53	0	0	0	Straight	0.0	29190	29243	400.84 197.07,404.17 207.91
1	200	1787	720	0	0	0	0	0	3	0	0	0	Straight	0.0	29243	29246	404.17 207.91,407.79 216.0
1	201	720	691	0	0	0	0	0	2	0	0	0	Straight	0.0	29246	29248	407.79 216.0,407.97 225.86
1	202	691	690	1	0	0	0	0	47	0	0	0	Straight	0.0	29248	29295	407.97 225.86,411.19 240.76
1	203	690	2085	1	0	0	0	0	15	0	0	0	Straight	0.0	29295	29310	411.19 240.76,421.88 250.66
1	204	2085	1083	1	0	0	0	0	71	0	0	0	Straight	0.0	29310	29381	421.88 250.66,446.0 251.77
2	0	1083	1083	-1	-1	0	0	0	0	0	0	300		0.0	29381	29681	446.0 251.77,446.0 251.77
