Problem Type	Solution Method	Vehicle Capacity (Weight)	Vehicle Capacity(Volume)	Disposal Trips	Route Time	Route Time wo Turns	Computational Time(Sec)	Clustering Time(Sec)	VA(CCI)	VA(NHO)	VA(ATD)	VA(DMT)	VA(AOI)	VA(ROI)	Optimal
MCARPTIF	GPM	17600	24000	2	32030.6	24115.6	0.693	0.17	1.125	0.0261037	534.067	7716.5	0.85456	0.400639	1
Load No	Sequence No	Starting Node	Ending Node	Is Edge	Required	Weight	Volume	Travel Miles	Travel Time	Service Time	Served	Dumped	Turn Type	Turn Cost	Depart Time	Arrival Time	Shape
0	0	80	42	0	0	0	0	0.0	869.7	0.0	0	0		0	0.0	869.7	-90.276467 38.643366,-90.274919 38.643374,-90.273611 38.643388,-90.27284 38.643392999999996,-90.2725 38.643395,-90.272294 38.643398,-90.271933 38.643399,-90.27178099999999 38.643399,-90.271608 38.6434,-90.271025 38.64336,-90.270825 38.643356,-90.270589 38.643351,-90.270511 38.643346,-90.270399 38.643344,-90.26951 38.643381,-90.26886499999999 38.643494,-90.266251 38.645209,-90.265663 38.645925,-90.26562 38.645977,-90.26545 38.646192,-90.265007 38.646728,-90.264772 38.647026,-90.26473 38.647072,-90.264678 38.647135999999996,-90.264376 38.64749,-90.264271 38.647615,-90.26384999999999 38.648129,-90.263753 38.64825,-90.263871 38.648359,-90.264119 38.648557,-90.264313 38.648711999999996,-90.264917 38.649215,-90.265311 38.649589999999996,-90.265816 38.650358,-90.266263 38.651322,-90.266955 38.652267,-90.26771 38.652987,-90.26888699999999 38.653862,-90.26953 38.654338,-90.26977699999999 38.654521,-90.270163 38.654807,-90.27027799999999 38.654896,-90.270681 38.655197,-90.271587 38.656159,-90.271669 38.656409,-90.271711 38.656832,-90.27171 38.657694,-90.27171299999999 38.658142,-90.271714 38.658332,-90.271715 38.658599,-90.271875 38.659365,-90.271953 38.659504,-90.27242199999999 38.660044,-90.272976 38.660585,-90.273583 38.661132,-90.273704 38.661239,-90.273911 38.661422,-90.27418399999999 38.661668999999996,-90.274217 38.661699,-90.274429 38.661883,-90.274677 38.662098,-90.274937 38.662341,-90.275179 38.662546,-90.27736399999999 38.664657,-90.27756699999999 38.664836,-90.27796099999999 38.665182,-90.278025 38.665243,-90.278513 38.66568,-90.27869799999999 38.665845,-90.278973 38.666086,-90.279192 38.666282,-90.279372 38.666443,-90.279491 38.666551,-90.279619 38.666668,-90.279808 38.666838,-90.279969 38.666983,-90.28005399999999 38.667056,-90.280401 38.667365,-90.280479 38.667432,-90.28152399999999 38.668362,-90.281785 38.6686,-90.282247 38.669014,-90.282428 38.669177,-90.282579 38.669329,-90.283166 38.669906,-90.283614 38.670338,-90.283906 38.670608,-90.284336 38.670978,-90.284617 38.671202,-90.285042 38.67154,-90.28520499999999 38.671658,-90.285939 38.6722,-90.28616099999999 38.672362,-90.286413 38.672546,-90.286723 38.672772,-90.286793 38.672827,-90.28695499999999 38.672945,-90.287082 38.673031,-90.28721 38.673119,-90.287769 38.673519999999996,-90.288691 38.674178,-90.28960599999999 38.674788,-90.290212 38.675169,-90.290362 38.675261,-90.290555 38.675379,-90.291006 38.675657,-90.29139599999999 38.675895,-90.29162 38.676031,-90.293393 38.677804,-90.293703 38.678656,-90.293768 38.678838999999996,-90.293894 38.679177,-90.293931 38.679289,-90.294009 38.679522,-90.29406 38.679676,-90.2942 38.680099,-90.294309 38.680488,-90.294333 38.680574,-90.2944 38.680858,-90.294555 38.681529,-90.294642 38.68193,-90.294726 38.682314,-90.294767 38.682506,-90.294873 38.682982,-90.295024 38.683593,-90.295071 38.683766,-90.295186 38.68416,-90.295287 38.684506,-90.295456 38.685086,-90.29549 38.685204,-90.295521 38.685311,-90.295687 38.685895,-90.29570199999999 38.685947999999996,-90.29617 38.688066,-90.29620899999999 38.688311999999996,-90.296216 38.688364,-90.296274 38.688779,-90.296325 38.689249,-90.296368 38.689662,-90.29638299999999 38.689916,-90.296395 38.690105,-90.296408 38.690348,-90.296452 38.690829,-90.29647299999999 38.691061,-90.29650099999999 38.691287,-90.29651299999999 38.691385,-90.296522 38.691452,-90.296537 38.691526,-90.29656899999999 38.69161,-90.296623 38.691754,-90.29752599999999 38.693614,-90.297566 38.693706,-90.297685 38.693933,-90.29798699999999 38.694511,-90.298489 38.695271,-90.300197 38.696125,-90.300356 38.696177,-90.301349 38.696591,-90.301953 38.697148,-90.302871 38.698274,-90.30565 38.699540999999996,-90.305889 38.699548,-90.306339 38.699561,-90.306662 38.699566,-90.308365 38.699666,-90.308736 38.699813999999996,-90.308978 38.699951999999996,-90.309309 38.700242,-90.309591 38.700556999999996,-90.310515 38.701762,-90.313159 38.705188,-90.313396 38.70551,-90.316735 38.709806,-90.317926 38.711379,-90.31808699999999 38.711568,-90.319577 38.713494,-90.319964 38.713966,-90.320379 38.714497,-90.321806 38.716302,-90.323159 38.718915,-90.32485 38.72016,-90.32488599999999 38.720208,-90.325413 38.720909999999996,-90.326 38.721659,-90.326561 38.722394,-90.327241 38.723052,-90.32770599999999 38.723295,-90.330219 38.724298,-90.330794 38.724288,-90.332105 38.724283,-90.33554699999999 38.724293,-90.33825399999999 38.724292,-90.338495 38.724293
0	1	42	43	0	0	0	0	0.0	7.7	0.0	0	0	Right	5	869.7	877.4	-90.338495 38.724293,-90.338494 38.724595,-90.338494 38.72472
0	2	43	44	1	1	82	100	0.0	20.1	44.1	1	0	Straight	0	877.4	921.5	-90.338494 38.72472,-90.338489 38.725507,-90.338478 38.726385
0	3	44	45	0	1	41	50	0.0	3.7	15.7	1	0	Straight	0	921.5	937.2	-90.338478 38.726385,-90.338478 38.726419,-90.338482 38.726501999999996,-90.33849599999999 38.726562,-90.33852 38.726612,-90.33856399999999 38.726661
0	4	45	7	1	1	410	500	0.0	46.4	166.4	1	0	Straight	0	937.2	1103.6	-90.33856399999999 38.726661,-90.3386 38.72669,-90.338652 38.726715999999996,-90.33871599999999 38.726733,-90.338815 38.726741,-90.34056 38.726733,-90.34142899999999 38.726729
0	5	7	46	1	0	0	0	0.0	4.1	0.0	0	0	Straight	0	1103.6	1107.7	-90.34142899999999 38.726729,-90.341684 38.726728
0	6	46	41	0	1	82	100	0.0	16.2	40.2	1	0	Left	20	1107.7	1147.9	-90.341684 38.726728,-90.341675 38.725469
0	7	41	46	0	1	41	50	0.0	12.9	24.9	1	0	U	120	1147.9	1172.8	-90.341675 38.725469,-90.341684 38.726728
0	8	46	67	1	1	82	100	0.0	5.7	29.7	1	0	Right	5	1172.8	1202.5	-90.34169 38.727323,-90.341684 38.726728
0	9	67	47	1	1	205	250	0.0	12.6	72.6	1	0	U	120	1202.5	1275.1	-90.34169 38.727323,-90.341685 38.728646
0	10	47	52	0	1	164	200	0.0	10.3	58.3	1	0	Straight	0	1275.1	1333.4	-90.341685 38.728646,-90.341685 38.72882,-90.341686 38.729031,-90.341675 38.729155,-90.341651 38.729269,-90.34161399999999 38.729381,-90.341563 38.729487999999996,-90.3415 38.729596,-90.341443 38.729677,-90.341388 38.729743
0	11	52	47	0	1	82	100	0.0	10.7	34.7	1	0	U	120	1333.4	1368.1	-90.341388 38.729743,-90.341443 38.729677,-90.3415 38.729596,-90.341563 38.729487999999996,-90.34161399999999 38.729381,-90.341651 38.729269,-90.341675 38.729155,-90.341686 38.729031,-90.341685 38.72882,-90.341685 38.728646
0	12	47	53	1	1	943	1150	0.0	69.9	345.9	1	0	Right	5	1368.1	1714.0	-90.344369 38.731303,-90.342928 38.72901,-90.342861 38.728925,-90.342794 38.728858,-90.342717 38.7288,-90.342627 38.728747,-90.342522 38.728704,-90.342406 38.72867,-90.342299 38.728651,-90.342198 38.728646,-90.341685 38.728646
0	13	53	48	1	1	738	900	0.0	54.5	270.5	1	0	Left	20	1714.0	1984.5	-90.345991 38.733939,-90.345976 38.733882,-90.345941 38.733796,-90.344369 38.731303
0	14	48	14	1	1	41	50	0.0	9.3	21.3	1	0	U	120	1984.5	2005.8	-90.345991 38.733939,-90.345997 38.733965,-90.346007 38.734046,-90.346012 38.734303,-90.346012 38.734449
0	15	14	58	1	1	164	200	0.0	11.6	59.6	0	0	Right	5	2005.8	2017.4	-90.347095 38.734446,-90.346012 38.734449
0	16	58	59	0	1	82	100	0.0	24.9	48.9	1	0	U	120	2017.4	2066.3	-90.347095 38.734446,-90.35018699999999 38.734431
0	17	59	23	0	1	41	50	0.0	11.6	23.6	1	0	Right	5	2066.3	2089.9	-90.35018699999999 38.734431,-90.35018699999999 38.735236,-90.350186 38.735713
0	18	23	59	0	1	82	100	0.0	11.9	35.9	1	0	U	120	2089.9	2125.8	-90.350186 38.735713,-90.35018699999999 38.735236,-90.35018699999999 38.734431
0	19	59	58	0	1	82	100	0.0	25.4	49.4	1	0	Left	20	2125.8	2175.2	-90.35018699999999 38.734431,-90.347095 38.734446
0	20	58	14	1	1	164	200	0.0	11.6	59.6	1	0	Straight	0	2175.2	2234.8	-90.346012 38.734449,-90.347095 38.734446
0	21	14	55	1	1	164	200	0.0	20.9	68.9	1	0	U	120	2234.8	2303.7	-90.346012 38.734449,-90.345542 38.734454,-90.34535 38.734454,-90.345095 38.734452,-90.344976 38.734439,-90.344884 38.734418,-90.344786 38.734382,-90.34473 38.734356
0	22	55	54	1	1	615	750	0.0	51.9	231.9	1	0	Straight	0	2303.7	2535.6	-90.34473 38.734356,-90.344644 38.734317,-90.34456 38.734265,-90.34449599999999 38.734211,-90.34443399999999 38.734142,-90.344376 38.734057,-90.343971 38.733425,-90.34313999999999 38.732114,-90.343037 38.731948
0	23	54	6	0	1	287	350	0.0	22.7	106.7	1	0	Straight	0	2535.6	2642.3	-90.343037 38.731948,-90.342559 38.731179,-90.342133 38.730497,-90.34202499999999 38.730333,-90.34194099999999 38.730215,-90.34186 38.73012,-90.341776 38.73004,-90.34158 38.72989
0	24	6	54	0	1	410	500	0.0	22.2	142.2	1	0	U	120	2642.3	2784.5	-90.34158 38.72989,-90.341776 38.73004,-90.34186 38.73012,-90.34194099999999 38.730215,-90.34202499999999 38.730333,-90.342133 38.730497,-90.342559 38.731179,-90.343037 38.731948
0	25	54	6	0	1	287	350	0.0	22.7	106.7	0	0	U	120	2784.5	2807.2	-90.343037 38.731948,-90.342559 38.731179,-90.342133 38.730497,-90.34202499999999 38.730333,-90.34194099999999 38.730215,-90.34186 38.73012,-90.341776 38.73004,-90.34158 38.72989
0	26	6	52	1	0	0	0	0.0	3.9	0.0	0	0	Straight	0	2807.2	2811.1	-90.341388 38.729743,-90.34158 38.72989
0	27	52	56	1	1	1353	1650	0.0	76.4	472.4	1	0	U	120	2811.1	3283.5	-90.341388 38.729743,-90.341342 38.729788,-90.341231 38.729881,-90.34112 38.72996,-90.340996 38.730032,-90.340251 38.730398,-90.339969 38.730546,-90.33976 38.73066,-90.339636 38.73074,-90.339547 38.730809,-90.33945899999999 38.730891,-90.339365 38.730997,-90.339282 38.731111,-90.339213 38.731224,-90.339159 38.731338,-90.339118 38.731452,-90.33909 38.731564,-90.339075 38.731687,-90.339068 38.732014,-90.33906999999999 38.732653,-90.339072 38.732842,-90.33906999999999 38.734865
0	28	56	57	1	1	41	50	0.0	12.2	24.2	1	0	Straight	0	3283.5	3307.7	-90.339241 38.73581,-90.339198 38.735761,-90.33918 38.735736,-90.33915999999999 38.735705,-90.33914399999999 38.735679,-90.339131 38.735652,-90.339119 38.735625,-90.339107 38.73559,-90.339097 38.73556,-90.339089 38.735533,-90.33908199999999 38.735502,-90.33907599999999 38.73547,-90.339072 38.735428,-90.33906999999999 38.734865
0	29	57	66	1	0	0	0	0.0	353.7	0.0	0	0	U	120	3307.7	3661.4	-90.339241 38.73581,-90.339829 38.736317,-90.33990899999999 38.736367,-90.340093 38.736444,-90.3403 38.736484,-90.34076 38.736472,-90.340879 38.736489999999996,-90.341841 38.736804,-90.342174 38.736957,-90.342287 38.736995,-90.342519 38.737019,-90.34295399999999 38.73701,-90.343035 38.737019,-90.343104 38.737047,-90.343156 38.737094,-90.343186 38.737156,-90.34320699999999 38.73804,-90.343344 38.7386,-90.343349 38.738713,-90.34332599999999 38.738822,-90.34321299999999 38.739017,-90.343102 38.739206,-90.34306699999999 38.739307,-90.343052 38.739633,-90.34304999999999 38.741414999999996,-90.34306099999999 38.741490999999996,-90.343094 38.741552999999996,-90.343147 38.741597999999996,-90.343217 38.741623,-90.34338799999999 38.741632,-90.345663 38.741618,-90.345939 38.741628999999996,-90.346204 38.74168,-90.346447 38.741778,-90.34666 38.741914,-90.346834 38.742081,-90.346968 38.742268,-90.347056 38.742472,-90.347099 38.74269,-90.347095 38.743466,-90.347151 38.743677,-90.347273 38.743868,-90.347624 38.744187
0	30	66	63	1	1	205	250	0.0	28.2	88.2	1	0	Straight	0	3661.4	3749.6	-90.347624 38.744187,-90.348351 38.744836,-90.34839099999999 38.744884,-90.348482 38.745017
0	31	63	9	1	1	246	300	0.0	83.2	155.2	1	0	Straight	0	3749.6	3904.8	-90.349538 38.74804,-90.349475 38.748024,-90.349428 38.748008999999996,-90.349367 38.747986,-90.349319 38.747961,-90.349278 38.747932,-90.349227 38.747889,-90.34917899999999 38.747841,-90.349073 38.747713,-90.34898 38.747587,-90.348907 38.747481,-90.348816 38.747327,-90.34877 38.747226,-90.34874599999999 38.747154,-90.34863299999999 38.746677,-90.348545 38.746268,-90.348534 38.746173,-90.348542 38.746069,-90.34855499999999 38.745351,-90.348535 38.745173,-90.348502 38.745062,-90.348482 38.745017
0	32	9	10	1	0	0	0	0.0	6.7	0.0	0	0	U	120	3904.8	3911.5	-90.34983799999999 38.748062,-90.349772 38.748064,-90.349704 38.748061,-90.349538 38.74804
0	33	10	2	1	0	0	0	0.0	134.6	0.0	0	0	U	120	3911.5	4046.1	-90.34983799999999 38.748062,-90.350002 38.748048,-90.350185 38.748022999999996,-90.35028299999999 38.748001,-90.350578 38.747944,-90.35077799999999 38.747917,-90.350956 38.747903,-90.351128 38.747891,-90.351435 38.747877,-90.352028 38.747866,-90.353379 38.74786,-90.35358 38.747851,-90.353689 38.747838,-90.35377199999999 38.747825,-90.353909 38.747793,-90.354056 38.747754,-90.355629 38.747317,-90.355705 38.747295,-90.355813 38.747267
0	34	2	75	1	0	0	0	0.0	8.7	0.0	0	0	Straight	0	4046.1	4054.8	-90.356317 38.747218,-90.35628 38.74721,-90.35622 38.747202,-90.356189 38.747201,-90.356116 38.747205,-90.35602399999999 38.747218,-90.355892 38.747247,-90.355813 38.747267
0	35	75	69	1	0	0	0	0.0	55.3	0.0	0	0	U	120	4054.8	4110.1	-90.35937299999999 38.748266,-90.358915 38.748181,-90.35876999999999 38.748142,-90.35708699999999 38.74747,-90.356453 38.747253,-90.356317 38.747218
0	36	69	71	1	0	0	0	0.0	93.3	0.0	0	0	U	120	4110.1	4203.4	-90.364893 38.748346,-90.363734 38.748429,-90.36273 38.74848,-90.362426 38.748488,-90.36028499999999 38.748379,-90.360025 38.748356,-90.35937299999999 38.748266
0	37	71	68	1	0	0	0	0.0	85.2	0.0	0	0	U	120	4203.4	4288.6	-90.368522 38.747198,-90.36852999999999 38.747236,-90.36852999999999 38.74729,-90.368467 38.747409,-90.368296 38.747616,-90.368208 38.747696,-90.36806 38.747763,-90.367558 38.747817,-90.367318 38.747881,-90.366811 38.748065,-90.36669499999999 38.748111,-90.366596 38.748132,-90.36634 38.748147,-90.36568799999999 38.748183,-90.365246 38.748306,-90.365112 38.748337,-90.364893 38.748346
0	38	68	70	1	0	0	0	0.0	5.5	0.0	0	0	U	120	4288.6	4294.1	-90.368363 38.747008,-90.368522 38.747198
0	39	70	72	1	0	0	0	0.0	126.2	0.0	0	0	U	120	4294.1	4420.3	-90.368363 38.747008,-90.36831099999999 38.746959,-90.368248 38.746921,-90.368203 38.746902999999996,-90.368152 38.746878,-90.36793999999999 38.746763,-90.367626 38.746485,-90.36738799999999 38.746316,-90.36696599999999 38.745915,-90.36664 38.745526,-90.366571 38.745413,-90.366512 38.74528,-90.366355 38.744977,-90.364719 38.74279
0	40	72	73	1	0	0	0	0.0	52.0	0.0	0	0	Straight	0	4420.3	4472.3	-90.364288 38.740695,-90.364362 38.740757,-90.364389 38.740804,-90.364447 38.741166,-90.364451 38.741284,-90.36442 38.742314,-90.364429 38.742381,-90.364447 38.742452,-90.364496 38.742535,-90.364719 38.74279
0	41	73	74	1	1	41	50	0.0	175.4	187.4	1	0	U	120	4472.3	4659.7	-90.356352 38.739336,-90.356458 38.739389,-90.356751 38.739579,-90.357719 38.74015,-90.35810099999999 38.74035,-90.358267 38.740428,-90.358494 38.740538,-90.358801 38.740651,-90.359064 38.740725,-90.359192 38.740759,-90.359477 38.740804,-90.359843 38.740838,-90.360111 38.740838,-90.360457 38.740819,-90.36093199999999 38.740764,-90.361524 38.740666,-90.361976 38.740592,-90.362467 38.740523,-90.362763 38.740504,-90.36313799999999 38.740508,-90.363473 38.740548,-90.364042 38.740631,-90.364288 38.740695
0	42	74	1	1	0	0	0	0.0	8.3	0.0	0	0	U	120	4659.7	4668.0	-90.355961 38.739276,-90.355998 38.73928,-90.35615899999999 38.739296,-90.356188 38.739299,-90.356218 38.739304,-90.356247 38.739308,-90.35628799999999 38.739318,-90.356352 38.739336
0	43	1	61	1	0	0	0	0.0	4.0	0.0	0	0	U	120	4668.0	4672.0	-90.35577599999999 38.739232,-90.35580399999999 38.739245,-90.35583199999999 38.739255,-90.35585999999999 38.739262,-90.355886 38.739266,-90.355915 38.73927,-90.355955 38.739275,-90.355961 38.739276
0	44	61	5	1	1	82	100	0.0	5.6	29.6	1	0	U	120	4672.0	4701.6	-90.355583 38.739087,-90.355656 38.739144,-90.355704 38.739181,-90.35574 38.739208,-90.35577599999999 38.739232
0	45	5	62	1	1	246	300	0.0	34.8	106.8	1	0	U	120	4701.6	4808.4	-90.354463 38.738106,-90.35482499999999 38.738425,-90.355242 38.738791,-90.355464 38.738987,-90.355583 38.739087
0	46	62	24	1	1	779	950	0.0	76.7	304.7	1	0	U	120	4808.4	5113.1	-90.354463 38.738106,-90.353606 38.737343,-90.353358 38.737134,-90.35327699999999 38.737071,-90.353212 38.737035999999996,-90.35313 38.737006,-90.353044 38.736986,-90.35296699999999 38.736979,-90.352822 38.736976,-90.351899 38.736979,-90.350191 38.736982
0	47	24	23	0	1	82	100	0.0	11.5	35.5	1	0	Right	5	5113.1	5148.6	-90.350191 38.736982,-90.350186 38.735713
0	48	23	24	0	1	123	150	0.0	12.1	48.1	1	0	U	120	5148.6	5196.7	-90.350186 38.735713,-90.350191 38.736982
0	49	24	60	1	1	205	250	0.0	37.4	97.4	1	0	Right	5	5196.7	5294.1	-90.350191 38.736982,-90.348499 38.736987
0	50	60	24	1	1	205	250	0.0	37.4	97.4	0	0	U	120	5294.1	5331.5	-90.348499 38.736987,-90.350191 38.736982
0	51	24	26	1	1	943	1150	0.0	36.4	312.4	1	0	Right	5	5331.5	5643.9	-90.350191 38.736982,-90.35019799999999 38.737169,-90.350199 38.737204,-90.350202 38.737242,-90.350206 38.737276,-90.350212 38.737308999999996,-90.35022 38.737341,-90.35023199999999 38.737375,-90.350245 38.737409,-90.350259 38.737441,-90.350276 38.737474,-90.350295 38.737503,-90.35031599999999 38.737536,-90.350342 38.737569,-90.35036699999999 38.737604,-90.350399 38.737643,-90.350576 38.737862,-90.351115 38.738551,-90.351247 38.738716,-90.35141 38.738924,-90.35151499999999 38.739064,-90.35165599999999 38.739241,-90.351832 38.739465,-90.351933 38.739595,-90.352006 38.739686999999996,-90.352034 38.739727,-90.35206099999999 38.739771,-90.352086 38.739818,-90.352102 38.739852,-90.35212 38.739899,-90.352132 38.739935,-90.35213999999999 38.739967,-90.352144 38.740004,-90.35214599999999 38.740034,-90.352152 38.740484
0	52	26	27	0	1	246	300	0.0	24.0	96.0	1	0	Straight	0	5643.9	5739.9	-90.352152 38.740484,-90.352156 38.740938,-90.352158 38.741935,-90.352166 38.743066999999996
0	53	27	28	1	1	287	350	0.0	34.2	118.2	1	0	Left	20	5739.9	5858.1	-90.354291 38.74308,-90.354265 38.743073,-90.354199 38.743062,-90.35334399999999 38.743062,-90.352487 38.743066,-90.352166 38.743066999999996
0	54	28	29	1	1	492	600	0.0	32.0	176.0	1	0	U	120	5858.1	6034.1	-90.354291 38.74308,-90.354331 38.743094,-90.354392 38.743126,-90.354447 38.743166,-90.35449 38.743216,-90.35452099999999 38.743272,-90.354539 38.743325999999996,-90.35455 38.743398,-90.354548 38.743495,-90.354557 38.744037999999996,-90.354558 38.744421,-90.354552 38.744539,-90.354536 38.744617,-90.354511 38.744677,-90.354477 38.744734
0	55	29	31	1	1	533	650	0.0	37.9	193.9	1	0	Straight	0	6034.1	6228.0	-90.354477 38.744734,-90.35443599999999 38.744777,-90.354385 38.744813,-90.35431799999999 38.744844,-90.354248 38.744865,-90.354173 38.744873,-90.35414399999999 38.744874,-90.352171 38.744879
0	56	31	30	1	1	656	800	0.0	62.7	254.7	0	0	Straight	0	6228.0	6290.7	-90.352171 38.744879,-90.3513 38.744879,-90.351199 38.744879,-90.35110399999999 38.744867,-90.35102599999999 38.744845,-90.350945 38.744807,-90.350865 38.744757,-90.350787 38.744697,-90.35013599999999 38.744059,-90.34984899999999 38.743783
0	57	30	31	1	1	656	800	0.0	62.7	254.7	1	0	U	120	6290.7	6545.4	-90.34984899999999 38.743783,-90.35013599999999 38.744059,-90.350787 38.744697,-90.350865 38.744757,-90.350945 38.744807,-90.35102599999999 38.744845,-90.35110399999999 38.744867,-90.351199 38.744879,-90.3513 38.744879,-90.352171 38.744879
0	58	31	27	1	1	246	300	0.0	32.9	104.9	1	0	Left	20	6545.4	6650.3	-90.352171 38.744879,-90.352166 38.743066999999996
0	59	27	26	0	1	287	350	0.0	23.4	107.4	1	0	Straight	0	6650.3	6757.7	-90.352166 38.743066999999996,-90.352158 38.741935,-90.352156 38.740938,-90.352152 38.740484
0	60	26	25	1	1	123	150	0.0	28.7	64.7	0	0	Left	20	6757.7	6786.4	-90.350878 38.7406,-90.350914 38.740578,-90.351008 38.740539,-90.351106 38.74051,-90.35121099999999 38.740493,-90.351354 38.740485,-90.351546 38.740487,-90.352152 38.740484
0	61	25	26	1	1	123	150	0.0	28.7	64.7	1	0	U	120	6786.4	6851.1	-90.352152 38.740484,-90.351546 38.740487,-90.351354 38.740485,-90.35121099999999 38.740493,-90.351106 38.74051,-90.351008 38.740539,-90.350914 38.740578,-90.350878 38.7406
0	62	26	24	1	1	943	1150	0.0	36.4	312.4	0	0	U	120	6851.1	6887.5	-90.352152 38.740484,-90.35214599999999 38.740034,-90.352144 38.740004,-90.35213999999999 38.739967,-90.352132 38.739935,-90.35212 38.739899,-90.352102 38.739852,-90.352086 38.739818,-90.35206099999999 38.739771,-90.352034 38.739727,-90.352006 38.739686999999996,-90.351933 38.739595,-90.351832 38.739465,-90.35165599999999 38.739241,-90.35151499999999 38.739064,-90.35141 38.738924,-90.351247 38.738716,-90.351115 38.738551,-90.350576 38.737862,-90.350399 38.737643,-90.35036699999999 38.737604,-90.350342 38.737569,-90.35031599999999 38.737536,-90.350295 38.737503,-90.350276 38.737474,-90.350259 38.737441,-90.350245 38.737409,-90.35023199999999 38.737375,-90.35022 38.737341,-90.350212 38.737308999999996,-90.350206 38.737276,-90.350202 38.737242,-90.350199 38.737204,-90.35019799999999 38.737169,-90.350191 38.736982
0	63	24	62	1	1	779	950	0.0	76.7	304.7	0	0	Right	5	6887.5	6964.2	-90.350191 38.736982,-90.351899 38.736979,-90.352822 38.736976,-90.35296699999999 38.736979,-90.353044 38.736986,-90.35313 38.737006,-90.353212 38.737035999999996,-90.35327699999999 38.737071,-90.353358 38.737134,-90.353606 38.737343,-90.354463 38.738106
0	64	62	15	1	1	943	1150	0.0	70.3	346.3	1	0	U	120	6964.2	7310.5	-90.35314699999999 38.735705,-90.354216 38.735703,-90.354244 38.735701999999996,-90.354384 38.735706,-90.354429 38.735704,-90.354513 38.735704,-90.354576 38.735713,-90.35464 38.735735,-90.354696 38.735765,-90.354739 38.735803,-90.35477999999999 38.735852,-90.354799 38.73589,-90.354811 38.735931,-90.35481399999999 38.735973,-90.354816 38.736042,-90.354815 38.736778,-90.354815 38.736906,-90.354817 38.73756,-90.354815 38.737691,-90.35480199999999 38.737747999999996,-90.354771 38.737817,-90.35475 38.737846,-90.35469499999999 38.737912,-90.35462799999999 38.737972,-90.354463 38.738106
0	65	15	23	1	1	492	600	0.0	47.6	191.6	1	0	Right	5	7310.5	7502.1	-90.350186 38.735713,-90.35097999999999 38.735713,-90.35314699999999 38.735705
0	66	23	59	0	1	82	100	0.0	11.9	35.9	0	0	U	120	7502.1	7514.0	-90.350186 38.735713,-90.35018699999999 38.735236,-90.35018699999999 38.734431
0	67	59	17	0	1	164	200	0.0	16.6	64.6	1	0	Straight	0	7514.0	7578.6	-90.35018699999999 38.734431,-90.350184 38.733565,-90.350177 38.732646
0	68	17	33	0	1	738	900	0.0	52.1	268.1	1	0	Straight	0	7578.6	7846.7	-90.350177 38.732646,-90.350171 38.731726,-90.35016999999999 38.729326,-90.350168 38.729197,-90.350156 38.729093999999996,-90.350132 38.728998,-90.350094 38.728901,-90.350042 38.728809,-90.34971 38.728377,-90.349668 38.728319,-90.349625 38.728279,-90.349571 38.728246,-90.34951 38.728221,-90.349442 38.728212,-90.349367 38.728219,-90.349295 38.72824,-90.349228 38.728274,-90.348423 38.728761
0	69	33	34	0	1	164	200	0.0	20.8	68.8	1	0	Straight	0	7846.7	7915.5	-90.348423 38.728761,-90.347696 38.729198,-90.347641 38.729235,-90.347464 38.729339,-90.347394 38.729364,-90.347331 38.729375,-90.34727 38.729376,-90.347211 38.729364,-90.347152 38.729333,-90.347101 38.729292,-90.347034 38.729219,-90.34696699999999 38.729136,-90.346826 38.728948,-90.346665 38.728738,-90.34651099999999 38.728538
0	70	34	33	0	1	328	400	0.0	22.9	118.9	1	0	U	120	7915.5	8034.4	-90.34651099999999 38.728538,-90.346665 38.728738,-90.346826 38.728948,-90.34696699999999 38.729136,-90.347034 38.729219,-90.347101 38.729292,-90.347152 38.729333,-90.347211 38.729364,-90.34727 38.729376,-90.347331 38.729375,-90.347394 38.729364,-90.347464 38.729339,-90.347641 38.729235,-90.347696 38.729198,-90.348423 38.728761
0	71	33	17	0	1	697	850	0.0	55.9	259.9	1	0	Straight	0	8034.4	8294.3	-90.348423 38.728761,-90.349228 38.728274,-90.349295 38.72824,-90.349367 38.728219,-90.349442 38.728212,-90.34951 38.728221,-90.349571 38.728246,-90.349625 38.728279,-90.349668 38.728319,-90.34971 38.728377,-90.350042 38.728809,-90.350094 38.728901,-90.350132 38.728998,-90.350156 38.729093999999996,-90.350168 38.729197,-90.35016999999999 38.729326,-90.350171 38.731726,-90.350177 38.732646
0	72	17	59	0	1	164	200	0.0	16.2	64.2	1	0	Straight	0	8294.3	8358.5	-90.350177 38.732646,-90.350184 38.733565,-90.35018699999999 38.734431
0	73	59	17	0	1	164	200	0.0	16.6	64.6	0	0	U	120	8358.5	8375.1	-90.35018699999999 38.734431,-90.350184 38.733565,-90.350177 38.732646
0	74	17	16	1	1	738	900	0.0	96.8	312.8	0	0	Left	20	8375.1	8471.9	-90.35455499999999 38.732639999999996,-90.350177 38.732646
0	75	16	78	1	1	328	400	0.0	32.6	128.6	1	0	U	120	8471.9	8600.5	-90.35455499999999 38.732639999999996,-90.35466199999999 38.732633,-90.35479099999999 38.732609,-90.354858 38.73259,-90.35497099999999 38.732566,-90.35521 38.73252,-90.35523599999999 38.732508,-90.355265 38.732497,-90.355334 38.732469,-90.355375 38.73245,-90.35541599999999 38.732438,-90.35547199999999 38.732439,-90.355538 38.732434,-90.35578199999999 38.732465,-90.355856 38.732478,-90.355903 38.732491,-90.355985 38.732508
0	76	78	16	1	1	328	400	0.0	32.6	128.6	0	0	U	120	8600.5	8633.1	-90.355985 38.732508,-90.355903 38.732491,-90.355856 38.732478,-90.35578199999999 38.732465,-90.355538 38.732434,-90.35547199999999 38.732439,-90.35541599999999 38.732438,-90.355375 38.73245,-90.355334 38.732469,-90.355265 38.732497,-90.35523599999999 38.732508,-90.35521 38.73252,-90.35497099999999 38.732566,-90.354858 38.73259,-90.35479099999999 38.732609,-90.35466199999999 38.732633,-90.35455499999999 38.732639999999996
0	77	16	17	1	1	738	900	0.0	96.8	312.8	1	0	Straight	0	8633.1	8945.9	-90.350177 38.732646,-90.35455499999999 38.732639999999996
0	78	17	33	0	1	738	900	0.0	52.1	268.1	0	0	U	120	8945.9	8998.0	-90.350177 38.732646,-90.350171 38.731726,-90.35016999999999 38.729326,-90.350168 38.729197,-90.350156 38.729093999999996,-90.350132 38.728998,-90.350094 38.728901,-90.350042 38.728809,-90.34971 38.728377,-90.349668 38.728319,-90.349625 38.728279,-90.349571 38.728246,-90.34951 38.728221,-90.349442 38.728212,-90.349367 38.728219,-90.349295 38.72824,-90.349228 38.728274,-90.348423 38.728761
0	79	33	35	1	1	984	1200	0.0	84.7	372.7	1	0	Right	5	8998.0	9370.7	-90.345004 38.726573,-90.345911 38.726017,-90.34595 38.725995,-90.34601099999999 38.725972,-90.346073 38.725961,-90.346133 38.725959,-90.34619099999999 38.725972,-90.346245 38.725997,-90.346299 38.726036,-90.34635399999999 38.726092,-90.346426 38.726183,-90.347807 38.727982,-90.34830099999999 38.728628,-90.348393 38.728735,-90.348423 38.728761
0	80	35	34	1	1	615	750	0.0	22.0	202.0	1	0	U	120	9370.7	9572.7	-90.34651099999999 38.728538,-90.34555999999999 38.727309,-90.345004 38.726573
0	81	34	35	1	1	615	750	0.0	22.0	202.0	0	0	U	120	9572.7	9594.7	-90.345004 38.726573,-90.34555999999999 38.727309,-90.34651099999999 38.728538
0	82	35	40	0	1	82	100	0.0	21.3	45.3	1	0	U	120	9594.7	9640.0	-90.345004 38.726573,-90.34381499999999 38.725031
0	83	40	41	1	1	246	300	0.0	19.1	91.1	1	0	Left	20	9640.0	9731.1	-90.34381499999999 38.725031,-90.34357299999999 38.725176,-90.343244 38.725358,-90.34317399999999 38.72539,-90.343119 38.72541,-90.34306 38.725426999999996,-90.343 38.725439,-90.342935 38.725449,-90.342879 38.725455,-90.342514 38.725465,-90.341675 38.725469
0	84	41	42	1	1	656	800	0.0	35.7	227.7	1	0	Straight	0	9731.1	9958.8	-90.338495 38.724293,-90.340121 38.724295,-90.340189 38.7243,-90.340256 38.724316,-90.340313 38.724344,-90.34035899999999 38.724383,-90.340398 38.724426,-90.340422 38.724474,-90.34043299999999 38.724517999999996,-90.340441 38.724601,-90.340445 38.724816,-90.340437 38.725044,-90.340436 38.725198999999996,-90.340446 38.725257,-90.34046099999999 38.725308,-90.34048899999999 38.725355,-90.340533 38.725395,-90.340588 38.725429,-90.340654 38.725454,-90.340763 38.725469,-90.341527 38.725468,-90.341675 38.725469
0	85	42	81	0	0	0	0	0.0	1644.9	0.0	0	0	U	120	9958.8	11603.7	-90.338495 38.724293,-90.33825399999999 38.724292,-90.33554699999999 38.724293,-90.332105 38.724283,-90.330794 38.724288,-90.330219 38.724298,-90.32770599999999 38.723295,-90.327241 38.723052,-90.326561 38.722394,-90.326 38.721659,-90.325413 38.720909999999996,-90.32488599999999 38.720208,-90.32485 38.72016,-90.323159 38.718915,-90.321806 38.716302,-90.320379 38.714497,-90.319964 38.713966,-90.319577 38.713494,-90.31808699999999 38.711568,-90.317926 38.711379,-90.316735 38.709806,-90.313396 38.70551,-90.313159 38.705188,-90.310515 38.701762,-90.309591 38.700556999999996,-90.30951999999999 38.700381,-90.30932299999999 38.700131999999996,-90.30897399999999 38.699867,-90.308702 38.69972,-90.308396 38.69959,-90.307752 38.699463,-90.307501 38.699437,-90.30666699999999 38.699417,-90.306288 38.699428,-90.305621 38.699411,-90.302317 38.697363,-90.302081 38.697071,-90.301867 38.696833,-90.301022 38.696258,-90.300622 38.696118,-90.300353 38.696019,-90.2986 38.695195,-90.298085 38.694414,-90.297724 38.693708,-90.29693999999999 38.692168,-90.296666 38.691447,-90.29665899999999 38.691394,-90.29663 38.691183,-90.29660799999999 38.691045,-90.296595 38.690916,-90.296565 38.690709,-90.296554 38.690554999999996,-90.29654099999999 38.690352,-90.29650099999999 38.689676999999996,-90.296408 38.688768,-90.296337 38.68825,-90.296307 38.688055,-90.296228 38.687626,-90.295819 38.685884,-90.295783 38.685761,-90.295602 38.685112,-90.295323 38.684159,-90.295187 38.683671,-90.29509999999999 38.683338,-90.2949 38.682494,-90.294859 38.682308,-90.294774 38.681918,-90.29469 38.681534,-90.294632 38.681274,-90.29458199999999 38.681049,-90.294536 38.680841,-90.29447499999999 38.680566,-90.294455 38.680485,-90.294363 38.680185,-90.29432 38.680048,-90.29418799999999 38.679634,-90.294127 38.679452,-90.293768 38.678439,-90.292733 38.676643,-90.29257 38.676494,-90.292403 38.676358,-90.29219499999999 38.676213,-90.291713 38.675916,-90.291536 38.675802,-90.28971899999999 38.674656999999996,-90.289397 38.674428,-90.288797 38.674001,-90.288488 38.672764,-90.288743 38.672402,-90.2888 38.672326,-90.289992 38.670773,-90.291339 38.669682,-90.291766 38.669252,-90.29202599999999 38.669067,-90.292143 38.668984,-90.292761 38.668535,-90.293365 38.668092,-90.29759899999999 38.664998,-90.29780099999999 38.66485,-90.29852199999999 38.66432,-90.301312 38.662271,-90.309546 38.656264,-90.311386 38.65491,-90.311604 38.654737,-90.311853 38.654551,-90.314178 38.652882,-90.314767 38.652416,-90.315206 38.652077,-90.31530099999999 38.652,-90.318395 38.649817999999996,-90.318591 38.649668,-90.318702 38.649586,-90.318804 38.64951,-90.319118 38.649274,-90.322172 38.647082,-90.325439 38.644841,-90.330218 38.641343,-90.33456199999999 38.638261,-90.339102 38.637036,-90.339461 38.637082,-90.340255 38.637069,-90.34211499999999 38.637408,-90.340572 38.638517,-90.340255 38.637069,-90.340254 38.637029,-90.340255 38.636741,-90.340254 38.63647,-90.340255 38.635743,-90.340256 38.634974,-90.340251 38.634611,-90.34026399999999 38.63276,-90.340274 38.631414,-90.340272 38.631251999999996,-90.340278 38.630857,-90.34026899999999 38.630514,-90.34025799999999 38.630128,-90.340256 38.629781,-90.340254 38.629585999999996,-90.340253 38.629398,-90.340256 38.629235,-90.34024699999999 38.628321,-90.340243 38.62593,-90.340238 38.625286,-90.340237 38.625039,-90.340035 38.622557,-90.33993 38.622225,-90.339322 38.620777,-90.33921699999999 38.620595,-90.336625 38.617715,-90.336062 38.617183,-90.322733 38.610254,-90.322069 38.610036,-90.32160499999999 38.609884,-90.321361 38.609809,-90.319925 38.609328,-90.316327 38.608162,-90.316075 38.608078,-90.315405 38.607863,-90.311602 38.606621,-90.310749 38.606298,-90.306707 38.603155,-90.305866 38.60234,-90.304175 38.601007,-90.302089 38.599849999999996,-90.298598 38.598743,-90.29849 38.59872,-90.293904 38.598086,-90.292322 38.597867,-90.291782 38.597794,-90.289101 38.597435,-90.288369 38.597337,-90.282575 38.596558,-90.282465 38.596543,-90.282197 38.596508,-90.281893 38.596468,-90.27702 38.596272,-90.275719 38.596271,-90.275447 38.596274,-90.275037 38.596273,-90.268778 38.596273,-90.267325 38.596278,-90.265847 38.596277,-90.264957 38.596275,-90.26474 38.596274,-90.263896 38.596276,-90.262259 38.596278,-90.257857 38.596128,-90.25712 38.596,-90.257003 38.595977,-90.256868 38.595946,-90.254404 38.595284,-90.252482 38.594786,-90.251987 38.594704,-90.251509 38.594635,-90.250704 38.594561999999996,-90.249467 38.594498,-90.24898 38.594482,-90.24874799999999 38.594477,-90.248183 38.594469,-90.237076 38.595124,-90.236598 38.595166,-90.236046 38.595224,-90.235227 38.59531,-90.234916 38.595339,-90.23453599999999 38.595379,-90.233988 38.595438,-90.233395 38.595498,-90.232781 38.595552,-90.232364 38.595596,-90.231667 38.59567,-90.231078 38.595745,-90.230878 38.59577,-90.230581 38.595807,-90.224636 38.596292,-90.22411 38.596303,-90.223941 38.596311,-90.22376 38.596315,-90.219477 38.596405,-90.216005 38.596452,-90.215654 38.59646,-90.21412699999999 38.596485,-90.21010199999999 38.597128,-90.209301 38.597452,-90.208462 38.597792,-90.20801999999999 38.597973,-90.201987 38.60043,-90.201937 38.600451,-90.201837 38.600491,-90.20174399999999 38.600528,-90.201675 38.600556,-90.201481 38.600635,-90.20119 38.600755,-90.200758 38.600927,-90.197322 38.602331,-90.196134 38.602815,-90.195275 38.603164,-90.195086 38.603241,-90.19259 38.604231999999996,-90.191594 38.60462,-90.191202 38.604763,-90.189447 38.605386,-90.18639499999999 38.606391,-90.183919 38.607118,-90.18272999999999 38.60743,-90.178545 38.608384,-90.17593099999999 38.608867,-90.173045 38.609287,-90.172168 38.609382,-90.165458 38.609895,-90.164519 38.609837,-90.163881 38.609853,-90.162211 38.609942,-90.16185999999999 38.609958999999996,-90.161367 38.609993,-90.15328099999999 38.610301,-90.153189 38.610299,-90.152665 38.610295,-90.147942 38.609826,-90.14745599999999 38.609723,-90.14314 38.609618,-90.142825 38.609656,-90.142624 38.60968,-90.141922 38.60977,-90.141931 38.609915,-90.141943 38.610298,-90.141942 38.61059,-90.141938 38.610839,-90.141941 38.611045,-90.141953 38.611442,-90.141959 38.611727,-90.141964 38.611993,-90.141958 38.612445,-90.14195699999999 38.612629,-90.141448 38.612633,-90.14094 38.612636,-90.14052699999999 38.612637,-90.140314 38.612639
1	0	81	42	0	0	0	0	0.0	1647.3	0.0	0	1800		0	13403.7	15051.0	-90.140314 38.612639,-90.14052699999999 38.612637,-90.14094 38.612636,-90.141448 38.612633,-90.14195699999999 38.612629,-90.141958 38.612445,-90.141964 38.611993,-90.141959 38.611727,-90.141953 38.611442,-90.141941 38.611045,-90.141938 38.610839,-90.141942 38.61059,-90.141943 38.610298,-90.141931 38.609915,-90.146941 38.610289,-90.147283 38.610422,-90.150407 38.610844,-90.153348 38.610813,-90.15699 38.61067,-90.161711 38.610431,-90.162937 38.610368,-90.164726 38.610231,-90.166212 38.610168,-90.16655399999999 38.61013,-90.166873 38.610094,-90.168311 38.609954,-90.17219899999999 38.609595999999996,-90.175926 38.609073,-90.17599299999999 38.609062,-90.176645 38.608953,-90.178545 38.608595,-90.182829 38.607619,-90.184 38.607307,-90.186916 38.606447,-90.18968699999999 38.605515,-90.19120099999999 38.604979,-90.191445 38.604897,-90.191883 38.604742,-90.193235 38.604229,-90.195649 38.603242,-90.19622199999999 38.603009,-90.197313 38.602573,-90.2011 38.60102,-90.201602 38.600805,-90.201787 38.600733,-90.201858 38.600702,-90.20197999999999 38.600657,-90.202046 38.60063,-90.202412 38.600485,-90.203732 38.599946,-90.20482299999999 38.599502,-90.207526 38.598401,-90.20819 38.598128,-90.208755 38.597901,-90.210054 38.597386,-90.211085 38.597017,-90.212903 38.596734,-90.21413 38.596705,-90.21600099999999 38.596679,-90.216202 38.596676,-90.21950799999999 38.596604,-90.223275 38.596534,-90.223717 38.596527,-90.22394899999999 38.596525,-90.224111 38.596519,-90.230637 38.596364,-90.23166499999999 38.596282,-90.231728 38.596276,-90.233037 38.596133,-90.234027 38.596012,-90.234541 38.595956,-90.235001 38.595909,-90.23641599999999 38.595774999999996,-90.237769 38.595615,-90.243686 38.594909,-90.245567 38.594751,-90.246026 38.594726,-90.24676099999999 38.594693,-90.248051 38.594668999999996,-90.248504 38.59468,-90.248746 38.594686,-90.24920399999999 38.59469,-90.252146 38.594937,-90.253275 38.595188,-90.255173 38.595743,-90.255736 38.595893,-90.256017 38.595967,-90.256862 38.596182,-90.257115 38.596226,-90.258112 38.596378,-90.26098999999999 38.596482,-90.262224 38.59648,-90.26389499999999 38.596483,-90.264759 38.596483,-90.26713699999999 38.596476,-90.267393 38.596474,-90.268799 38.596477,-90.26988 38.596477,-90.274085 38.596477,-90.275403 38.596477,-90.275533 38.596477,-90.275685 38.596478,-90.27628899999999 38.596477,-90.282252 38.596723,-90.282372 38.596739,-90.282805 38.596797,-90.282968 38.596818999999996,-90.28379699999999 38.596929,-90.285809 38.597196,-90.28907099999999 38.59763,-90.291467 38.597957,-90.291759 38.597999,-90.29254 38.598105,-90.293801 38.598272,-90.295828 38.598548,-90.298434 38.598921,-90.298558 38.598945,-90.30342399999999 38.600783,-90.304855 38.601763,-90.305617 38.60242,-90.306529 38.603313,-90.309933 38.606167,-90.31031999999999 38.606347,-90.311555 38.606821,-90.315445 38.608082,-90.315956 38.608268,-90.316206 38.608352,-90.318699 38.609146,-90.321348 38.610012,-90.32186 38.610183,-90.322653 38.61044,-90.323707 38.610781,-90.324077 38.610903,-90.328063 38.612201,-90.335911 38.61734,-90.33980799999999 38.622618,-90.340003 38.624007,-90.340012 38.625067,-90.340014 38.625287,-90.340015 38.62644,-90.340025 38.628591,-90.34004 38.629269,-90.340037 38.629415,-90.34003899999999 38.629613,-90.340032 38.629844,-90.340025 38.630764,-90.340026 38.631305,-90.340024 38.63153,-90.340026 38.63207,-90.34002699999999 38.632167,-90.34002699999999 38.632352,-90.34002699999999 38.632615,-90.33959399999999 38.634779,-90.339499 38.634921,-90.339458 38.63497,-90.33865899999999 38.635837,-90.334699 38.63754,-90.333702 38.638087,-90.333422 38.638272,-90.331722 38.639507,-90.33 38.640774,-90.322236 38.646406,-90.321933 38.646634,-90.319127 38.648804,-90.318872 38.648986,-90.31871199999999 38.6491,-90.31784999999999 38.649714,-90.314917 38.651831,-90.314814 38.651905,-90.31184499999999 38.654161,-90.310824 38.654916,-90.310544 38.655136,-90.310288 38.655312,-90.309465 38.655945,-90.309176 38.656166999999996,-90.30543 38.658909,-90.300812 38.662276,-90.298605 38.663913,-90.298109 38.664268,-90.29751 38.664718,-90.297398 38.6648,-90.293813 38.667429,-90.293624 38.667567,-90.292472 38.668421,-90.292116 38.668684999999996,-90.290737 38.66953,-90.290528 38.669685,-90.28967899999999 38.670314,-90.288005 38.671144,-90.28723 38.671496,-90.287083 38.671563,-90.286112 38.672053,-90.285939 38.6722,-90.28616099999999 38.672362,-90.286413 38.672546,-90.286723 38.672772,-90.286793 38.672827,-90.28695499999999 38.672945,-90.287082 38.673031,-90.28721 38.673119,-90.287769 38.673519999999996,-90.288691 38.674178,-90.28960599999999 38.674788,-90.290212 38.675169,-90.290362 38.675261,-90.290555 38.675379,-90.291006 38.675657,-90.29139599999999 38.675895,-90.29162 38.676031,-90.293393 38.677804,-90.293703 38.678656,-90.293768 38.678838999999996,-90.293894 38.679177,-90.293931 38.679289,-90.294009 38.679522,-90.29406 38.679676,-90.2942 38.680099,-90.294309 38.680488,-90.294333 38.680574,-90.2944 38.680858,-90.294555 38.681529,-90.294642 38.68193,-90.294726 38.682314,-90.294767 38.682506,-90.294873 38.682982,-90.295024 38.683593,-90.295071 38.683766,-90.295186 38.68416,-90.295287 38.684506,-90.295456 38.685086,-90.29549 38.685204,-90.295521 38.685311,-90.295687 38.685895,-90.29570199999999 38.685947999999996,-90.29617 38.688066,-90.29620899999999 38.688311999999996,-90.296216 38.688364,-90.296274 38.688779,-90.296325 38.689249,-90.296368 38.689662,-90.29638299999999 38.689916,-90.296395 38.690105,-90.296408 38.690348,-90.296452 38.690829,-90.29647299999999 38.691061,-90.29650099999999 38.691287,-90.29651299999999 38.691385,-90.296522 38.691452,-90.296537 38.691526,-90.29656899999999 38.69161,-90.296623 38.691754,-90.29752599999999 38.693614,-90.297566 38.693706,-90.297685 38.693933,-90.29798699999999 38.694511,-90.298489 38.695271,-90.300197 38.696125,-90.300356 38.696177,-90.301349 38.696591,-90.301953 38.697148,-90.302871 38.698274,-90.30565 38.699540999999996,-90.305889 38.699548,-90.306339 38.699561,-90.306662 38.699566,-90.308365 38.699666,-90.308736 38.699813999999996,-90.308978 38.699951999999996,-90.309309 38.700242,-90.309591 38.700556999999996,-90.310515 38.701762,-90.313159 38.705188,-90.313396 38.70551,-90.316735 38.709806,-90.317926 38.711379,-90.31808699999999 38.711568,-90.319577 38.713494,-90.319964 38.713966,-90.320379 38.714497,-90.321806 38.716302,-90.323159 38.718915,-90.32485 38.72016,-90.32488599999999 38.720208,-90.325413 38.720909999999996,-90.326 38.721659,-90.326561 38.722394,-90.327241 38.723052,-90.32770599999999 38.723295,-90.330219 38.724298,-90.330794 38.724288,-90.332105 38.724283,-90.33554699999999 38.724293,-90.33825399999999 38.724292,-90.338495 38.724293
1	1	42	41	1	1	656	800	0.0	35.7	227.7	0	0	Straight	0	15051.0	15086.7	-90.341675 38.725469,-90.341527 38.725468,-90.340763 38.725469,-90.340654 38.725454,-90.340588 38.725429,-90.340533 38.725395,-90.34048899999999 38.725355,-90.34046099999999 38.725308,-90.340446 38.725257,-90.340436 38.725198999999996,-90.340437 38.725044,-90.340445 38.724816,-90.340441 38.724601,-90.34043299999999 38.724517999999996,-90.340422 38.724474,-90.340398 38.724426,-90.34035899999999 38.724383,-90.340313 38.724344,-90.340256 38.724316,-90.340189 38.7243,-90.340121 38.724295,-90.338495 38.724293
1	2	41	40	1	1	246	300	0.0	19.1	91.1	0	0	U	120	15086.7	15105.8	-90.341675 38.725469,-90.342514 38.725465,-90.342879 38.725455,-90.342935 38.725449,-90.343 38.725439,-90.34306 38.725426999999996,-90.343119 38.72541,-90.34317399999999 38.72539,-90.343244 38.725358,-90.34357299999999 38.725176,-90.34381499999999 38.725031
1	3	40	39	0	1	164	200	0.0	16.7	64.7	1	0	Straight	0	15105.8	15170.5	-90.34381499999999 38.725031,-90.344506 38.724607,-90.344784 38.724437
1	4	39	37	0	1	205	250	0.0	22.5	82.5	1	0	Straight	0	15170.5	15253.0	-90.344784 38.724437,-90.345043 38.724278,-90.34558 38.723951,-90.345711 38.723889,-90.34582499999999 38.723845,-90.345865 38.723834,-90.345919 38.723821
1	5	37	8	0	0	0	0	0.0	3.5	0.0	0	0	Left	20	15253.0	15256.5	-90.345919 38.723821,-90.345913 38.723787,-90.34590899999999 38.723596
1	6	8	38	0	1	164	200	0.0	14.3	62.3	1	0	Straight	0	15256.5	15318.8	-90.34590899999999 38.723596,-90.345907 38.723455,-90.345908 38.722925,-90.345907 38.722678,-90.345895 38.72257,-90.345866 38.722452
1	7	38	13	1	1	1476	1800	0.0	136.8	568.8	0	0	Left	20	15318.8	15455.6	-90.34056 38.722348,-90.340969 38.722126,-90.34217 38.721485,-90.342697 38.721202,-90.34277999999999 38.721162,-90.342862 38.721134,-90.342959 38.721111,-90.34306699999999 38.721099,-90.343182 38.721099,-90.343305 38.72111,-90.343435 38.721133,-90.34357899999999 38.721173,-90.343747 38.721235,-90.344393 38.72153,-90.344802 38.721683999999996,-90.345208 38.721858,-90.34536899999999 38.721932,-90.345482 38.721994,-90.34558 38.722061,-90.345665 38.722134,-90.345737 38.722212999999996,-90.345794 38.722296,-90.34584 38.722381,-90.345866 38.722452
1	8	13	38	1	1	1476	1800	0.0	136.8	568.8	1	0	U	120	15455.6	16024.4	-90.345866 38.722452,-90.34584 38.722381,-90.345794 38.722296,-90.345737 38.722212999999996,-90.345665 38.722134,-90.34558 38.722061,-90.345482 38.721994,-90.34536899999999 38.721932,-90.345208 38.721858,-90.344802 38.721683999999996,-90.344393 38.72153,-90.343747 38.721235,-90.34357899999999 38.721173,-90.343435 38.721133,-90.343305 38.72111,-90.343182 38.721099,-90.34306699999999 38.721099,-90.342959 38.721111,-90.342862 38.721134,-90.34277999999999 38.721162,-90.342697 38.721202,-90.34217 38.721485,-90.340969 38.722126,-90.34056 38.722348
1	9	38	8	0	1	82	100	0.0	14.8	38.8	1	0	U	120	16024.4	16063.2	-90.345866 38.722452,-90.345895 38.72257,-90.345907 38.722678,-90.345908 38.722925,-90.345907 38.723455,-90.34590899999999 38.723596
1	10	8	37	0	0	0	0	0.0	4.3	0.0	0	0	Straight	0	16063.2	16067.5	-90.34590899999999 38.723596,-90.345913 38.723787,-90.345919 38.723821
1	11	37	36	0	1	41	50	0.0	26.3	38.3	1	0	Left	20	16067.5	16105.8	-90.345919 38.723821,-90.345964 38.723814,-90.34601099999999 38.723808,-90.346099 38.7238,-90.346206 38.723796,-90.346989 38.723793,-90.347332 38.72379
1	12	36	49	0	1	615	750	0.0	99.5	279.5	1	0	Straight	0	16105.8	16385.3	-90.347332 38.72379,-90.347858 38.723788,-90.34864999999999 38.723785,-90.348795 38.723776,-90.348928 38.723755,-90.349069 38.723725,-90.349189 38.723687,-90.34929199999999 38.723644,-90.349367 38.7236,-90.34944899999999 38.72354,-90.349531 38.723463,-90.34961799999999 38.723365,-90.349727 38.723222,-90.350258 38.722505,-90.350678 38.721933,-90.350786 38.721796,-90.35087399999999 38.721703,-90.350959 38.721631,-90.351043 38.721574,-90.351128 38.72153,-90.351224 38.721494,-90.351336 38.721466,-90.351447 38.721449,-90.35154899999999 38.721445,-90.352003 38.721437
1	13	49	19	0	0	0	0	0.0	12.5	0.0	0	0	Left	20	16385.3	16397.8	-90.352003 38.721437,-90.351992 38.720562
1	14	19	11	0	1	82	100	0.0	19.3	43.3	1	0	Left	20	16397.8	16441.1	-90.351992 38.720562,-90.351581 38.720576,-90.351255 38.720577999999996,-90.351198 38.720576,-90.35115499999999 38.720565,-90.351123 38.720548,-90.35109299999999 38.720515,-90.351073 38.720474,-90.351061 38.720421,-90.351061 38.720349,-90.35107099999999 38.719744
1	15	11	65	1	1	82	100	0.0	5.4	29.4	0	0	Left	20	16441.1	16446.5	-90.351072 38.719158,-90.35107099999999 38.719744
1	16	65	11	1	1	82	100	0.0	5.4	29.4	1	0	U	120	16446.5	16475.9	-90.35107099999999 38.719744,-90.351072 38.719158
1	17	11	19	0	1	41	50	0.0	18.7	30.7	1	0	U	120	16475.9	16506.6	-90.35107099999999 38.719744,-90.351061 38.720349,-90.351061 38.720421,-90.351073 38.720474,-90.35109299999999 38.720515,-90.351123 38.720548,-90.35115499999999 38.720565,-90.351198 38.720576,-90.351255 38.720577999999996,-90.351581 38.720576,-90.351992 38.720562
1	18	19	4	1	1	123	150	0.0	48.2	84.2	0	0	Straight	0	16506.6	16554.8	-90.354298 38.720479,-90.35397 38.720553,-90.35369 38.720558,-90.352851 38.720556,-90.351992 38.720562
1	19	4	64	1	1	82	100	0.0	7.2	31.2	1	0	U	120	16554.8	16586.0	-90.354627 38.720394,-90.354385 38.720465,-90.354298 38.720479
1	20	64	76	1	0	0	0	0.0	29.8	0.0	0	0	U	120	16586.0	16615.8	-90.354627 38.720394,-90.35475699999999 38.720366,-90.35491499999999 38.720339,-90.355231 38.7203,-90.355638 38.720254,-90.355719 38.720242,-90.355757 38.720246,-90.355814 38.720265,-90.355876 38.720293,-90.355954 38.720316,-90.35602899999999 38.720325
1	21	76	79	1	1	41	50	0.0	8.3	20.3	1	0	U	120	16615.8	16636.1	-90.356426 38.720338,-90.35602899999999 38.720325
1	22	79	76	1	1	41	50	0.0	8.3	20.3	0	0	U	120	16636.1	16644.4	-90.35602899999999 38.720325,-90.356426 38.720338
1	23	76	64	1	0	0	0	0.0	29.8	0.0	0	0	U	120	16644.4	16674.2	-90.35602899999999 38.720325,-90.355954 38.720316,-90.355876 38.720293,-90.355814 38.720265,-90.355757 38.720246,-90.355719 38.720242,-90.355638 38.720254,-90.355231 38.7203,-90.35491499999999 38.720339,-90.35475699999999 38.720366,-90.354627 38.720394
1	24	64	4	1	1	82	100	0.0	7.2	31.2	0	0	Straight	0	16674.2	16681.4	-90.354298 38.720479,-90.354385 38.720465,-90.354627 38.720394
1	25	4	19	1	1	123	150	0.0	48.2	84.2	1	0	U	120	16681.4	16765.6	-90.351992 38.720562,-90.352851 38.720556,-90.35369 38.720558,-90.35397 38.720553,-90.354298 38.720479
1	26	19	49	0	0	0	0	0.0	15.2	0.0	0	0	U	120	16765.6	16780.8	-90.351992 38.720562,-90.352003 38.721437
1	27	49	32	0	1	41	50	0.0	12.5	24.5	1	0	Left	20	16780.8	16805.3	-90.352003 38.721437,-90.352319 38.721433,-90.352413 38.721434,-90.352493 38.721447,-90.352563 38.721468,-90.35260199999999 38.721486,-90.352622 38.721499
1	28	32	50	0	1	246	300	0.0	74.8	146.8	1	0	Straight	0	16805.3	16952.1	-90.352622 38.721499,-90.352643 38.721516,-90.352682 38.721561,-90.352712 38.721613,-90.352729 38.721672,-90.352738 38.721745,-90.352738 38.722054,-90.352735 38.722355,-90.352722 38.722492,-90.35270299999999 38.722584,-90.35267499999999 38.722661,-90.352533 38.722938,-90.352394 38.723193,-90.352353 38.723281,-90.352324 38.723365,-90.35230899999999 38.723461,-90.352304 38.723596,-90.352306 38.724233,-90.352312 38.724299,-90.352328 38.724358,-90.352355 38.724407,-90.352389 38.724448,-90.352442 38.724483,-90.35250599999999 38.72451,-90.352581 38.724524,-90.352654 38.724526,-90.352926 38.724528
1	29	50	22	0	0	0	0	0.0	26.5	0.0	0	0	Straight	0	16952.1	16978.6	-90.352926 38.724528,-90.353638 38.724525,-90.35435 38.724524
1	30	22	20	0	0	0	0	0.0	3.2	0.0	0	0	Right	5	16978.6	16981.8	-90.35435 38.724524,-90.354351 38.724772
1	31	20	18	1	1	1927	2350	0.0	159.2	723.2	0	0	Straight	0	16981.8	17141.0	-90.354351 38.724772,-90.35436 38.726396,-90.35436899999999 38.728502999999996,-90.354364 38.728986,-90.35435199999999 38.729103,-90.35432999999999 38.729194,-90.354294 38.72928,-90.354246 38.729364,-90.354196 38.72943,-90.35412699999999 38.729505,-90.35404199999999 38.729576,-90.353953 38.729636,-90.353562 38.729847,-90.353433 38.729921,-90.353346 38.729987,-90.353268 38.730059,-90.353201 38.730139,-90.353146 38.730225,-90.353104 38.730311,-90.353082 38.730378,-90.353068 38.730458999999996,-90.353066 38.730556,-90.35307 38.730608,-90.353072 38.730666
1	32	18	20	1	1	1927	2350	0.0	159.2	723.2	1	0	U	120	17141.0	17864.2	-90.353072 38.730666,-90.35307 38.730608,-90.353066 38.730556,-90.353068 38.730458999999996,-90.353082 38.730378,-90.353104 38.730311,-90.353146 38.730225,-90.353201 38.730139,-90.353268 38.730059,-90.353346 38.729987,-90.353433 38.729921,-90.353562 38.729847,-90.353953 38.729636,-90.35404199999999 38.729576,-90.35412699999999 38.729505,-90.354196 38.72943,-90.354246 38.729364,-90.354294 38.72928,-90.35432999999999 38.729194,-90.35435199999999 38.729103,-90.354364 38.728986,-90.35436899999999 38.728502999999996,-90.35436 38.726396,-90.354351 38.724772
1	33	20	22	0	0	0	0	0.0	9.0	0.0	0	0	Straight	0	17864.2	17873.2	-90.354351 38.724772,-90.35435 38.724524
1	34	22	21	1	1	246	300	0.0	22.3	94.3	0	0	Left	20	17873.2	17895.5	-90.355357 38.724529,-90.35435 38.724524
1	35	21	22	1	1	246	300	0.0	22.3	94.3	1	0	U	120	17895.5	17989.8	-90.35435 38.724524,-90.355357 38.724529
1	36	22	50	0	1	123	150	0.0	24.0	60.0	1	0	U	120	17989.8	18049.8	-90.35435 38.724524,-90.353638 38.724525,-90.352926 38.724528
1	37	50	77	1	1	820	1000	0.0	85.6	325.6	1	0	Left	20	18049.8	18375.4	-90.352926 38.724528,-90.35293 38.724790999999996,-90.352936 38.725691,-90.352933 38.72659,-90.352935 38.727033,-90.352929 38.727101,-90.352914 38.727152,-90.352886 38.727199999999996,-90.352845 38.727243,-90.352795 38.727279,-90.352736 38.727304,-90.352676 38.72732,-90.352617 38.727324,-90.352081 38.727322
1	38	77	51	1	1	164	200	0.0	6.0	54.0	0	0	Straight	0	18375.4	18381.4	-90.352081 38.727322,-90.35180799999999 38.727320999999996
1	39	51	77	1	1	164	200	0.0	6.0	54.0	1	0	U	120	18381.4	18435.4	-90.35180799999999 38.727320999999996,-90.352081 38.727322
1	40	77	50	1	1	820	1000	0.0	85.6	325.6	0	0	Straight	0	18435.4	18521.0	-90.352081 38.727322,-90.352617 38.727324,-90.352676 38.72732,-90.352736 38.727304,-90.352795 38.727279,-90.352845 38.727243,-90.352886 38.727199999999996,-90.352914 38.727152,-90.352929 38.727101,-90.352935 38.727033,-90.352933 38.72659,-90.352936 38.725691,-90.35293 38.724790999999996,-90.352926 38.724528
1	41	50	32	0	1	246	300	0.0	44.4	116.4	1	0	Left	20	18521.0	18637.4	-90.352926 38.724528,-90.352654 38.724526,-90.352581 38.724524,-90.35250599999999 38.72451,-90.352442 38.724483,-90.352389 38.724448,-90.352355 38.724407,-90.352328 38.724358,-90.352312 38.724299,-90.352306 38.724233,-90.352304 38.723596,-90.35230899999999 38.723461,-90.352324 38.723365,-90.352353 38.723281,-90.352394 38.723193,-90.352533 38.722938,-90.35267499999999 38.722661,-90.35270299999999 38.722584,-90.352722 38.722492,-90.352735 38.722355,-90.352738 38.722054,-90.352738 38.721745,-90.352729 38.721672,-90.352712 38.721613,-90.352682 38.721561,-90.352643 38.721516,-90.352622 38.721499
1	42	32	3	1	1	82	100	0.0	51.3	75.3	0	0	Right	5	18637.4	18688.7	-90.354495 38.720598,-90.354469 38.720606,-90.354299 38.720645,-90.354204 38.720673,-90.35413 38.720707,-90.354063 38.720748,-90.354005 38.7208,-90.353971 38.720844,-90.35395 38.72089,-90.353938 38.720954,-90.353928 38.721102,-90.353912 38.721211,-90.353889 38.721283,-90.353856 38.721334999999996,-90.353815 38.721375,-90.353769 38.721404,-90.35370999999999 38.721426,-90.35364 38.72144,-90.35354699999999 38.721444,-90.352758 38.721455999999996,-90.35269199999999 38.721463,-90.35264099999999 38.721483,-90.352622 38.721499
1	43	3	32	1	1	82	100	0.0	51.3	75.3	1	0	U	120	18688.7	18764.0	-90.352622 38.721499,-90.35264099999999 38.721483,-90.35269199999999 38.721463,-90.352758 38.721455999999996,-90.35354699999999 38.721444,-90.35364 38.72144,-90.35370999999999 38.721426,-90.353769 38.721404,-90.353815 38.721375,-90.353856 38.721334999999996,-90.353889 38.721283,-90.353912 38.721211,-90.353928 38.721102,-90.353938 38.720954,-90.35395 38.72089,-90.353971 38.720844,-90.354005 38.7208,-90.354063 38.720748,-90.35413 38.720707,-90.354204 38.720673,-90.354299 38.720645,-90.354469 38.720606,-90.354495 38.720598
1	44	32	49	0	0	0	0	0.0	7.0	0.0	0	0	U	120	18764.0	18771.0	-90.352622 38.721499,-90.35260199999999 38.721486,-90.352563 38.721468,-90.352493 38.721447,-90.352413 38.721434,-90.352319 38.721433,-90.352003 38.721437
1	45	49	36	0	1	656	800	0.0	65.3	257.3	1	0	Straight	0	18771.0	19028.3	-90.352003 38.721437,-90.35154899999999 38.721445,-90.351447 38.721449,-90.351336 38.721466,-90.351224 38.721494,-90.351128 38.72153,-90.351043 38.721574,-90.350959 38.721631,-90.35087399999999 38.721703,-90.350786 38.721796,-90.350678 38.721933,-90.350258 38.722505,-90.349727 38.723222,-90.34961799999999 38.723365,-90.349531 38.723463,-90.34944899999999 38.72354,-90.349367 38.7236,-90.34929199999999 38.723644,-90.349189 38.723687,-90.349069 38.723725,-90.348928 38.723755,-90.348795 38.723776,-90.34864999999999 38.723785,-90.347858 38.723788,-90.347332 38.72379
1	46	36	12	1	1	779	950	0.0	65.4	293.4	0	0	Right	5	19028.3	19093.7	-90.347332 38.72379,-90.347325 38.722361,-90.347323 38.722095,-90.347318 38.721167
1	47	12	36	1	1	779	950	0.0	65.4	293.4	1	0	U	120	19093.7	19387.1	-90.347318 38.721167,-90.347323 38.722095,-90.347325 38.722361,-90.347332 38.72379
1	48	36	37	0	1	41	50	0.0	15.6	27.6	1	0	Right	5	19387.1	19414.7	-90.347332 38.72379,-90.346989 38.723793,-90.346206 38.723796,-90.346099 38.7238,-90.34601099999999 38.723808,-90.345964 38.723814,-90.345919 38.723821
1	49	37	39	0	1	123	150	0.0	14.8	50.8	1	0	Straight	0	19414.7	19465.5	-90.345919 38.723821,-90.345865 38.723834,-90.34582499999999 38.723845,-90.345711 38.723889,-90.34558 38.723951,-90.345043 38.724278,-90.344784 38.724437
1	50	39	40	0	1	123	150	0.0	13.0	49.0	1	0	Straight	0	19465.5	19514.5	-90.344784 38.724437,-90.344506 38.724607,-90.34381499999999 38.725031
1	51	40	35	0	1	164	200	0.0	17.7	65.7	1	0	Left	20	19514.5	19580.2	-90.34381499999999 38.725031,-90.345004 38.726573
1	52	35	40	0	1	82	100	0.0	21.3	45.3	0	0	U	120	19580.2	19601.5	-90.345004 38.726573,-90.34381499999999 38.725031
1	53	40	41	1	1	246	300	0.0	19.1	91.1	0	0	Left	20	19601.5	19620.6	-90.34381499999999 38.725031,-90.34357299999999 38.725176,-90.343244 38.725358,-90.34317399999999 38.72539,-90.343119 38.72541,-90.34306 38.725426999999996,-90.343 38.725439,-90.342935 38.725449,-90.342879 38.725455,-90.342514 38.725465,-90.341675 38.725469
1	54	41	42	1	1	656	800	0.0	35.7	227.7	0	0	Straight	0	19620.6	19656.3	-90.338495 38.724293,-90.340121 38.724295,-90.340189 38.7243,-90.340256 38.724316,-90.340313 38.724344,-90.34035899999999 38.724383,-90.340398 38.724426,-90.340422 38.724474,-90.34043299999999 38.724517999999996,-90.340441 38.724601,-90.340445 38.724816,-90.340437 38.725044,-90.340436 38.725198999999996,-90.340446 38.725257,-90.34046099999999 38.725308,-90.34048899999999 38.725355,-90.340533 38.725395,-90.340588 38.725429,-90.340654 38.725454,-90.340763 38.725469,-90.341527 38.725468,-90.341675 38.725469
1	55	42	81	0	0	0	0	0.0	1644.9	0.0	0	0	U	120	19656.3	21301.2	-90.338495 38.724293,-90.33825399999999 38.724292,-90.33554699999999 38.724293,-90.332105 38.724283,-90.330794 38.724288,-90.330219 38.724298,-90.32770599999999 38.723295,-90.327241 38.723052,-90.326561 38.722394,-90.326 38.721659,-90.325413 38.720909999999996,-90.32488599999999 38.720208,-90.32485 38.72016,-90.323159 38.718915,-90.321806 38.716302,-90.320379 38.714497,-90.319964 38.713966,-90.319577 38.713494,-90.31808699999999 38.711568,-90.317926 38.711379,-90.316735 38.709806,-90.313396 38.70551,-90.313159 38.705188,-90.310515 38.701762,-90.309591 38.700556999999996,-90.30951999999999 38.700381,-90.30932299999999 38.700131999999996,-90.30897399999999 38.699867,-90.308702 38.69972,-90.308396 38.69959,-90.307752 38.699463,-90.307501 38.699437,-90.30666699999999 38.699417,-90.306288 38.699428,-90.305621 38.699411,-90.302317 38.697363,-90.302081 38.697071,-90.301867 38.696833,-90.301022 38.696258,-90.300622 38.696118,-90.300353 38.696019,-90.2986 38.695195,-90.298085 38.694414,-90.297724 38.693708,-90.29693999999999 38.692168,-90.296666 38.691447,-90.29665899999999 38.691394,-90.29663 38.691183,-90.29660799999999 38.691045,-90.296595 38.690916,-90.296565 38.690709,-90.296554 38.690554999999996,-90.29654099999999 38.690352,-90.29650099999999 38.689676999999996,-90.296408 38.688768,-90.296337 38.68825,-90.296307 38.688055,-90.296228 38.687626,-90.295819 38.685884,-90.295783 38.685761,-90.295602 38.685112,-90.295323 38.684159,-90.295187 38.683671,-90.29509999999999 38.683338,-90.2949 38.682494,-90.294859 38.682308,-90.294774 38.681918,-90.29469 38.681534,-90.294632 38.681274,-90.29458199999999 38.681049,-90.294536 38.680841,-90.29447499999999 38.680566,-90.294455 38.680485,-90.294363 38.680185,-90.29432 38.680048,-90.29418799999999 38.679634,-90.294127 38.679452,-90.293768 38.678439,-90.292733 38.676643,-90.29257 38.676494,-90.292403 38.676358,-90.29219499999999 38.676213,-90.291713 38.675916,-90.291536 38.675802,-90.28971899999999 38.674656999999996,-90.289397 38.674428,-90.288797 38.674001,-90.288488 38.672764,-90.288743 38.672402,-90.2888 38.672326,-90.289992 38.670773,-90.291339 38.669682,-90.291766 38.669252,-90.29202599999999 38.669067,-90.292143 38.668984,-90.292761 38.668535,-90.293365 38.668092,-90.29759899999999 38.664998,-90.29780099999999 38.66485,-90.29852199999999 38.66432,-90.301312 38.662271,-90.309546 38.656264,-90.311386 38.65491,-90.311604 38.654737,-90.311853 38.654551,-90.314178 38.652882,-90.314767 38.652416,-90.315206 38.652077,-90.31530099999999 38.652,-90.318395 38.649817999999996,-90.318591 38.649668,-90.318702 38.649586,-90.318804 38.64951,-90.319118 38.649274,-90.322172 38.647082,-90.325439 38.644841,-90.330218 38.641343,-90.33456199999999 38.638261,-90.339102 38.637036,-90.339461 38.637082,-90.340255 38.637069,-90.34211499999999 38.637408,-90.340572 38.638517,-90.340255 38.637069,-90.340254 38.637029,-90.340255 38.636741,-90.340254 38.63647,-90.340255 38.635743,-90.340256 38.634974,-90.340251 38.634611,-90.34026399999999 38.63276,-90.340274 38.631414,-90.340272 38.631251999999996,-90.340278 38.630857,-90.34026899999999 38.630514,-90.34025799999999 38.630128,-90.340256 38.629781,-90.340254 38.629585999999996,-90.340253 38.629398,-90.340256 38.629235,-90.34024699999999 38.628321,-90.340243 38.62593,-90.340238 38.625286,-90.340237 38.625039,-90.340035 38.622557,-90.33993 38.622225,-90.339322 38.620777,-90.33921699999999 38.620595,-90.336625 38.617715,-90.336062 38.617183,-90.322733 38.610254,-90.322069 38.610036,-90.32160499999999 38.609884,-90.321361 38.609809,-90.319925 38.609328,-90.316327 38.608162,-90.316075 38.608078,-90.315405 38.607863,-90.311602 38.606621,-90.310749 38.606298,-90.306707 38.603155,-90.305866 38.60234,-90.304175 38.601007,-90.302089 38.599849999999996,-90.298598 38.598743,-90.29849 38.59872,-90.293904 38.598086,-90.292322 38.597867,-90.291782 38.597794,-90.289101 38.597435,-90.288369 38.597337,-90.282575 38.596558,-90.282465 38.596543,-90.282197 38.596508,-90.281893 38.596468,-90.27702 38.596272,-90.275719 38.596271,-90.275447 38.596274,-90.275037 38.596273,-90.268778 38.596273,-90.267325 38.596278,-90.265847 38.596277,-90.264957 38.596275,-90.26474 38.596274,-90.263896 38.596276,-90.262259 38.596278,-90.257857 38.596128,-90.25712 38.596,-90.257003 38.595977,-90.256868 38.595946,-90.254404 38.595284,-90.252482 38.594786,-90.251987 38.594704,-90.251509 38.594635,-90.250704 38.594561999999996,-90.249467 38.594498,-90.24898 38.594482,-90.24874799999999 38.594477,-90.248183 38.594469,-90.237076 38.595124,-90.236598 38.595166,-90.236046 38.595224,-90.235227 38.59531,-90.234916 38.595339,-90.23453599999999 38.595379,-90.233988 38.595438,-90.233395 38.595498,-90.232781 38.595552,-90.232364 38.595596,-90.231667 38.59567,-90.231078 38.595745,-90.230878 38.59577,-90.230581 38.595807,-90.224636 38.596292,-90.22411 38.596303,-90.223941 38.596311,-90.22376 38.596315,-90.219477 38.596405,-90.216005 38.596452,-90.215654 38.59646,-90.21412699999999 38.596485,-90.21010199999999 38.597128,-90.209301 38.597452,-90.208462 38.597792,-90.20801999999999 38.597973,-90.201987 38.60043,-90.201937 38.600451,-90.201837 38.600491,-90.20174399999999 38.600528,-90.201675 38.600556,-90.201481 38.600635,-90.20119 38.600755,-90.200758 38.600927,-90.197322 38.602331,-90.196134 38.602815,-90.195275 38.603164,-90.195086 38.603241,-90.19259 38.604231999999996,-90.191594 38.60462,-90.191202 38.604763,-90.189447 38.605386,-90.18639499999999 38.606391,-90.183919 38.607118,-90.18272999999999 38.60743,-90.178545 38.608384,-90.17593099999999 38.608867,-90.173045 38.609287,-90.172168 38.609382,-90.165458 38.609895,-90.164519 38.609837,-90.163881 38.609853,-90.162211 38.609942,-90.16185999999999 38.609958999999996,-90.161367 38.609993,-90.15328099999999 38.610301,-90.153189 38.610299,-90.152665 38.610295,-90.147942 38.609826,-90.14745599999999 38.609723,-90.14314 38.609618,-90.142825 38.609656,-90.142624 38.60968,-90.141922 38.60977,-90.141931 38.609915,-90.141943 38.610298,-90.141942 38.61059,-90.141938 38.610839,-90.141941 38.611045,-90.141953 38.611442,-90.141959 38.611727,-90.141964 38.611993,-90.141958 38.612445,-90.14195699999999 38.612629,-90.141448 38.612633,-90.14094 38.612636,-90.14052699999999 38.612637,-90.140314 38.612639
2	0	81	80	-1	-1	0	0	1014.4	1014.4	0.0	0	1800		0	21301.2	24115.6	-90.140314 38.612639,-90.276467 38.643366
