Problem Type	Solution Method	Vehicle Capacity (Weight)	Vehicle Capacity(Volume)	Disposal Trips	Route Time	Route Time wo Turns	Computational Time(Sec)	Clustering Time(Sec)	VA(NHO)	VA(ATD)	VA(CCI)	VA(DMT)	VA(ROI)	VA(AOI)	Optimal
MCARPTIF-TP	GPM	10000	10000	2	24242.1	22231	379.791	0.815	0.0210716	394.42	1	7516	0.180704	0.0137056	0
Load No	Sequence No	From Node ID	To Node ID	IsEdge	Required	Weight	Volume	Travel Miles	Travel Time	Service Time	Served	Dumped	Turn Type	Turn Cost	Depart Time	Arrival Time	Shape
0	0	10096	10094	1	0	0	0	0	36	0	0	0		0.0	0.0	36.0	LINESTRING(432.455365 -432.455365,407.129554 -415.276308)
0	1	10094	10068	1	0	0	0	0	155	0	0	0	Straight	0.0	36.0	191.0	LINESTRING(407.129554 -415.276308,297.503138 -331.953362)
0	2	10068	160	1	0	0	0	0	42	0	0	0	Straight	0.0	191.0	233.0	LINESTRING(297.503138 -331.953362,273.360283 -301.425769)
0	3	160	192	1	0	0	0	0	48	0	0	0	Straight	0.0	233.0	281.0	LINESTRING(273.360283 -301.425769,234.643159 -278.380051)
0	4	192	206	1	0	0	0	0	31	0	0	0	Straight	0.0	281.0	312.0	LINESTRING(234.643159 -278.380051,209.081716 -279.331191)
0	5	206	212	1	0	0	0	0	7	0	0	0	Straight	0.0	312.0	319.0	LINESTRING(209.081716 -279.331191,203.487166 -282.713367)
0	6	212	218	1	0	0	0	0	22	0	0	0	Right	5.21	324.21	346.21	LINESTRING(203.487166 -282.713367,184.615833 -273.075208)
0	7	218	232	1	0	0	0	0	8	0	0	0	Straight	0.0	346.21	354.21	LINESTRING(184.615833 -273.075208,177.929752 -266.263863)
0	8	232	242	1	0	0	0	0	14	0	0	0	Straight	0.0	354.21	368.21	LINESTRING(177.929752 -266.263863,166.487880 -263.207433)
0	9	242	244	1	0	0	0	0	7	0	0	0	Straight	0.0	368.21	375.21	LINESTRING(166.487880 -263.207433,161.393522 -254.807580)
0	10	244	246	1	0	0	0	0	9	0	0	0	Straight	0.0	375.21	384.21	LINESTRING(161.393522 -254.807580,155.886311 -245.246769)
0	11	246	230	1	0	0	0	0	9	0	0	0	Straight	0.0	384.21	393.21	LINESTRING(155.886311 -245.246769,148.501251 -241.003772)
0	12	230	248	1	0	0	0	0	13	0	0	0	Left	10.42	403.63	416.63	LINESTRING(148.501251 -241.003772,137.990036 -244.580861)
0	13	248	250	1	0	0	0	0	16	0	0	0	Straight	0.0	416.63	432.63	LINESTRING(137.990036 -244.580861,125.781347 -251.022702)
0	14	250	280	1	0	0	0	0	12	0	0	0	Straight	0.0	432.63	444.63	LINESTRING(125.781347 -251.022702,115.735437 -253.311159)
0	15	280	284	1	0	0	0	0	8	0	0	0	Straight	0.0	444.63	452.63	LINESTRING(115.735437 -253.311159,109.136153 -255.269571)
0	16	284	288	1	0	0	0	0	8	0	0	0	Straight	0.0	452.63	460.63	LINESTRING(109.136153 -255.269571,102.660356 -257.672205)
0	17	288	292	1	0	0	0	0	8	0	0	0	Straight	0.0	460.63	468.63	LINESTRING(102.660356 -257.672205,96.390126 -260.592068)
0	18	292	306	1	0	0	0	0	8	0	0	0	Straight	0.0	468.63	476.63	LINESTRING(96.390126 -260.592068,89.757996 -262.387642)
0	19	306	310	1	0	0	0	0	8	0	0	0	Straight	0.0	476.63	484.63	LINESTRING(89.757996 -262.387642,83.473404 -265.152627)
0	20	310	300	1	0	0	0	0	18	0	0	0	Straight	0.0	484.63	502.63	LINESTRING(83.473404 -265.152627,68.673921 -267.657651)
0	21	300	302	1	0	0	0	0	16	0	0	0	Straight	0.0	502.63	518.63	LINESTRING(68.673921 -267.657651,56.762267 -272.710136)
0	22	302	1252	1	0	0	0	0	1	0	0	0	Straight	0.0	518.63	519.63	LINESTRING(56.762267 -272.710136,56.051277 -273.201052)
0	23	1252	520	1	0	0	0	0	23	0	0	0	Straight	0.0	519.63	542.63	LINESTRING(56.051277 -273.201052,36.413163 -272.553391)
0	24	520	522	1	0	0	0	0	33	0	0	0	Straight	0.0	542.63	575.63	LINESTRING(36.413163 -272.553391,8.326525 -273.391702)
0	25	522	524	1	0	0	0	0	6	0	0	0	Straight	0.0	575.63	581.63	LINESTRING(8.326525 -273.391702,3.215588 -273.634562)
0	26	524	770	1	0	0	0	0	2	0	0	0	Straight	0.0	581.63	583.63	LINESTRING(3.215588 -273.634562,1.600726 -273.371646)
0	27	770	766	1	0	0	0	0	5	0	0	0	Straight	0.0	583.63	588.63	LINESTRING(1.600726 -273.371646,-2.168865 -271.429903)
0	28	766	762	1	0	0	0	0	5	0	0	0	Straight	0.0	588.63	593.63	LINESTRING(-2.168865 -271.429903,-6.077987 -270.077063)
0	29	762	758	1	0	0	0	0	6	0	0	0	Straight	0.0	593.63	599.63	LINESTRING(-6.077987 -270.077063,-10.584361 -266.727926)
0	30	758	754	1	0	0	0	0	6	0	0	0	Straight	0.0	599.63	605.63	LINESTRING(-10.584361 -266.727926,-15.312306 -264.094028)
0	31	754	776	1	0	0	0	0	5	0	0	0	Straight	0.0	605.63	610.63	LINESTRING(-15.312306 -264.094028,-19.253346 -261.344667)
0	32	776	782	1	0	0	0	0	5	0	0	0	Straight	0.0	610.63	615.63	LINESTRING(-19.253346 -261.344667,-23.422427 -258.426182)
0	33	782	784	1	1	190	190	0	26	203	1	0	Straight	0.0	615.63	818.63	LINESTRING(-23.422427 -258.426182,-35.039752 -233.376779)
0	34	784	778	1	0	0	0	0	6	0	0	0	Right	5.21	823.84	829.84	LINESTRING(-35.039752 -233.376779,-31.481008 -234.550677)
0	35	778	776	1	1	210	210	0	28	224	1	0	Right	5.21	835.05	1059.05	LINESTRING(-31.481008 -234.550677,-19.253346 -261.344667)
0	36	776	774	1	1	100	100	0	20	110	1	0	Right	5.21	1064.26	1174.26	LINESTRING(-19.253346 -261.344667,-32.509194 -274.570563)
0	37	774	780	1	0	0	0	0	6	0	0	0	Right	5.21	1179.47	1185.47	LINESTRING(-32.509194 -274.570563,-37.022778 -271.070287)
0	38	780	782	1	1	130	130	0	20	140	1	0	Right	5.21	1190.68	1330.68	LINESTRING(-37.022778 -271.070287,-23.422427 -258.426182)
0	39	782	788	1	0	0	0	0	5	0	0	0	Left	10.42	1341.1	1346.1	LINESTRING(-23.422427 -258.426182,-27.718030 -255.669882)
0	40	788	790	1	1	200	200	0	24	212	1	0	Straight	0.0	1346.1	1558.1	LINESTRING(-27.718030 -255.669882,-38.335247 -232.368850)
0	41	790	784	1	0	0	0	0	5	0	0	0	Right	5.21	1563.31	1568.31	LINESTRING(-38.335247 -232.368850,-35.039752 -233.376779)
0	42	784	778	1	0	0	0	0	6	0	0	0	Straight	0.0	1568.31	1574.31	LINESTRING(-35.039752 -233.376779,-31.481008 -234.550677)
0	43	778	756	1	0	0	0	0	5	0	0	0	Straight	0.0	1574.31	1579.31	LINESTRING(-31.481008 -234.550677,-27.599172 -236.815724)
0	44	756	760	1	0	0	0	0	6	0	0	0	Straight	0.0	1579.31	1585.31	LINESTRING(-27.599172 -236.815724,-23.562389 -238.078473)
0	45	760	758	1	1	270	270	0	31	285	1	0	Right	5.21	1590.52	1875.52	LINESTRING(-23.562389 -238.078473,-10.584361 -266.727926)
0	46	758	748	1	1	160	160	0	22	171	1	0	Right	5.21	1880.73	2051.73	LINESTRING(-10.584361 -266.727926,-23.941617 -281.431808)
0	47	748	734	1	1	150	150	0	19	159	1	0	Straight	0.0	2051.73	2210.73	LINESTRING(-23.941617 -281.431808,-25.484546 -298.428270)
0	48	734	510	1	0	0	0	0	9	0	0	0	Straight	0.0	2210.73	2219.73	LINESTRING(-25.484546 -298.428270,-30.187580 -307.259603)
0	49	510	726	1	0	0	0	0	4	0	0	0	Straight	0.0	2219.73	2223.73	LINESTRING(-30.187580 -307.259603,-32.707168 -310.301833)
0	50	726	716	1	1	130	130	0	18	139	1	0	Straight	0.0	2223.73	2362.73	LINESTRING(-32.707168 -310.301833,-44.764236 -323.400170)
0	51	716	698	1	1	200	200	0	22	211	1	0	Straight	0.0	2362.73	2573.73	LINESTRING(-44.764236 -323.400170,-57.828923 -339.066157)
0	52	698	692	1	1	80	80	0	11	85	1	0	Right	5.21	2578.94	2663.94	LINESTRING(-57.828923 -339.066157,-68.376806 -338.395515)
0	53	692	686	1	1	0	0	0	5	2	0	0	Left	10.42	2674.36	2679.36	LINESTRING(-68.376806 -338.395515,-70.249389 -343.339783)
0	54	686	688	1	1	40	40	0	9	44	1	0	Straight	0.0	2679.36	2723.36	LINESTRING(-70.249389 -343.339783,-69.141189 -351.157003)
0	55	688	682	1	1	20	20	0	9	24	1	0	Right	5.21	2728.57	2752.57	LINESTRING(-69.141189 -351.157003,-73.296154 -352.920287)
0	56	682	686	1	1	20	20	0	10	25	1	0	Right	5.21	2757.78	2782.78	LINESTRING(-73.296154 -352.920287,-70.249389 -343.339783)
0	57	686	692	1	1	0	0	0	5	2	1	0	Straight	0.0	2782.78	2784.78	LINESTRING(-70.249389 -343.339783,-68.376806 -338.395515)
0	58	692	694	1	1	40	40	0	7	43	1	0	Straight	0.0	2784.78	2827.78	LINESTRING(-68.376806 -338.395515,-70.305364 -332.577323)
0	59	694	676	1	0	0	0	0	6	0	0	0	U	41.682	2869.46	2875.46	LINESTRING(-70.305364 -332.577323,-72.169759 -337.437187)
0	60	676	678	1	1	60	60	0	21	70	1	0	Straight	0.0	2875.46	2945.46	LINESTRING(-72.169759 -337.437187,-77.191348 -358.849124)
0	61	678	672	1	0	0	0	0	5	0	0	0	U	41.682	2987.14	2992.14	LINESTRING(-77.191348 -358.849124,-75.850186 -354.556951)
0	62	672	676	1	1	150	150	0	17	158	1	0	Straight	0.0	2992.14	3150.14	LINESTRING(-75.850186 -354.556951,-72.169759 -337.437187)
0	63	676	694	1	0	0	0	0	6	0	0	0	Straight	0.0	3150.14	3156.14	LINESTRING(-72.169759 -337.437187,-70.305364 -332.577323)
0	64	694	708	1	1	30	30	0	6	33	1	0	Straight	0.0	3156.14	3189.14	LINESTRING(-70.305364 -332.577323,-68.183933 -326.669003)
0	65	708	710	1	0	0	0	0	1	0	0	0	Right	5.21	3194.35	3195.35	LINESTRING(-68.183933 -326.669003,-67.228833 -326.811454)
0	66	710	714	1	1	100	100	0	21	110	1	0	Straight	0.0	3195.35	3305.35	LINESTRING(-67.228833 -326.811454,-49.170794 -321.309139)
0	67	714	728	1	1	70	70	0	20	80	1	0	Straight	0.0	3305.35	3385.35	LINESTRING(-49.170794 -321.309139,-37.254450 -307.631588)
0	68	728	726	1	0	0	0	0	6	0	0	0	Right	5.21	3390.56	3396.56	LINESTRING(-37.254450 -307.631588,-32.707168 -310.301833)
0	69	726	510	1	0	0	0	0	4	0	0	0	Left	10.42	3406.98	3410.98	LINESTRING(-32.707168 -310.301833,-30.187580 -307.259603)
0	70	510	734	1	0	0	0	0	9	0	0	0	Straight	0.0	3410.98	3419.98	LINESTRING(-30.187580 -307.259603,-25.484546 -298.428270)
0	71	734	742	1	1	100	100	0	13	106	1	0	Straight	0.0	3419.98	3525.98	LINESTRING(-25.484546 -298.428270,-20.125865 -284.448327)
0	72	742	762	1	1	170	170	0	22	181	1	0	Straight	0.0	3525.98	3706.98	LINESTRING(-20.125865 -284.448327,-6.077987 -270.077063)
0	73	762	764	1	1	250	250	0	33	266	1	0	Left	10.42	3717.4	3983.4	LINESTRING(-6.077987 -270.077063,-19.462393 -240.751181)
0	74	764	768	1	0	0	0	0	6	0	0	0	Right	5.21	3988.61	3994.61	LINESTRING(-19.462393 -240.751181,-15.470481 -241.154277)
0	75	768	772	1	0	0	0	0	5	0	0	0	Straight	0.0	3994.61	3999.61	LINESTRING(-15.470481 -241.154277,-11.657185 -243.156524)
0	76	772	770	1	1	170	170	0	35	187	1	0	Straight	0.0	3999.61	4186.61	LINESTRING(-11.657185 -243.156524,1.600726 -273.371646)
0	77	770	732	1	1	90	90	0	22	101	1	0	Right	5.21	4191.82	4292.82	LINESTRING(1.600726 -273.371646,-11.936559 -288.618044)
0	78	732	730	1	1	60	60	0	22	71	1	0	Straight	0.0	4292.82	4363.82	LINESTRING(-11.936559 -288.618044,-21.814993 -312.183991)
0	79	730	722	1	0	0	0	0	6	0	0	0	Straight	0.0	4363.82	4369.82	LINESTRING(-21.814993 -312.183991,-25.802296 -316.033439)
0	80	722	720	1	1	70	70	0	16	78	1	0	Straight	0.0	4369.82	4447.82	LINESTRING(-25.802296 -316.033439,-36.108041 -328.334696)
0	81	720	706	1	1	100	100	0	22	111	1	0	Straight	0.0	4447.82	4558.82	LINESTRING(-36.108041 -328.334696,-49.191698 -344.436428)
0	82	706	704	1	1	90	90	0	21	100	1	0	Straight	0.0	4558.82	4658.82	LINESTRING(-49.191698 -344.436428,-62.941826 -355.413168)
0	83	704	700	1	0	0	0	0	5	0	0	0	Right	5.21	4664.03	4669.03	LINESTRING(-62.941826 -355.413168,-67.342228 -352.431420)
0	84	700	702	1	1	180	180	0	21	190	1	0	Right	5.21	4674.24	4864.24	LINESTRING(-67.342228 -352.431420,-53.446482 -342.157477)
0	85	702	718	1	1	200	200	0	23	211	1	0	Straight	0.0	4864.24	5075.24	LINESTRING(-53.446482 -342.157477,-40.500022 -325.680643)
0	86	718	724	1	1	0	0	0	16	8	1	0	Straight	0.0	5075.24	5083.24	LINESTRING(-40.500022 -325.680643,-29.872901 -313.980243)
0	87	724	726	1	0	0	0	0	6	0	0	0	Left	10.42	5093.66	5099.66	LINESTRING(-29.872901 -313.980243,-32.707168 -310.301833)
0	88	726	510	1	0	0	0	0	4	0	0	0	Right	5.21	5104.87	5108.87	LINESTRING(-32.707168 -310.301833,-30.187580 -307.259603)
0	89	510	734	1	0	0	0	0	9	0	0	0	Straight	0.0	5108.87	5117.87	LINESTRING(-30.187580 -307.259603,-25.484546 -298.428270)
0	90	734	740	1	1	110	110	0	19	119	1	0	Straight	0.0	5117.87	5236.87	LINESTRING(-25.484546 -298.428270,-15.765269 -286.411662)
0	91	740	766	1	1	160	160	0	22	171	1	0	Straight	0.0	5236.87	5407.87	LINESTRING(-15.765269 -286.411662,-2.168865 -271.429903)
0	92	766	768	1	1	310	310	0	34	327	1	0	Left	10.42	5418.29	5745.29	LINESTRING(-2.168865 -271.429903,-15.470481 -241.154277)
0	93	768	764	1	0	0	0	0	6	0	0	0	Left	10.42	5755.71	5761.71	LINESTRING(-15.470481 -241.154277,-19.462393 -240.751181)
0	94	764	760	1	0	0	0	0	6	0	0	0	Straight	0.0	5761.71	5767.71	LINESTRING(-19.462393 -240.751181,-23.562389 -238.078473)
0	95	760	756	1	0	0	0	0	6	0	0	0	Straight	0.0	5767.71	5773.71	LINESTRING(-23.562389 -238.078473,-27.599172 -236.815724)
0	96	756	754	1	1	230	230	0	29	244	1	0	Left	10.42	5784.13	6028.13	LINESTRING(-27.599172 -236.815724,-15.312306 -264.094028)
0	97	754	752	1	1	90	90	0	22	101	1	0	Right	5.21	6033.34	6134.34	LINESTRING(-15.312306 -264.094028,-28.816901 -278.697084)
0	98	752	750	1	1	10	10	0	8	14	1	0	Straight	0.0	6134.34	6148.34	LINESTRING(-28.816901 -278.697084,-31.602758 -286.307210)
0	99	750	1064	1	0	0	0	0	22	0	0	0	Right	5.21	6153.55	6175.55	LINESTRING(-31.602758 -286.307210,-49.454929 -272.345597)
0	100	1064	792	1	1	50	50	0	13	56	1	0	Right	5.21	6180.76	6236.76	LINESTRING(-49.454929 -272.345597,-46.486566 -265.104326)
0	101	792	794	1	1	160	160	0	20	170	1	0	Straight	0.0	6236.76	6406.76	LINESTRING(-46.486566 -265.104326,-32.095687 -253.162277)
0	102	794	800	1	0	0	0	0	6	0	0	0	Left	10.42	6417.18	6423.18	LINESTRING(-32.095687 -253.162277,-37.142140 -249.989137)
0	103	800	802	1	1	170	170	0	22	181	0	0	Straight	0.0	6423.18	6445.18	LINESTRING(-37.142140 -249.989137,-47.142171 -229.138898)
0	104	802	796	1	0	0	0	0	6	0	0	0	Right	5.21	6450.39	6456.39	LINESTRING(-47.142171 -229.138898,-42.269513 -230.807112)
0	105	796	794	1	1	190	190	0	23	201	1	0	Right	5.21	6461.6	6662.6	LINESTRING(-42.269513 -230.807112,-32.095687 -253.162277)
0	106	794	788	1	0	0	0	0	5	0	0	0	Straight	0.0	6662.6	6667.6	LINESTRING(-32.095687 -253.162277,-27.718030 -255.669882)
0	107	788	786	1	1	140	140	0	20	150	1	0	Right	5.21	6672.81	6822.81	LINESTRING(-27.718030 -255.669882,-41.704778 -267.874293)
0	108	786	792	1	0	0	0	0	6	0	0	0	Right	5.21	6828.02	6834.02	LINESTRING(-41.704778 -267.874293,-46.486566 -265.104326)
0	109	792	798	1	0	0	0	0	5	0	0	0	Straight	0.0	6834.02	6839.02	LINESTRING(-46.486566 -265.104326,-51.019238 -263.181664)
0	110	798	804	1	0	0	0	0	6	0	0	0	Straight	0.0	6839.02	6845.02	LINESTRING(-51.019238 -263.181664,-56.461003 -261.165203)
0	111	804	810	1	0	0	0	0	5	0	0	0	Straight	0.0	6845.02	6850.02	LINESTRING(-56.461003 -261.165203,-60.996948 -260.672381)
0	112	810	492	1	0	0	0	0	4	0	0	0	Straight	0.0	6850.02	6854.02	LINESTRING(-60.996948 -260.672381,-64.513153 -261.373618)
0	113	492	1058	1	0	0	0	0	3	0	0	0	Straight	0.0	6854.02	6857.02	LINESTRING(-64.513153 -261.373618,-66.821527 -262.771225)
0	114	1058	1036	1	1	60	60	0	17	68	0	0	Straight	0.0	6857.02	6874.02	LINESTRING(-66.821527 -262.771225,-80.499043 -271.104299)
0	115	1036	1048	1	1	30	30	0	8	34	0	0	Straight	0.0	6874.02	6882.02	LINESTRING(-80.499043 -271.104299,-85.835526 -277.228321)
0	116	1048	1046	1	0	0	0	0	6	0	0	0	Straight	0.0	6882.02	6888.02	LINESTRING(-85.835526 -277.228321,-90.068507 -281.714138)
0	117	1046	1050	1	1	60	60	0	13	66	0	0	Straight	0.0	6888.02	6901.02	LINESTRING(-90.068507 -281.714138,-101.680478 -282.822444)
0	118	1050	942	1	1	70	70	0	8	74	0	0	Straight	0.0	6901.02	6909.02	LINESTRING(-101.680478 -282.822444,-108.363926 -282.765581)
0	119	942	950	1	1	40	40	0	7	43	0	0	Left	10.42	6919.44	6926.44	LINESTRING(-108.363926 -282.765581,-112.763273 -288.228469)
0	120	950	952	1	1	80	80	0	12	86	0	0	Straight	0.0	6926.44	6938.44	LINESTRING(-112.763273 -288.228469,-119.667830 -296.544092)
0	121	952	1018	1	0	0	0	0	35	0	0	0	Straight	0.0	6938.44	6973.44	LINESTRING(-119.667830 -296.544092,-145.366028 -314.559625)
0	122	1018	662	1	1	80	80	0	24	92	0	0	Straight	0.0	6973.44	6997.44	LINESTRING(-145.366028 -314.559625,-159.481446 -331.689091)
0	123	662	650	1	1	220	220	0	24	232	0	0	Straight	0.0	6997.44	7021.44	LINESTRING(-159.481446 -331.689091,-163.618451 -355.492639)
0	124	650	628	1	1	90	90	0	20	100	0	0	Left	10.42	7031.86	7051.86	LINESTRING(-163.618451 -355.492639,-144.812107 -374.946475)
0	125	628	630	1	0	0	0	0	4	0	0	0	Right	5.21	7057.07	7061.07	LINESTRING(-144.812107 -374.946475,-147.899920 -376.405234)
0	126	630	632	1	1	60	60	0	8	64	0	0	Straight	0.0	7061.07	7069.07	LINESTRING(-147.899920 -376.405234,-154.387532 -378.835628)
0	127	632	634	1	1	200	200	0	52	226	0	0	Straight	0.0	7069.07	7121.07	LINESTRING(-154.387532 -378.835628,-183.724710 -410.842054)
0	128	634	618	1	0	0	0	0	172	0	0	0	U	41.682	7162.76	7334.76	LINESTRING(-183.724710 -410.842054,-144.755243 22.603909)
0	129	618	1356	1	0	0	0	0	557	0	0	0	Straight	0.0	7334.76	7891.76	LINESTRING(-144.755243 22.603909,-419.486959 402.860046)
0	130	1356	1362	1	0	0	0	0	38	0	0	0	Straight	0.0	7891.76	7929.76	LINESTRING(-419.486959 402.860046,-432.455365 432.455365)
1	0	1362	1356	1	0	0	0	0	38	0	0	300		0.0	8229.76	8267.76	LINESTRING(-432.455365 432.455365,-419.486959 402.860046)
1	1	1356	618	1	0	0	0	0	557	0	0	0	Straight	0.0	8267.76	8824.76	LINESTRING(-419.486959 402.860046,-144.755243 22.603909)
1	2	618	634	1	0	0	0	0	172	0	0	0	Straight	0.0	8824.76	8996.76	LINESTRING(-144.755243 22.603909,-183.724710 -410.842054)
1	3	634	632	1	1	200	200	0	52	226	0	0	U	41.682	9038.44	9090.44	LINESTRING(-183.724710 -410.842054,-154.387532 -378.835628)
1	4	632	630	1	1	60	60	0	8	64	1	0	Straight	0.0	9090.44	9154.44	LINESTRING(-154.387532 -378.835628,-147.899920 -376.405234)
1	5	630	628	1	0	0	0	0	4	0	0	0	Straight	0.0	9154.44	9158.44	LINESTRING(-147.899920 -376.405234,-144.812107 -374.946475)
1	6	628	650	1	1	90	90	0	20	100	1	0	Left	10.42	9168.86	9268.86	LINESTRING(-144.812107 -374.946475,-163.618451 -355.492639)
1	7	650	662	1	1	220	220	0	24	232	1	0	Right	5.21	9274.07	9506.07	LINESTRING(-163.618451 -355.492639,-159.481446 -331.689091)
1	8	662	1018	1	1	80	80	0	24	92	1	0	Straight	0.0	9506.07	9598.07	LINESTRING(-159.481446 -331.689091,-145.366028 -314.559625)
1	9	1018	952	1	0	0	0	0	35	0	0	0	Straight	0.0	9598.07	9633.07	LINESTRING(-145.366028 -314.559625,-119.667830 -296.544092)
1	10	952	1020	1	1	30	30	0	8	34	1	0	Right	5.21	9638.28	9672.28	LINESTRING(-119.667830 -296.544092,-114.464593 -299.497565)
1	11	1020	1038	1	1	80	80	0	10	85	1	0	Left	10.42	9682.7	9767.7	LINESTRING(-114.464593 -299.497565,-107.700565 -296.464664)
1	12	1038	1040	1	1	60	60	0	9	64	1	0	Straight	0.0	9767.7	9831.7	LINESTRING(-107.700565 -296.464664,-100.453606 -293.207733)
1	13	1040	1022	1	1	110	110	0	15	117	1	0	U	41.682	9873.38	9990.38	LINESTRING(-100.453606 -293.207733,-109.350622 -301.357821)
1	14	1022	1020	1	1	30	30	0	7	33	1	0	Right	5.21	9995.59	10028.6	LINESTRING(-109.350622 -301.357821,-114.464593 -299.497565)
1	15	1020	952	1	1	30	30	0	8	34	0	0	Straight	0.0	10028.6	10036.6	LINESTRING(-114.464593 -299.497565,-119.667830 -296.544092)
1	16	952	974	1	1	20	20	0	9	24	1	0	Straight	0.0	10036.6	10060.6	LINESTRING(-119.667830 -296.544092,-127.368893 -291.113057)
1	17	974	972	1	1	20	20	0	9	24	1	0	Straight	0.0	10060.6	10084.6	LINESTRING(-127.368893 -291.113057,-131.549466 -283.327039)
1	18	972	970	1	1	30	30	0	8	34	1	0	Right	5.21	10089.8	10123.8	LINESTRING(-131.549466 -283.327039,-126.762646 -278.298800)
1	19	970	950	1	1	100	100	0	17	108	1	0	Right	5.21	10129.0	10237.0	LINESTRING(-126.762646 -278.298800,-112.763273 -288.228469)
1	20	950	942	1	1	40	40	0	7	43	1	0	Left	10.42	10247.4	10290.4	LINESTRING(-112.763273 -288.228469,-108.363926 -282.765581)
1	21	942	1050	1	1	70	70	0	8	74	1	0	Right	5.21	10295.6	10369.6	LINESTRING(-108.363926 -282.765581,-101.680478 -282.822444)
1	22	1050	1046	1	1	60	60	0	13	66	1	0	Straight	0.0	10369.6	10435.6	LINESTRING(-101.680478 -282.822444,-90.068507 -281.714138)
1	23	1046	1042	1	1	60	60	0	9	64	1	0	Right	5.21	10440.8	10504.8	LINESTRING(-90.068507 -281.714138,-95.055252 -289.543464)
1	24	1042	1040	1	1	50	50	0	7	53	1	0	Straight	0.0	10504.8	10557.8	LINESTRING(-95.055252 -289.543464,-100.453606 -293.207733)
1	25	1040	1038	1	1	60	60	0	9	64	0	0	Straight	0.0	10557.8	10566.8	LINESTRING(-100.453606 -293.207733,-107.700565 -296.464664)
1	26	1038	1020	1	1	80	80	0	10	85	0	0	Straight	0.0	10566.8	10576.8	LINESTRING(-107.700565 -296.464664,-114.464593 -299.497565)
1	27	1020	952	1	1	30	30	0	8	34	0	0	Right	5.21	10582.1	10590.1	LINESTRING(-114.464593 -299.497565,-119.667830 -296.544092)
1	28	952	974	1	1	20	20	0	9	24	0	0	Straight	0.0	10590.1	10599.1	LINESTRING(-119.667830 -296.544092,-127.368893 -291.113057)
1	29	974	898	1	1	130	130	0	39	149	1	0	Straight	0.0	10599.1	10748.1	LINESTRING(-127.368893 -291.113057,-151.298521 -259.552295)
1	30	898	896	1	1	30	30	0	10	35	0	0	U	41.682	10789.7	10799.7	LINESTRING(-151.298521 -259.552295,-143.380616 -261.447961)
1	31	896	878	1	1	40	40	0	14	47	0	0	Left	10.42	10810.2	10824.2	LINESTRING(-143.380616 -261.447961,-136.289080 -247.697503)
1	32	878	880	1	1	100	100	0	8	104	0	0	Left	10.42	10834.6	10842.6	LINESTRING(-136.289080 -247.697503,-142.654249 -243.071531)
1	33	880	882	1	1	80	80	0	11	85	1	0	Straight	0.0	10842.6	10927.6	LINESTRING(-142.654249 -243.071531,-151.374404 -236.200543)
1	34	882	884	1	0	0	0	0	7	0	0	0	Straight	0.0	10927.6	10934.6	LINESTRING(-151.374404 -236.200543,-156.938044 -232.113182)
1	35	884	888	1	1	40	40	0	12	46	1	0	U	41.682	10976.3	11022.3	LINESTRING(-156.938044 -232.113182,-148.230715 -239.042399)
1	36	888	880	1	1	180	180	0	7	183	1	0	Straight	0.0	11022.3	11205.3	LINESTRING(-148.230715 -239.042399,-142.654249 -243.071531)
1	37	880	878	1	1	100	100	0	8	104	1	0	Straight	0.0	11205.3	11309.3	LINESTRING(-142.654249 -243.071531,-136.289080 -247.697503)
1	38	878	896	1	1	40	40	0	14	47	1	0	Right	5.21	11314.5	11361.5	LINESTRING(-136.289080 -247.697503,-143.380616 -261.447961)
1	39	896	898	1	1	30	30	0	10	35	1	0	Right	5.21	11366.7	11401.7	LINESTRING(-143.380616 -261.447961,-151.298521 -259.552295)
1	40	898	900	1	1	20	20	0	13	26	1	0	Straight	0.0	11401.7	11427.7	LINESTRING(-151.298521 -259.552295,-162.165939 -252.193871)
1	41	900	902	1	0	0	0	0	6	0	0	0	Right	5.21	11432.9	11438.9	LINESTRING(-162.165939 -252.193871,-162.646624 -246.868887)
1	42	902	888	1	1	140	140	0	20	150	1	0	Right	5.21	11444.1	11594.1	LINESTRING(-162.646624 -246.868887,-148.230715 -239.042399)
1	43	888	880	1	1	180	180	0	7	183	0	0	Right	5.21	11599.3	11606.3	LINESTRING(-148.230715 -239.042399,-142.654249 -243.071531)
1	44	880	878	1	1	100	100	0	8	104	0	0	Straight	0.0	11606.3	11614.3	LINESTRING(-142.654249 -243.071531,-136.289080 -247.697503)
1	45	878	842	1	1	150	150	0	18	159	1	0	Left	10.42	11624.7	11783.7	LINESTRING(-136.289080 -247.697503,-122.005036 -235.387281)
1	46	842	846	1	1	120	120	0	23	131	0	0	Straight	0.0	11783.7	11806.7	LINESTRING(-122.005036 -235.387281,-102.176695 -223.263857)
1	47	846	848	1	1	30	30	0	10	35	1	0	Straight	0.0	11806.7	11841.7	LINESTRING(-102.176695 -223.263857,-93.842935 -215.247170)
1	48	848	846	1	1	30	30	0	10	35	0	0	U	41.682	11883.4	11893.4	LINESTRING(-93.842935 -215.247170,-102.176695 -223.263857)
1	49	846	842	1	1	120	120	0	23	131	1	0	Straight	0.0	11893.4	12024.4	LINESTRING(-102.176695 -223.263857,-122.005036 -235.387281)
1	50	842	856	1	0	0	0	0	19	0	0	0	Right	5.21	12029.6	12048.6	LINESTRING(-122.005036 -235.387281,-135.455932 -220.410058)
1	51	856	860	1	1	30	30	0	13	36	1	0	Right	5.21	12053.8	12089.8	LINESTRING(-135.455932 -220.410058,-130.268544 -208.053676)
1	52	860	864	1	1	110	110	0	11	115	1	0	Left	10.42	12100.3	12215.3	LINESTRING(-130.268544 -208.053676,-138.049078 -200.364678)
1	53	864	860	1	1	110	110	0	11	115	0	0	U	41.682	12256.9	12267.9	LINESTRING(-138.049078 -200.364678,-130.268544 -208.053676)
1	54	860	866	1	1	40	40	0	17	48	1	0	Left	10.42	12278.4	12326.4	LINESTRING(-130.268544 -208.053676,-114.506052 -195.835728)
1	55	866	874	1	1	50	50	0	9	54	1	0	Left	10.42	12336.8	12390.8	LINESTRING(-114.506052 -195.835728,-120.493965 -189.067081)
1	56	874	866	1	1	50	50	0	9	54	0	0	U	41.682	12432.5	12441.5	LINESTRING(-120.493965 -189.067081,-114.506052 -195.835728)
1	57	866	870	1	1	20	20	0	18	29	1	0	Left	10.42	12451.9	12480.9	LINESTRING(-114.506052 -195.835728,-96.619695 -191.606064)
1	58	870	876	1	1	40	40	0	7	43	1	0	Left	10.42	12491.3	12534.3	LINESTRING(-96.619695 -191.606064,-101.020516 -185.770410)
1	59	876	870	1	1	40	40	0	7	43	0	0	U	41.682	12576.0	12583.0	LINESTRING(-101.020516 -185.770410,-96.619695 -191.606064)
1	60	870	872	1	1	70	70	0	14	77	1	0	Straight	0.0	12583.0	12660.0	LINESTRING(-96.619695 -191.606064,-85.330125 -198.859152)
1	61	872	914	1	0	0	0	0	20	0	0	0	Straight	0.0	12660.0	12680.0	LINESTRING(-85.330125 -198.859152,-73.291430 -218.087779)
1	62	914	916	1	1	100	100	0	22	111	1	0	Right	5.21	12685.2	12796.2	LINESTRING(-73.291430 -218.087779,-90.660931 -232.406080)
1	63	916	908	1	1	40	40	0	8	44	1	0	Right	5.21	12801.4	12845.4	LINESTRING(-90.660931 -232.406080,-97.236565 -228.240145)
1	64	908	906	1	1	130	130	0	10	135	1	0	Straight	0.0	12845.4	12980.4	LINESTRING(-97.236565 -228.240145,-106.534745 -228.674769)
1	65	906	910	1	0	0	0	0	7	0	0	0	Straight	0.0	12980.4	12987.4	LINESTRING(-106.534745 -228.674769,-112.623313 -232.079379)
1	66	910	908	1	1	160	160	0	18	169	1	0	U	41.682	13029.1	13198.1	LINESTRING(-112.623313 -232.079379,-97.236565 -228.240145)
1	67	908	916	1	1	40	40	0	8	44	0	0	Right	5.21	13203.3	13211.3	LINESTRING(-97.236565 -228.240145,-90.660931 -232.406080)
1	68	916	924	1	0	0	0	0	8	0	0	0	Straight	0.0	13211.3	13219.3	LINESTRING(-90.660931 -232.406080,-85.754609 -239.796427)
1	69	924	922	1	1	120	120	0	14	127	1	0	U	41.682	13261.0	13388.0	LINESTRING(-85.754609 -239.796427,-96.509554 -229.638623)
1	70	922	926	1	1	40	40	0	10	45	1	0	U	41.682	13429.7	13474.7	LINESTRING(-96.509554 -229.638623,-90.257580 -236.889629)
1	71	926	928	1	1	110	110	0	14	117	1	0	Straight	0.0	13474.7	13591.7	LINESTRING(-90.257580 -236.889629,-79.937046 -247.703168)
1	72	928	930	1	0	0	0	0	9	0	0	0	Straight	0.0	13591.7	13600.7	LINESTRING(-79.937046 -247.703168,-73.408179 -255.653091)
1	73	930	936	1	1	180	180	0	23	191	1	0	Right	5.21	13605.9	13796.9	LINESTRING(-73.408179 -255.653091,-92.722436 -262.783214)
1	74	936	940	1	0	0	0	0	8	0	0	0	Straight	0.0	13796.9	13804.9	LINESTRING(-92.722436 -262.783214,-96.249510 -266.869750)
1	75	940	964	1	1	150	150	0	17	158	1	0	Straight	0.0	13804.9	13962.9	LINESTRING(-96.249510 -266.869750,-108.795721 -278.276157)
1	76	964	962	1	1	20	20	0	9	24	1	0	Right	5.21	13968.1	13992.1	LINESTRING(-108.795721 -278.276157,-115.601420 -272.629172)
1	77	962	948	1	1	100	100	0	17	108	1	0	Right	5.21	13997.3	14105.3	LINESTRING(-115.601420 -272.629172,-102.835279 -261.785181)
1	78	948	946	1	1	90	90	0	11	95	1	0	Left	10.42	14115.7	14210.7	LINESTRING(-102.835279 -261.785181,-111.928787 -255.484480)
1	79	946	944	1	1	140	140	0	20	150	1	0	Straight	0.0	14210.7	14360.7	LINESTRING(-111.928787 -255.484480,-123.973699 -240.472834)
1	80	944	920	1	0	0	0	0	7	0	0	0	Right	5.21	14365.9	14372.9	LINESTRING(-123.973699 -240.472834,-118.423033 -236.008171)
1	81	920	918	1	1	160	160	0	19	169	1	0	Straight	0.0	14372.9	14541.9	LINESTRING(-118.423033 -236.008171,-102.596896 -228.166716)
1	82	918	916	1	1	130	130	0	14	137	1	0	Right	5.21	14547.1	14684.1	LINESTRING(-102.596896 -228.166716,-90.660931 -232.406080)
1	83	916	914	1	1	100	100	0	22	111	0	0	Left	10.42	14694.5	14716.5	LINESTRING(-90.660931 -232.406080,-73.291430 -218.087779)
1	84	914	838	1	0	0	0	0	6	0	0	0	Right	5.21	14721.8	14727.8	LINESTRING(-73.291430 -218.087779,-67.967108 -219.837363)
1	85	838	840	1	1	40	40	0	10	45	1	0	U	41.682	14769.4	14814.4	LINESTRING(-67.967108 -219.837363,-73.273568 -209.841881)
1	86	840	838	1	1	40	40	0	10	45	0	0	U	41.682	14856.1	14866.1	LINESTRING(-73.273568 -209.841881,-67.967108 -219.837363)
1	87	838	832	1	0	0	0	0	4	0	0	0	Straight	0.0	14866.1	14870.1	LINESTRING(-67.967108 -219.837363,-65.030120 -223.170986)
1	88	832	834	1	1	80	80	0	11	85	1	0	U	41.682	14911.8	14996.8	LINESTRING(-65.030120 -223.170986,-69.967516 -213.276077)
1	89	834	830	1	0	0	0	0	6	0	0	0	U	41.682	15038.5	15044.5	LINESTRING(-69.967516 -213.276077,-66.215541 -217.664928)
1	90	830	828	1	1	40	40	0	12	46	1	0	Straight	0.0	15044.5	15090.5	LINESTRING(-66.215541 -217.664928,-60.908537 -228.814017)
1	91	828	824	1	0	0	0	0	3	0	0	0	Straight	0.0	15090.5	15093.5	LINESTRING(-60.908537 -228.814017,-58.903871 -232.013038)
1	92	824	826	1	1	80	80	0	14	87	1	0	U	41.682	15135.2	15222.2	LINESTRING(-58.903871 -232.013038,-65.248469 -218.694542)
1	93	826	822	1	0	0	0	0	6	0	0	0	U	41.682	15263.8	15269.8	LINESTRING(-65.248469 -218.694542,-61.670173 -223.811535)
1	94	822	820	1	1	90	90	0	15	97	1	0	Straight	0.0	15269.8	15366.8	LINESTRING(-61.670173 -223.811535,-54.857396 -237.975316)
1	95	820	816	1	0	0	0	0	6	0	0	0	Straight	0.0	15366.8	15372.8	LINESTRING(-54.857396 -237.975316,-51.044959 -243.605020)
1	96	816	836	1	1	100	100	0	24	112	1	0	Right	5.21	15378.1	15490.1	LINESTRING(-51.044959 -243.605020,-68.455312 -258.328019)
1	97	836	938	1	1	160	160	0	21	170	1	0	Straight	0.0	15490.1	15660.1	LINESTRING(-68.455312 -258.328019,-85.392327 -267.963838)
1	98	938	940	1	1	50	50	0	12	56	1	0	Straight	0.0	15660.1	15716.1	LINESTRING(-85.392327 -267.963838,-96.249510 -266.869750)
1	99	940	948	1	1	20	20	0	8	24	1	0	Straight	0.0	15716.1	15740.1	LINESTRING(-96.249510 -266.869750,-102.835279 -261.785181)
1	100	948	946	1	1	90	90	0	11	95	0	0	Straight	0.0	15740.1	15751.1	LINESTRING(-102.835279 -261.785181,-111.928787 -255.484480)
1	101	946	944	1	1	140	140	0	20	150	0	0	Straight	0.0	15751.1	15771.1	LINESTRING(-111.928787 -255.484480,-123.973699 -240.472834)
1	102	944	954	1	1	130	130	0	12	136	1	0	Left	10.42	15781.5	15917.5	LINESTRING(-123.973699 -240.472834,-133.013191 -249.668731)
1	103	954	976	1	1	70	70	0	10	75	1	0	Straight	0.0	15917.5	15992.5	LINESTRING(-133.013191 -249.668731,-140.029839 -257.903391)
1	104	976	968	1	1	130	130	0	21	140	1	0	Left	10.42	16002.9	16142.9	LINESTRING(-140.029839 -257.903391,-124.641581 -272.514684)
1	105	968	970	1	1	10	10	0	6	13	1	0	Right	5.21	16148.1	16161.1	LINESTRING(-124.641581 -272.514684,-126.762646 -278.298800)
1	106	970	972	1	1	30	30	0	8	34	0	0	Straight	0.0	16161.1	16169.1	LINESTRING(-126.762646 -278.298800,-131.549466 -283.327039)
1	107	972	896	1	1	160	160	0	24	172	1	0	Right	5.21	16174.3	16346.3	LINESTRING(-131.549466 -283.327039,-143.380616 -261.447961)
1	108	896	976	1	0	0	0	0	5	0	0	0	Right	5.21	16351.5	16356.5	LINESTRING(-143.380616 -261.447961,-140.029839 -257.903391)
1	109	976	954	1	1	70	70	0	10	75	0	0	Straight	0.0	16356.5	16366.5	LINESTRING(-140.029839 -257.903391,-133.013191 -249.668731)
1	110	954	956	1	1	130	130	0	19	139	1	0	Right	5.21	16371.7	16510.7	LINESTRING(-133.013191 -249.668731,-119.454037 -262.798186)
1	111	956	960	1	1	60	60	0	12	66	1	0	Right	5.21	16515.9	16581.9	LINESTRING(-119.454037 -262.798186,-119.773724 -269.109421)
1	112	960	962	1	1	20	20	0	5	22	1	0	Left	10.42	16592.4	16614.4	LINESTRING(-119.773724 -269.109421,-115.601420 -272.629172)
1	113	962	964	1	1	20	20	0	9	24	0	0	Straight	0.0	16614.4	16623.4	LINESTRING(-115.601420 -272.629172,-108.795721 -278.276157)
1	114	964	942	1	1	30	30	0	5	32	1	0	Straight	0.0	16623.4	16655.4	LINESTRING(-108.795721 -278.276157,-108.363926 -282.765581)
1	115	942	1050	1	1	70	70	0	8	74	0	0	Left	10.42	16665.8	16673.8	LINESTRING(-108.363926 -282.765581,-101.680478 -282.822444)
1	116	1050	1046	1	1	60	60	0	13	66	0	0	Straight	0.0	16673.8	16686.8	LINESTRING(-101.680478 -282.822444,-90.068507 -281.714138)
1	117	1046	1034	1	1	50	50	0	15	57	1	0	Right	5.21	16692.0	16749.0	LINESTRING(-90.068507 -281.714138,-92.142369 -284.776918)
1	118	1034	1030	1	1	60	60	0	9	64	1	0	Straight	0.0	16749.0	16813.0	LINESTRING(-92.142369 -284.776918,-95.771942 -294.074089)
1	119	1030	1028	1	1	100	100	0	24	112	0	0	Straight	0.0	16813.0	16837.0	LINESTRING(-95.771942 -294.074089,-91.768270 -311.472196)
1	120	1028	1030	1	1	100	100	0	24	112	1	0	U	41.682	16878.7	16990.7	LINESTRING(-91.768270 -311.472196,-95.771942 -294.074089)
1	121	1030	1026	1	1	230	230	0	31	245	1	0	U	41.682	17032.4	17277.4	LINESTRING(-95.771942 -294.074089,-98.452465 -306.410906)
1	122	1026	1024	1	0	0	0	0	5	0	0	0	Right	5.21	17282.6	17287.6	LINESTRING(-98.452465 -306.410906,-102.927750 -302.864448)
1	123	1024	1042	1	1	130	130	0	18	139	1	0	Right	5.21	17292.8	17431.8	LINESTRING(-102.927750 -302.864448,-95.055252 -289.543464)
1	124	1042	1046	1	1	60	60	0	9	64	0	0	Straight	0.0	17431.8	17440.8	LINESTRING(-95.055252 -289.543464,-90.068507 -281.714138)
1	125	1046	1048	1	0	0	0	0	6	0	0	0	Straight	0.0	17440.8	17446.8	LINESTRING(-90.068507 -281.714138,-85.835526 -277.228321)
1	126	1048	1036	1	1	30	30	0	8	34	0	0	Straight	0.0	17446.8	17454.8	LINESTRING(-85.835526 -277.228321,-80.499043 -271.104299)
1	127	1036	938	1	1	20	20	0	6	23	1	0	Left	10.42	17465.2	17488.2	LINESTRING(-80.499043 -271.104299,-85.392327 -267.963838)
1	128	938	836	1	1	160	160	0	21	170	0	0	Right	5.21	17493.4	17514.4	LINESTRING(-85.392327 -267.963838,-68.455312 -258.328019)
1	129	836	816	1	1	100	100	0	24	112	0	0	Straight	0.0	17514.4	17538.4	LINESTRING(-68.455312 -258.328019,-51.044959 -243.605020)
1	130	816	818	1	1	130	130	0	16	138	1	0	Left	10.42	17548.8	17686.8	LINESTRING(-51.044959 -243.605020,-58.309774 -229.008663)
1	131	818	814	1	0	0	0	0	6	0	0	0	Right	5.21	17692.0	17698.0	LINESTRING(-58.309774 -229.008663,-54.973843 -229.625072)
1	132	814	812	1	1	110	110	0	18	119	1	0	Right	5.21	17703.3	17822.3	LINESTRING(-54.973843 -229.625072,-46.925986 -246.147474)
1	133	812	810	1	1	100	100	0	22	111	1	0	Right	5.21	17827.5	17938.5	LINESTRING(-46.925986 -246.147474,-60.996948 -260.672381)
1	134	810	804	1	0	0	0	0	5	0	0	0	Left	10.42	17948.9	17953.9	LINESTRING(-60.996948 -260.672381,-56.461003 -261.165203)
1	135	804	806	1	1	190	190	0	22	201	1	0	Left	10.42	17964.3	18165.3	LINESTRING(-56.461003 -261.165203,-41.606137 -247.870792)
1	136	806	808	1	1	130	130	0	20	140	1	0	Left	10.42	18175.7	18315.7	LINESTRING(-41.606137 -247.870792,-50.711484 -229.130433)
1	137	808	802	1	0	0	0	0	6	0	0	0	Right	5.21	18320.9	18326.9	LINESTRING(-50.711484 -229.130433,-47.142171 -229.138898)
1	138	802	800	1	1	170	170	0	22	181	1	0	Right	5.21	18332.1	18513.1	LINESTRING(-47.142171 -229.138898,-37.142140 -249.989137)
1	139	800	798	1	1	170	170	0	22	181	1	0	Right	5.21	18518.4	18699.4	LINESTRING(-37.142140 -249.989137,-51.019238 -263.181664)
1	140	798	1060	1	1	80	80	0	13	86	1	0	Right	5.21	18704.6	18790.6	LINESTRING(-51.019238 -263.181664,-60.816696 -262.475079)
1	141	1060	1058	1	1	60	60	0	12	66	1	0	Straight	0.0	18790.6	18856.6	LINESTRING(-60.816696 -262.475079,-66.821527 -262.771225)
1	142	1058	1036	1	1	60	60	0	17	68	1	0	Straight	0.0	18856.6	18924.6	LINESTRING(-66.821527 -262.771225,-80.499043 -271.104299)
1	143	1036	1048	1	1	30	30	0	8	34	1	0	Straight	0.0	18924.6	18958.6	LINESTRING(-80.499043 -271.104299,-85.835526 -277.228321)
1	144	1048	1050	1	1	110	110	0	21	120	1	0	Straight	0.0	18958.6	19078.6	LINESTRING(-85.835526 -277.228321,-101.680478 -282.822444)
1	145	1050	942	1	1	70	70	0	8	74	0	0	Straight	0.0	19078.6	19086.6	LINESTRING(-101.680478 -282.822444,-108.363926 -282.765581)
1	146	942	950	1	1	40	40	0	7	43	0	0	Left	10.42	19097.0	19104.0	LINESTRING(-108.363926 -282.765581,-112.763273 -288.228469)
1	147	950	952	1	1	80	80	0	12	86	1	0	Straight	0.0	19104.0	19190.0	LINESTRING(-112.763273 -288.228469,-119.667830 -296.544092)
1	148	952	1018	1	0	0	0	0	35	0	0	0	Straight	0.0	19190.0	19225.0	LINESTRING(-119.667830 -296.544092,-145.366028 -314.559625)
1	149	1018	984	1	0	0	0	0	19	0	0	0	Straight	0.0	19225.0	19244.0	LINESTRING(-145.366028 -314.559625,-161.801472 -315.092455)
1	150	984	986	1	1	70	70	0	13	76	1	0	Straight	0.0	19244.0	19320.0	LINESTRING(-161.801472 -315.092455,-172.971597 -316.411884)
1	151	986	988	1	1	20	20	0	7	23	1	0	Straight	0.0	19320.0	19343.0	LINESTRING(-172.971597 -316.411884,-179.111389 -315.598786)
1	152	988	986	1	1	20	20	0	7	23	0	0	U	41.682	19384.7	19391.7	LINESTRING(-179.111389 -315.598786,-172.971597 -316.411884)
1	153	986	990	1	1	40	40	0	9	44	1	0	Right	5.21	19396.9	19440.9	LINESTRING(-172.971597 -316.411884,-179.282556 -321.580331)
1	154	990	994	1	1	30	30	0	11	35	1	0	Straight	0.0	19440.9	19475.9	LINESTRING(-179.282556 -321.580331,-189.228200 -320.845087)
1	155	994	1002	1	1	170	170	0	40	190	1	0	Straight	0.0	19475.9	19665.9	LINESTRING(-189.228200 -320.845087,-221.699069 -320.030591)
1	156	1002	1008	1	0	0	0	0	6	0	0	0	Straight	0.0	19665.9	19671.9	LINESTRING(-221.699069 -320.030591,-226.862402 -320.054776)
1	157	1008	1010	1	1	20	20	0	13	26	1	0	Left	10.42	19682.3	19708.3	LINESTRING(-226.862402 -320.054776,-234.948880 -330.509615)
1	158	1010	1008	1	1	20	20	0	13	26	0	0	U	41.682	19750.0	19763.0	LINESTRING(-234.948880 -330.509615,-226.862402 -320.054776)
1	159	1008	1002	1	0	0	0	0	6	0	0	0	Right	5.21	19768.2	19774.2	LINESTRING(-226.862402 -320.054776,-221.699069 -320.030591)
1	160	1002	1004	1	0	0	0	0	1	0	0	0	Straight	0.0	19774.2	19775.2	LINESTRING(-221.699069 -320.030591,-220.834466 -320.047442)
1	161	1004	996	1	1	10	10	0	8	14	1	0	Straight	0.0	19775.2	19789.2	LINESTRING(-220.834466 -320.047442,-213.889403 -320.342244)
1	162	996	998	1	1	10	10	0	10	15	1	0	Right	5.21	19794.4	19809.4	LINESTRING(-213.889403 -320.342244,-219.380378 -330.452354)
1	163	998	1006	1	1	20	20	0	7	23	1	0	Right	5.21	19814.6	19837.6	LINESTRING(-219.380378 -330.452354,-225.241698 -331.345306)
1	164	1006	998	1	1	20	20	0	7	23	0	0	U	41.682	19879.3	19886.3	LINESTRING(-225.241698 -331.345306,-219.380378 -330.452354)
1	165	998	992	1	1	220	220	0	39	239	1	0	Straight	0.0	19886.3	20125.3	LINESTRING(-219.380378 -330.452354,-185.487677 -328.900174)
1	166	992	990	1	1	20	20	0	10	25	1	0	Left	10.42	20135.7	20160.7	LINESTRING(-185.487677 -328.900174,-179.282556 -321.580331)
1	167	990	994	1	1	30	30	0	11	35	0	0	Left	10.42	20171.1	20182.1	LINESTRING(-179.282556 -321.580331,-189.228200 -320.845087)
1	168	994	996	1	1	190	190	0	28	204	1	0	Straight	0.0	20182.1	20386.1	LINESTRING(-189.228200 -320.845087,-213.889403 -320.342244)
1	169	996	998	1	1	10	10	0	10	15	0	0	Left	10.42	20396.5	20406.5	LINESTRING(-213.889403 -320.342244,-219.380378 -330.452354)
1	170	998	992	1	1	220	220	0	39	239	0	0	Left	10.42	20417.0	20456.0	LINESTRING(-219.380378 -330.452354,-185.487677 -328.900174)
1	171	992	554	1	0	0	0	0	12	0	0	0	Right	5.21	20461.2	20473.2	LINESTRING(-185.487677 -328.900174,-191.592504 -340.125785)
1	172	554	646	1	0	0	0	0	39	0	0	0	Left	10.42	20483.6	20522.6	LINESTRING(-191.592504 -340.125785,-166.106614 -384.073875)
1	173	646	642	1	1	200	200	0	54	227	1	0	Right	5.21	20527.8	20754.8	LINESTRING(-166.106614 -384.073875,-195.583651 -421.053861)
1	174	642	640	1	0	0	0	0	7	0	0	0	U	41.682	20796.5	20803.5	LINESTRING(-195.583651 -421.053861,-189.440186 -419.817883)
1	175	640	638	1	1	200	200	0	53	226	1	0	Straight	0.0	20803.5	21029.5	LINESTRING(-189.440186 -419.817883,-159.860895 -381.309532)
1	176	638	636	1	0	0	0	0	4	0	0	0	Straight	0.0	21029.5	21033.5	LINESTRING(-159.860895 -381.309532,-156.810175 -379.781111)
1	177	636	654	1	1	40	40	0	9	44	0	0	Left	10.42	21043.9	21052.9	LINESTRING(-156.810175 -379.781111,-165.435666 -372.100287)
1	178	654	652	1	1	110	110	0	10	115	1	0	Straight	0.0	21052.9	21167.9	LINESTRING(-165.435666 -372.100287,-173.956296 -363.012076)
1	179	652	656	1	0	0	0	0	8	0	0	0	Right	5.21	21173.1	21181.1	LINESTRING(-173.956296 -363.012076,-169.411529 -359.243794)
1	180	656	654	1	1	160	160	0	18	169	1	0	Right	5.21	21186.3	21355.3	LINESTRING(-169.411529 -359.243794,-165.435666 -372.100287)
1	181	654	636	1	1	40	40	0	9	44	1	0	Straight	0.0	21355.3	21399.3	LINESTRING(-165.435666 -372.100287,-156.810175 -379.781111)
1	182	636	632	1	0	0	0	0	3	0	0	0	Left	10.42	21409.8	21412.8	LINESTRING(-156.810175 -379.781111,-154.387532 -378.835628)
1	183	632	634	1	1	200	200	0	52	226	1	0	U	41.682	21454.4	21680.4	LINESTRING(-154.387532 -378.835628,-183.724710 -410.842054)
1	184	634	618	1	0	0	0	0	172	0	0	0	U	41.682	21722.1	21894.1	LINESTRING(-183.724710 -410.842054,-144.755243 22.603909)
1	185	618	1356	1	0	0	0	0	557	0	0	0	Straight	0.0	21894.1	22451.1	LINESTRING(-144.755243 22.603909,-419.486959 402.860046)
1	186	1356	1362	1	0	0	0	0	38	0	0	0	Straight	0.0	22451.1	22489.1	LINESTRING(-419.486959 402.860046,-432.455365 432.455365)
2	0	1362	10096	-1	-1	0	0	1453	1453	0	0	300		0.0	22489.1	24242.1	LINESTRING(-432.455365 432.455365,432.455365 -432.455365)
