Problem Type	Solution Method	Vehicle Capacity (Weight)	Vehicle Capacity(Volume)	Disposal Trips	Route Time	Route Time wo Turns	Computational Time(Sec)	Clustering Time(Sec)	VA(NHO)	VA(ATD)	VA(CCI)	VA(DMT)	VA(ROI)	VA(AOI)	Optimal
MCARPTIF-TP	WJ19	10000	10000	2	35421	28442	130.962	0	0.295215	1156.01	1.46154	27805	1.5981	0.367046	0
Load No	Sequence No	From Node ID	To Node ID	IsEdge	Required	Weight	Volume	Travel Miles	Travel Time	Service Time	Served	Dumped	Turn Type	Turn Cost	Depart Time	Arrival Time	Shape
0	0	2277	922	1	0	0	0	0	91	0	0	300		0.0	300.0	391.0	LINESTRING(360.380000 280.330000,363.400000 284.320000)
0	1	922	923	1	0	0	0	0	20	0	0	0	Straight	0.0	391.0	411.0	LINESTRING(363.400000 284.320000,367.720000 288.770000)
0	2	923	2011	1	0	0	0	0	100	0	0	0	Straight	0.0	411.0	511.0	LINESTRING(367.720000 288.770000,372.780000 294.490000)
0	3	2011	1004	1	0	0	0	0	249	0	0	0	Straight	0.0	511.0	760.0	LINESTRING(372.780000 294.490000,378.590000 301.430000)
0	4	1004	1528	1	0	0	0	0	24	0	0	0	Straight	0.0	760.0	784.0	LINESTRING(378.590000 301.430000,385.690000 307.890000)
0	5	1528	611	0	0	0	0	0	16	0	0	0	Straight	0.0	784.0	800.0	LINESTRING(385.690000 307.890000,386.970000 314.450000)
0	6	611	610	1	0	0	0	0	13	0	0	0	Straight	0.0	800.0	813.0	LINESTRING(386.970000 314.450000,383.270000 322.520000)
0	7	610	951	1	0	0	0	0	5	0	0	0	Straight	0.0	813.0	818.0	LINESTRING(383.270000 322.520000,362.600000 336.160000)
0	8	951	561	1	0	0	0	0	65	0	0	0	Straight	0.0	818.0	883.0	LINESTRING(362.600000 336.160000,341.600000 352.600000)
0	9	561	900	1	0	0	0	0	83	0	0	0	Straight	0.0	883.0	966.0	LINESTRING(341.600000 352.600000,313.770000 368.790000)
0	10	900	1553	1	0	0	0	0	42	0	0	0	Straight	0.0	966.0	1008.0	LINESTRING(313.770000 368.790000,285.870000 384.490000)
0	11	1553	2313	1	0	0	0	0	55	0	0	0	Straight	0.0	1008.0	1063.0	LINESTRING(285.870000 384.490000,258.180000 400.590000)
0	12	2313	1965	1	0	0	0	0	155	0	0	0	Straight	0.0	1063.0	1218.0	LINESTRING(258.180000 400.590000,235.220000 422.080000)
0	13	1965	1625	1	0	0	0	0	29	0	0	0	U	57.264	1275.26	1304.26	LINESTRING(235.220000 422.080000,238.330000 396.480000)
0	14	1625	590	0	0	0	0	0	6	0	0	0	Straight	0.0	1304.26	1310.26	LINESTRING(238.330000 396.480000,241.200000 373.740000)
0	15	590	591	1	0	0	0	0	38	0	0	0	Straight	0.0	1310.26	1348.26	LINESTRING(241.200000 373.740000,243.650000 348.460000)
0	16	591	2151	0	0	0	0	0	4	0	0	0	Straight	0.0	1348.26	1352.26	LINESTRING(243.650000 348.460000,253.080000 337.090000)
0	17	2151	1687	0	0	0	0	0	3	0	0	0	Straight	0.0	1352.26	1355.26	LINESTRING(253.080000 337.090000,263.280000 331.000000)
0	18	1687	925	1	0	0	0	0	19	0	0	0	Left	14.316	1369.58	1388.58	LINESTRING(263.280000 331.000000,283.040000 336.760000)
0	19	925	820	1	0	0	0	0	120	0	0	0	Straight	0.0	1388.58	1508.58	LINESTRING(283.040000 336.760000,302.800000 343.060000)
0	20	820	1753	1	0	0	0	0	16	0	0	0	Straight	0.0	1508.58	1524.58	LINESTRING(302.800000 343.060000,322.810000 349.830000)
0	21	1753	420	1	0	0	0	0	3	0	0	0	Straight	0.0	1524.58	1527.58	LINESTRING(322.810000 349.830000,341.770000 358.890000)
0	22	420	419	0	0	0	0	0	12	0	0	0	U	57.264	1584.84	1596.84	LINESTRING(341.770000 358.890000,333.650000 347.610000)
0	23	419	2078	0	0	0	0	0	7	0	0	0	Straight	0.0	1596.84	1603.84	LINESTRING(333.650000 347.610000,328.940000 336.830000)
0	24	2078	421	1	0	0	0	0	9	0	0	0	Straight	0.0	1603.84	1612.84	LINESTRING(328.940000 336.830000,325.830000 324.380000)
0	25	421	422	1	0	0	0	0	17	0	0	0	Straight	0.0	1612.84	1629.84	LINESTRING(325.830000 324.380000,321.420000 311.950000)
0	26	422	1822	1	1	84	84	0	15	95	1	0	Straight	0.0	1629.84	1724.84	LINESTRING(321.420000 311.950000,318.840000 308.290000)
0	27	1822	422	1	1	84	84	0	15	95	0	0	U	57.264	1782.11	1797.11	LINESTRING(318.840000 308.290000,321.420000 311.950000)
0	28	422	813	1	0	0	0	0	17	0	0	0	U	57.264	1854.37	1871.37	LINESTRING(321.420000 311.950000,317.360000 300.250000)
0	29	813	814	1	0	0	0	0	17	0	0	0	Straight	0.0	1871.37	1888.37	LINESTRING(317.360000 300.250000,313.250000 289.160000)
0	30	814	440	1	0	0	0	0	14	0	0	0	Straight	0.0	1888.37	1902.37	LINESTRING(313.250000 289.160000,309.840000 279.060000)
0	31	440	1607	1	0	0	0	0	10	0	0	0	Straight	0.0	1902.37	1912.37	LINESTRING(309.840000 279.060000,310.450000 272.220000)
0	32	1607	1608	1	1	230	230	0	41	271	1	0	Straight	0.0	1912.37	2183.37	LINESTRING(310.450000 272.220000,309.090000 267.460000)
0	33	1608	1607	1	1	230	230	0	41	271	0	0	U	57.264	2240.64	2281.64	LINESTRING(309.090000 267.460000,310.450000 272.220000)
0	34	1607	440	1	0	0	0	0	10	0	0	0	Straight	0.0	2281.64	2291.64	LINESTRING(310.450000 272.220000,309.840000 279.060000)
0	35	440	441	1	0	0	0	0	61	0	0	0	U	57.264	2348.9	2409.9	LINESTRING(309.840000 279.060000,304.770000 272.140000)
0	36	441	808	1	0	0	0	0	21	0	0	0	Straight	0.0	2409.9	2430.9	LINESTRING(304.770000 272.140000,302.640000 266.150000)
0	37	808	807	1	1	336	336	0	60	390	1	0	Right	7.158	2438.06	2828.06	LINESTRING(302.640000 266.150000,300.660000 268.690000)
0	38	807	441	1	0	0	0	0	24	0	0	0	Right	7.158	2835.22	2859.22	LINESTRING(300.660000 268.690000,304.770000 272.140000)
0	39	441	440	1	0	0	0	0	61	0	0	0	Straight	0.0	2859.22	2920.22	LINESTRING(304.770000 272.140000,309.840000 279.060000)
0	40	440	814	1	0	0	0	0	14	0	0	0	Straight	0.0	2920.22	2934.22	LINESTRING(309.840000 279.060000,313.250000 289.160000)
0	41	814	813	1	0	0	0	0	17	0	0	0	Straight	0.0	2934.22	2951.22	LINESTRING(313.250000 289.160000,317.360000 300.250000)
0	42	813	422	1	0	0	0	0	17	0	0	0	Straight	0.0	2951.22	2968.22	LINESTRING(317.360000 300.250000,321.420000 311.950000)
0	43	422	421	1	0	0	0	0	17	0	0	0	Straight	0.0	2968.22	2985.22	LINESTRING(321.420000 311.950000,325.830000 324.380000)
0	44	421	2078	1	0	0	0	0	9	0	0	0	Straight	0.0	2985.22	2994.22	LINESTRING(325.830000 324.380000,328.940000 336.830000)
0	45	2078	810	0	0	0	0	0	6	0	0	0	Straight	0.0	2994.22	3000.22	LINESTRING(328.940000 336.830000,326.680000 343.370000)
0	46	810	1753	0	1	66	66	0	12	72	1	0	Straight	0.0	3000.22	3072.22	LINESTRING(326.680000 343.370000,322.810000 349.830000)
0	47	1753	420	1	0	0	0	0	3	0	0	0	Right	7.158	3079.37	3082.37	LINESTRING(322.810000 349.830000,341.770000 358.890000)
0	48	420	1752	1	0	0	0	0	13	0	0	0	Straight	0.0	3082.37	3095.37	LINESTRING(341.770000 358.890000,362.670000 372.890000)
0	49	1752	1820	1	0	0	0	0	37	0	0	0	Straight	0.0	3095.37	3132.37	LINESTRING(362.670000 372.890000,383.950000 386.980000)
0	50	1820	1821	1	0	0	0	0	41	0	0	0	Left	14.316	3146.69	3187.69	LINESTRING(383.950000 386.980000,378.500000 398.750000)
0	51	1821	766	1	0	0	0	0	42	0	0	0	Straight	0.0	3187.69	3229.69	LINESTRING(378.500000 398.750000,371.440000 408.740000)
0	52	766	780	1	0	0	0	0	9	0	0	0	Straight	0.0	3229.69	3238.69	LINESTRING(371.440000 408.740000,363.920000 416.020000)
0	53	780	398	1	0	0	0	0	20	0	0	0	Straight	0.0	3238.69	3258.69	LINESTRING(363.920000 416.020000,358.850000 425.040000)
0	54	398	786	1	0	0	0	0	21	0	0	0	Straight	0.0	3258.69	3279.69	LINESTRING(358.850000 425.040000,353.220000 433.320000)
0	55	786	785	1	0	0	0	0	15	0	0	0	Straight	0.0	3279.69	3294.69	LINESTRING(353.220000 433.320000,348.230000 442.330000)
0	56	785	2265	1	0	0	0	0	27	0	0	0	Straight	0.0	3294.69	3321.69	LINESTRING(348.230000 442.330000,343.130000 451.040000)
0	57	2265	1555	1	0	0	0	0	4	0	0	0	Straight	0.0	3321.69	3325.69	LINESTRING(343.130000 451.040000,339.130000 457.480000)
0	58	1555	418	1	0	0	0	0	14	0	0	0	Straight	0.0	3325.69	3339.69	LINESTRING(339.130000 457.480000,337.050000 465.390000)
0	59	418	449	1	0	0	0	0	26	0	0	0	Straight	0.0	3339.69	3365.69	LINESTRING(337.050000 465.390000,334.570000 475.570000)
0	60	449	470	1	0	0	0	0	14	0	0	0	Straight	0.0	3365.69	3379.69	LINESTRING(334.570000 475.570000,328.670000 491.090000)
0	61	470	843	1	0	0	0	0	17	0	0	0	Straight	0.0	3379.69	3396.69	LINESTRING(328.670000 491.090000,328.110000 505.230000)
0	62	843	452	1	0	0	0	0	46	0	0	0	Straight	0.0	3396.69	3442.69	LINESTRING(328.110000 505.230000,339.490000 522.500000)
0	63	452	451	1	0	0	0	0	9	0	0	0	Straight	0.0	3442.69	3451.69	LINESTRING(339.490000 522.500000,359.280000 532.430000)
0	64	451	442	1	0	0	0	0	9	0	0	0	Straight	0.0	3451.69	3460.69	LINESTRING(359.280000 532.430000,368.860000 539.840000)
0	65	442	1586	1	0	0	0	0	5	0	0	0	Left	14.316	3475.01	3480.01	LINESTRING(368.860000 539.840000,358.660000 555.050000)
0	66	1586	443	1	0	0	0	0	1	0	0	0	Straight	0.0	3480.01	3481.01	LINESTRING(358.660000 555.050000,341.810000 562.430000)
0	67	443	444	1	0	0	0	0	19	0	0	0	Straight	0.0	3481.01	3500.01	LINESTRING(341.810000 562.430000,329.220000 584.090000)
0	68	444	1976	1	1	76	76	0	14	84	1	0	Straight	0.0	3500.01	3584.01	LINESTRING(329.220000 584.090000,322.910000 600.020000)
0	69	1976	489	1	1	66	66	0	12	72	1	0	Straight	0.0	3584.01	3656.01	LINESTRING(322.910000 600.020000,316.790000 614.240000)
0	70	489	848	1	1	27	27	0	5	25	1	0	U	57.264	3713.27	3738.27	LINESTRING(316.790000 614.240000,320.710000 607.250000)
0	71	848	847	1	1	114	114	0	21	131	1	0	Left	14.316	3752.59	3883.59	LINESTRING(320.710000 607.250000,324.570000 608.700000)
0	72	847	2406	1	1	106	106	0	19	119	1	0	Straight	0.0	3883.59	4002.59	LINESTRING(324.570000 608.700000,327.610000 610.580000)
0	73	2406	847	1	1	106	106	0	19	119	0	0	U	57.264	4059.85	4078.85	LINESTRING(327.610000 610.580000,324.570000 608.700000)
0	74	847	848	1	1	114	114	0	21	131	0	0	Straight	0.0	4078.85	4099.85	LINESTRING(324.570000 608.700000,320.710000 607.250000)
0	75	848	489	1	1	27	27	0	5	25	0	0	Right	7.158	4107.01	4112.01	LINESTRING(320.710000 607.250000,316.790000 614.240000)
0	76	489	490	1	0	0	0	0	19	0	0	0	Straight	0.0	4112.01	4131.01	LINESTRING(316.790000 614.240000,309.270000 630.070000)
0	77	490	494	1	1	73	73	0	13	83	1	0	Straight	0.0	4131.01	4214.01	LINESTRING(309.270000 630.070000,300.370000 642.620000)
0	78	494	2001	1	1	43	43	0	8	48	1	0	Straight	0.0	4214.01	4262.01	LINESTRING(300.370000 642.620000,293.350000 646.010000)
0	79	2001	885	1	1	42	42	0	8	48	1	0	Straight	0.0	4262.01	4310.01	LINESTRING(293.350000 646.010000,287.080000 644.540000)
0	80	885	1681	1	1	65	65	0	12	72	1	0	Straight	0.0	4310.01	4382.01	LINESTRING(287.080000 644.540000,282.020000 645.930000)
0	81	1681	885	1	1	65	65	0	12	72	0	0	U	57.264	4439.27	4451.27	LINESTRING(282.020000 645.930000,287.080000 644.540000)
0	82	885	1866	1	1	50	50	0	9	59	1	0	Right	7.158	4458.43	4517.43	LINESTRING(287.080000 644.540000,286.420000 640.930000)
0	83	1866	885	1	1	50	50	0	9	59	0	0	U	57.264	4574.69	4583.69	LINESTRING(286.420000 640.930000,287.080000 644.540000)
0	84	885	886	1	1	41	41	0	7	47	1	0	Left	14.316	4598.01	4645.01	LINESTRING(287.080000 644.540000,283.650000 643.000000)
0	85	886	885	1	1	41	41	0	7	47	0	0	U	57.264	4702.27	4709.27	LINESTRING(283.650000 643.000000,287.080000 644.540000)
0	86	885	2001	1	1	42	42	0	8	48	0	0	Straight	0.0	4709.27	4717.27	LINESTRING(287.080000 644.540000,293.350000 646.010000)
0	87	2001	2351	1	1	41	41	0	7	47	1	0	Left	14.316	4731.59	4778.59	LINESTRING(293.350000 646.010000,291.100000 650.710000)
0	88	2351	2001	1	1	41	41	0	7	47	0	0	U	57.264	4835.85	4842.85	LINESTRING(291.100000 650.710000,293.350000 646.010000)
0	89	2001	494	1	1	43	43	0	8	48	0	0	Straight	0.0	4842.85	4850.85	LINESTRING(293.350000 646.010000,300.370000 642.620000)
0	90	494	495	1	1	15	15	0	3	13	1	0	U	57.264	4908.12	4921.12	LINESTRING(300.370000 642.620000,294.450000 654.280000)
0	91	495	1548	1	1	38	38	0	7	37	1	0	Straight	0.0	4921.12	4958.12	LINESTRING(294.450000 654.280000,288.440000 663.790000)
0	92	1548	1934	1	1	63	63	0	11	71	1	0	Straight	0.0	4958.12	5029.12	LINESTRING(288.440000 663.790000,284.580000 667.060000)
0	93	1934	1548	1	1	63	63	0	11	71	0	0	U	57.264	5086.38	5097.38	LINESTRING(284.580000 667.060000,288.440000 663.790000)
0	94	1548	466	1	1	41	41	0	7	47	1	0	U	57.264	5154.65	5201.65	LINESTRING(288.440000 663.790000,283.300000 671.470000)
0	95	466	2299	1	1	60	60	0	11	71	1	0	Straight	0.0	5201.65	5272.65	LINESTRING(283.300000 671.470000,278.930000 675.760000)
0	96	2299	466	1	1	60	60	0	11	71	0	0	U	57.264	5329.91	5340.91	LINESTRING(278.930000 675.760000,283.300000 671.470000)
0	97	466	465	1	1	29	29	0	5	25	1	0	U	57.264	5398.17	5423.17	LINESTRING(283.300000 671.470000,282.200000 676.170000)
0	98	465	466	1	1	29	29	0	5	25	0	0	U	57.264	5480.44	5485.44	LINESTRING(282.200000 676.170000,283.300000 671.470000)
0	99	466	1548	1	1	41	41	0	7	47	0	0	Straight	0.0	5485.44	5492.44	LINESTRING(283.300000 671.470000,288.440000 663.790000)
0	100	1548	1547	1	1	23	23	0	4	24	1	0	U	57.264	5549.7	5573.7	LINESTRING(288.440000 663.790000,288.440000 668.870000)
0	101	1547	1548	1	1	23	23	0	4	24	0	0	U	57.264	5630.97	5634.97	LINESTRING(288.440000 668.870000,288.440000 663.790000)
0	102	1548	495	1	1	38	38	0	7	37	0	0	Straight	0.0	5634.97	5641.97	LINESTRING(288.440000 663.790000,294.450000 654.280000)
0	103	495	2373	1	1	28	28	0	5	25	1	0	U	57.264	5699.23	5724.23	LINESTRING(294.450000 654.280000,293.050000 659.130000)
0	104	2373	495	1	1	28	28	0	5	25	0	0	U	57.264	5781.49	5786.49	LINESTRING(293.050000 659.130000,294.450000 654.280000)
0	105	495	494	1	1	15	15	0	3	13	0	0	Straight	0.0	5786.49	5789.49	LINESTRING(294.450000 654.280000,300.370000 642.620000)
0	106	494	490	1	1	73	73	0	13	83	0	0	Straight	0.0	5789.49	5802.49	LINESTRING(300.370000 642.620000,309.270000 630.070000)
0	107	490	489	1	0	0	0	0	19	0	0	0	Straight	0.0	5802.49	5821.49	LINESTRING(309.270000 630.070000,316.790000 614.240000)
0	108	489	1685	1	1	553	553	0	100	650	1	0	U	57.264	5878.76	6528.76	LINESTRING(316.790000 614.240000,314.680000 616.250000)
0	109	1685	1684	1	0	0	0	0	27	0	0	0	U	57.264	6586.02	6613.02	LINESTRING(314.680000 616.250000,315.740000 597.100000)
0	110	1684	1744	1	0	0	0	0	27	0	0	0	Right	7.158	6620.18	6647.18	LINESTRING(315.740000 597.100000,294.910000 594.450000)
0	111	1744	2021	1	0	0	0	0	63	0	0	0	U	57.264	6704.44	6767.44	LINESTRING(294.910000 594.450000,313.310000 610.930000)
0	112	2021	763	1	1	17	17	0	3	13	1	0	Left	14.316	6781.76	6794.76	LINESTRING(313.310000 610.930000,311.690000 620.350000)
0	113	763	767	1	1	100	100	0	18	118	1	0	Straight	0.0	6794.76	6912.76	LINESTRING(311.690000 620.350000,304.900000 625.260000)
0	114	767	401	1	1	95	95	0	17	107	1	0	Straight	0.0	6912.76	7019.76	LINESTRING(304.900000 625.260000,297.890000 627.620000)
0	115	401	400	1	1	35	35	0	6	36	1	0	Right	7.158	7026.92	7062.92	LINESTRING(297.890000 627.620000,297.510000 631.130000)
0	116	400	401	1	1	35	35	0	6	36	0	0	U	57.264	7120.18	7126.18	LINESTRING(297.510000 631.130000,297.890000 627.620000)
0	117	401	775	1	1	105	105	0	19	119	1	0	Right	7.158	7133.34	7252.34	LINESTRING(297.890000 627.620000,291.430000 629.300000)
0	118	775	368	1	1	101	101	0	18	118	1	0	Straight	0.0	7252.34	7370.34	LINESTRING(291.430000 629.300000,288.030000 631.810000)
0	119	368	369	1	1	191	191	0	34	224	1	0	Left	14.316	7384.66	7608.66	LINESTRING(288.030000 631.810000,281.180000 630.310000)
0	120	369	1750	1	1	155	155	0	28	178	1	0	U	57.264	7665.92	7843.92	LINESTRING(281.180000 630.310000,285.490000 630.750000)
0	121	1750	369	1	1	155	155	0	28	178	0	0	U	57.264	7901.18	7929.18	LINESTRING(285.490000 630.750000,281.180000 630.310000)
0	122	369	376	1	1	154	154	0	28	178	1	0	Straight	0.0	7929.18	8107.18	LINESTRING(281.180000 630.310000,273.810000 629.390000)
0	123	376	742	1	1	24	24	0	4	24	1	0	Left	14.316	8121.5	8145.5	LINESTRING(273.810000 629.390000,268.770000 621.000000)
0	124	742	734	1	1	59	59	0	11	61	1	0	Straight	0.0	8145.5	8206.5	LINESTRING(268.770000 621.000000,264.840000 611.390000)
0	125	734	735	1	1	92	92	0	17	107	1	0	Right	7.158	8213.66	8320.66	LINESTRING(264.840000 611.390000,258.920000 624.400000)
0	126	735	1954	1	1	69	69	0	12	72	1	0	Straight	0.0	8320.66	8392.66	LINESTRING(258.920000 624.400000,255.650000 627.910000)
0	127	1954	735	1	1	69	69	0	12	72	0	0	U	57.264	8449.92	8461.92	LINESTRING(255.650000 627.910000,258.920000 624.400000)
0	128	735	1584	1	1	31	31	0	6	36	1	0	U	57.264	8519.19	8555.19	LINESTRING(258.920000 624.400000,253.900000 636.590000)
0	129	1584	2424	1	1	147	147	0	26	166	1	0	Straight	0.0	8555.19	8721.19	LINESTRING(253.900000 636.590000,250.270000 640.340000)
0	130	2424	1584	1	1	147	147	0	26	166	0	0	U	57.264	8778.45	8804.45	LINESTRING(250.270000 640.340000,253.900000 636.590000)
0	131	1584	317	1	1	79	79	0	14	84	1	0	U	57.264	8861.71	8945.71	LINESTRING(253.900000 636.590000,250.340000 647.760000)
0	132	317	318	1	1	14	14	0	2	12	1	0	Right	7.158	8952.87	8964.87	LINESTRING(250.340000 647.760000,254.160000 654.340000)
0	133	318	2093	1	1	40	40	0	7	47	1	0	Left	14.316	8979.19	9026.19	LINESTRING(254.160000 654.340000,251.140000 659.320000)
0	134	2093	318	1	1	40	40	0	7	47	0	0	U	57.264	9083.45	9090.45	LINESTRING(251.140000 659.320000,254.160000 654.340000)
0	135	318	325	1	1	27	27	0	5	25	1	0	Left	14.316	9104.77	9129.77	LINESTRING(254.160000 654.340000,261.600000 655.390000)
0	136	325	326	1	1	50	50	0	9	59	1	0	Left	14.316	9144.08	9203.08	LINESTRING(261.600000 655.390000,258.450000 660.030000)
0	137	326	325	1	1	50	50	0	9	59	0	0	U	57.264	9260.35	9269.35	LINESTRING(258.450000 660.030000,261.600000 655.390000)
0	138	325	330	1	1	32	32	0	6	36	1	0	Straight	0.0	9269.35	9305.35	LINESTRING(261.600000 655.390000,269.970000 652.600000)
0	139	330	331	1	1	32	32	0	6	36	1	0	Left	14.316	9319.66	9355.66	LINESTRING(269.970000 652.600000,265.950000 661.440000)
0	140	331	346	1	1	59	59	0	11	61	1	0	Straight	0.0	9355.66	9416.66	LINESTRING(265.950000 661.440000,264.940000 667.300000)
0	141	346	331	1	1	59	59	0	11	61	0	0	U	57.264	9473.93	9484.93	LINESTRING(264.940000 667.300000,265.950000 661.440000)
0	142	331	731	1	1	39	39	0	7	37	1	0	U	57.264	9542.19	9579.19	LINESTRING(265.950000 661.440000,262.010000 666.080000)
0	143	731	331	1	1	39	39	0	7	37	0	0	U	57.264	9636.46	9643.46	LINESTRING(262.010000 666.080000,265.950000 661.440000)
0	144	331	330	1	1	32	32	0	6	36	0	0	Straight	0.0	9643.46	9649.46	LINESTRING(265.950000 661.440000,269.970000 652.600000)
0	145	330	1609	1	1	129	129	0	23	143	1	0	Straight	0.0	9649.46	9792.46	LINESTRING(269.970000 652.600000,279.110000 643.050000)
0	146	1609	744	1	1	97	97	0	18	108	1	0	Right	7.158	9799.61	9907.61	LINESTRING(279.110000 643.050000,274.150000 637.770000)
0	147	744	376	1	1	40	40	0	7	47	1	0	Straight	0.0	9907.61	9954.61	LINESTRING(274.150000 637.770000,273.810000 629.390000)
0	148	376	742	1	1	24	24	0	4	24	0	0	Straight	0.0	9954.61	9958.61	LINESTRING(273.810000 629.390000,268.770000 621.000000)
0	149	742	743	1	1	48	48	0	9	49	1	0	Right	7.158	9965.77	10014.8	LINESTRING(268.770000 621.000000,266.140000 624.610000)
0	150	743	742	1	1	48	48	0	9	49	0	0	U	57.264	10072.0	10081.0	LINESTRING(266.140000 624.610000,268.770000 621.000000)
0	151	742	734	1	1	59	59	0	11	61	0	0	Right	7.158	10088.2	10099.2	LINESTRING(268.770000 621.000000,264.840000 611.390000)
0	152	734	730	1	1	134	134	0	24	154	1	0	Straight	0.0	10099.2	10253.2	LINESTRING(264.840000 611.390000,267.400000 594.330000)
0	153	730	1780	1	1	341	341	0	61	401	1	0	Right	7.158	10260.4	10661.4	LINESTRING(267.400000 594.330000,245.150000 589.790000)
0	154	1780	757	1	1	40	40	0	7	47	1	0	Straight	0.0	10661.4	10708.4	LINESTRING(245.150000 589.790000,230.580000 598.920000)
0	155	757	762	1	1	44	44	0	8	48	1	0	Straight	0.0	10708.4	10756.4	LINESTRING(230.580000 598.920000,226.470000 602.370000)
0	156	762	757	1	1	44	44	0	8	48	0	0	U	57.264	10813.6	10821.6	LINESTRING(226.470000 602.370000,230.580000 598.920000)
0	157	757	753	1	1	41	41	0	7	47	1	0	U	57.264	10878.9	10925.9	LINESTRING(230.580000 598.920000,218.360000 607.810000)
0	158	753	2395	1	1	47	47	0	9	49	1	0	Straight	0.0	10925.9	10974.9	LINESTRING(218.360000 607.810000,213.810000 609.020000)
0	159	2395	753	1	1	47	47	0	9	49	0	0	U	57.264	11032.1	11041.1	LINESTRING(213.810000 609.020000,218.360000 607.810000)
0	160	753	754	1	1	38	38	0	7	37	1	0	U	57.264	11098.4	11135.4	LINESTRING(218.360000 607.810000,208.140000 615.710000)
0	161	754	756	1	1	44	44	0	8	48	1	0	Straight	0.0	11135.4	11183.4	LINESTRING(208.140000 615.710000,203.960000 616.830000)
0	162	756	754	1	1	44	44	0	8	48	0	0	U	57.264	11240.7	11248.7	LINESTRING(203.960000 616.830000,208.140000 615.710000)
0	163	754	371	1	1	38	38	0	7	37	1	0	U	57.264	11305.9	11342.9	LINESTRING(208.140000 615.710000,199.950000 621.420000)
0	164	371	370	1	1	41	41	0	7	47	1	0	Left	14.316	11357.3	11404.3	LINESTRING(199.950000 621.420000,196.250000 619.180000)
0	165	370	371	1	1	41	41	0	7	47	0	0	U	57.264	11461.5	11468.5	LINESTRING(196.250000 619.180000,199.950000 621.420000)
0	166	371	2292	1	1	24	24	0	4	24	1	0	Left	14.316	11482.8	11506.8	LINESTRING(199.950000 621.420000,194.820000 624.200000)
0	167	2292	371	1	1	24	24	0	4	24	0	0	U	57.264	11564.1	11568.1	LINESTRING(194.820000 624.200000,199.950000 621.420000)
0	168	371	2028	1	1	7	7	0	1	1	1	0	U	57.264	11625.4	11626.4	LINESTRING(199.950000 621.420000,196.680000 626.880000)
0	169	2028	371	1	1	7	7	0	1	1	0	0	U	57.264	11683.6	11684.6	LINESTRING(196.680000 626.880000,199.950000 621.420000)
0	170	371	754	1	1	38	38	0	7	37	0	0	Straight	0.0	11684.6	11691.6	LINESTRING(199.950000 621.420000,208.140000 615.710000)
0	171	754	2147	1	1	32	32	0	6	36	1	0	U	57.264	11748.9	11784.9	LINESTRING(208.140000 615.710000,205.400000 620.520000)
0	172	2147	754	1	1	32	32	0	6	36	0	0	U	57.264	11842.2	11848.2	LINESTRING(205.400000 620.520000,208.140000 615.710000)
0	173	754	753	1	1	38	38	0	7	37	0	0	Straight	0.0	11848.2	11855.2	LINESTRING(208.140000 615.710000,218.360000 607.810000)
0	174	753	2077	1	1	31	31	0	6	36	1	0	U	57.264	11912.4	11948.4	LINESTRING(218.360000 607.810000,214.920000 611.860000)
0	175	2077	753	1	1	31	31	0	6	36	0	0	U	57.264	12005.7	12011.7	LINESTRING(214.920000 611.860000,218.360000 607.810000)
0	176	753	757	1	1	41	41	0	7	47	0	0	Straight	0.0	12011.7	12018.7	LINESTRING(218.360000 607.810000,230.580000 598.920000)
0	177	757	1819	1	1	27	27	0	5	25	1	0	U	57.264	12075.9	12100.9	LINESTRING(230.580000 598.920000,225.370000 599.110000)
0	178	1819	757	1	1	27	27	0	5	25	0	0	U	57.264	12158.2	12163.2	LINESTRING(225.370000 599.110000,230.580000 598.920000)
0	179	757	1780	1	1	40	40	0	7	47	0	0	Straight	0.0	12163.2	12170.2	LINESTRING(230.580000 598.920000,245.150000 589.790000)
0	180	1780	2119	1	1	22	22	0	4	24	1	0	Right	7.158	12177.4	12201.4	LINESTRING(245.150000 589.790000,232.170000 576.060000)
0	181	2119	395	1	1	92	92	0	17	107	1	0	Straight	0.0	12201.4	12308.4	LINESTRING(232.170000 576.060000,220.350000 567.820000)
0	182	395	412	1	1	182	182	0	33	213	1	0	Left	14.316	12322.7	12535.7	LINESTRING(220.350000 567.820000,222.750000 551.150000)
0	183	412	1932	1	1	137	137	0	25	155	1	0	Straight	0.0	12535.7	12690.7	LINESTRING(222.750000 551.150000,231.770000 542.820000)
0	184	1932	1751	1	1	154	154	0	28	178	1	0	Straight	0.0	12690.7	12868.7	LINESTRING(231.770000 542.820000,242.240000 536.850000)
0	185	1751	2033	1	1	174	174	0	31	201	1	0	Right	7.158	12875.8	13076.8	LINESTRING(242.240000 536.850000,241.000000 533.690000)
0	186	2033	1751	1	1	174	174	0	31	201	0	0	U	57.264	13134.1	13165.1	LINESTRING(241.000000 533.690000,242.240000 536.850000)
0	187	1751	727	1	1	386	386	0	69	449	1	0	Right	7.158	13172.3	13621.3	LINESTRING(242.240000 536.850000,252.960000 531.290000)
0	188	727	728	1	1	44	44	0	8	48	1	0	Right	7.158	13628.4	13676.4	LINESTRING(252.960000 531.290000,245.540000 505.130000)
0	189	728	313	1	1	12	12	0	2	12	1	0	Straight	0.0	13676.4	13688.4	LINESTRING(245.540000 505.130000,238.110000 479.050000)
0	190	313	314	1	1	22	22	0	4	24	1	0	Straight	0.0	13688.4	13712.4	LINESTRING(238.110000 479.050000,233.550000 459.120000)
0	191	314	319	1	1	8	8	0	1	1	1	0	Straight	0.0	13712.4	13713.4	LINESTRING(233.550000 459.120000,231.140000 449.190000)
0	192	319	721	1	1	6	6	0	1	1	1	0	Straight	0.0	13713.4	13714.4	LINESTRING(231.140000 449.190000,228.050000 439.880000)
0	193	721	393	0	1	52	52	0	9	59	1	0	Straight	0.0	13714.4	13773.4	LINESTRING(228.050000 439.880000,224.790000 432.280000)
0	194	393	394	1	1	515	515	0	93	603	1	0	Straight	0.0	13773.4	14376.4	LINESTRING(224.790000 432.280000,220.380000 425.420000)
0	195	394	806	1	1	273	273	0	49	319	1	0	Straight	0.0	14376.4	14695.4	LINESTRING(220.380000 425.420000,215.360000 420.090000)
0	196	806	823	1	1	91	91	0	16	106	1	0	Straight	0.0	14695.4	14801.4	LINESTRING(215.360000 420.090000,209.940000 417.090000)
0	197	823	824	0	1	98	98	0	18	108	1	0	Right	7.158	14808.6	14916.6	LINESTRING(209.940000 417.090000,210.020000 421.840000)
0	198	824	833	0	1	45	45	0	8	48	1	0	Straight	0.0	14916.6	14964.6	LINESTRING(210.020000 421.840000,211.340000 427.820000)
0	199	833	467	0	0	0	0	0	32	0	0	0	Straight	0.0	14964.6	14996.6	LINESTRING(211.340000 427.820000,213.080000 434.750000)
0	200	467	468	0	0	0	0	0	30	0	0	0	U	57.264	15053.8	15083.8	LINESTRING(213.080000 434.750000,207.260000 428.770000)
0	201	468	1705	0	0	0	0	0	5	0	0	0	Straight	0.0	15083.8	15088.8	LINESTRING(207.260000 428.770000,203.200000 422.880000)
0	202	1705	832	0	0	0	0	0	2	0	0	0	Straight	0.0	15088.8	15090.8	LINESTRING(203.200000 422.880000,201.930000 417.430000)
0	203	832	831	0	1	12	12	0	2	12	1	0	Left	14.316	15105.2	15117.2	LINESTRING(201.930000 417.430000,204.960000 414.500000)
0	204	831	823	0	1	137	137	0	25	155	1	0	Left	14.316	15131.5	15286.5	LINESTRING(204.960000 414.500000,209.940000 417.090000)
0	205	823	806	1	1	91	91	0	16	106	0	0	Straight	0.0	15286.5	15302.5	LINESTRING(209.940000 417.090000,215.360000 420.090000)
0	206	806	394	1	1	273	273	0	49	319	0	0	Straight	0.0	15302.5	15351.5	LINESTRING(215.360000 420.090000,220.380000 425.420000)
0	207	394	393	1	1	515	515	0	93	603	0	0	Straight	0.0	15351.5	15444.5	LINESTRING(220.380000 425.420000,224.790000 432.280000)
0	208	393	720	1	1	41	41	0	7	47	1	0	Straight	0.0	15444.5	15491.5	LINESTRING(224.790000 432.280000,226.960000 435.290000)
0	209	720	721	1	1	22	22	0	4	24	1	0	Straight	0.0	15491.5	15515.5	LINESTRING(226.960000 435.290000,228.050000 439.880000)
0	210	721	319	1	1	6	6	0	1	1	0	0	Straight	0.0	15515.5	15516.5	LINESTRING(228.050000 439.880000,231.140000 449.190000)
0	211	319	314	1	1	8	8	0	1	1	0	0	Straight	0.0	15516.5	15517.5	LINESTRING(231.140000 449.190000,233.550000 459.120000)
0	212	314	313	1	1	22	22	0	4	24	0	0	Straight	0.0	15517.5	15521.5	LINESTRING(233.550000 459.120000,238.110000 479.050000)
0	213	313	728	1	1	12	12	0	2	12	0	0	Straight	0.0	15521.5	15523.5	LINESTRING(238.110000 479.050000,245.540000 505.130000)
0	214	728	727	1	1	44	44	0	8	48	0	0	Straight	0.0	15523.5	15531.5	LINESTRING(245.540000 505.130000,252.960000 531.290000)
0	215	727	726	1	1	505	505	0	91	591	1	0	Straight	0.0	15531.5	16122.5	LINESTRING(252.960000 531.290000,265.150000 555.330000)
0	216	726	1874	1	1	105	105	0	19	119	1	0	Straight	0.0	16122.5	16241.5	LINESTRING(265.150000 555.330000,278.770000 569.100000)
0	217	1874	2228	1	1	157	157	0	28	178	1	0	Straight	0.0	16241.5	16419.5	LINESTRING(278.770000 569.100000,286.000000 575.710000)
0	218	2228	286	1	1	314	314	0	57	367	1	0	Left	14.316	16433.8	16800.8	LINESTRING(286.000000 575.710000,285.340000 578.380000)
0	219	286	287	1	1	122	122	0	22	142	1	0	Right	7.158	16807.9	16949.9	LINESTRING(285.340000 578.380000,292.080000 583.720000)
0	220	287	2228	1	1	332	332	0	60	390	1	0	U	57.264	17007.2	17397.2	LINESTRING(292.080000 583.720000,286.000000 575.710000)
0	221	2228	1874	1	1	157	157	0	28	178	0	0	Straight	0.0	17397.2	17425.2	LINESTRING(286.000000 575.710000,278.770000 569.100000)
0	222	1874	640	1	1	506	506	0	91	591	1	0	U	57.264	17482.5	18073.5	LINESTRING(278.770000 569.100000,290.770000 580.460000)
0	223	640	673	1	1	390	390	0	70	460	0	0	Straight	0.0	18073.5	18143.5	LINESTRING(290.770000 580.460000,300.320000 593.350000)
0	224	673	251	1	1	119	119	0	21	131	0	0	Straight	0.0	18143.5	18164.5	LINESTRING(300.320000 593.350000,312.320000 609.680000)
0	225	251	253	1	1	78	78	0	14	84	0	0	Straight	0.0	18164.5	18178.5	LINESTRING(312.320000 609.680000,320.500000 621.470000)
0	226	253	254	1	1	41	41	0	7	47	1	0	Straight	0.0	18178.5	18225.5	LINESTRING(320.500000 621.470000,322.350000 624.770000)
0	227	254	253	1	1	41	41	0	7	47	0	0	U	57.264	18282.7	18289.7	LINESTRING(322.350000 624.770000,320.500000 621.470000)
0	228	253	251	1	1	78	78	0	14	84	0	0	Straight	0.0	18289.7	18303.7	LINESTRING(320.500000 621.470000,312.320000 609.680000)
0	229	251	252	1	1	450	450	0	81	531	0	0	U	57.264	18361.0	18442.0	LINESTRING(312.320000 609.680000,335.510000 624.770000)
0	230	252	203	1	0	0	0	0	40	0	0	0	Straight	0.0	18442.0	18482.0	LINESTRING(335.510000 624.770000,355.840000 637.410000)
0	231	203	1601	1	0	0	0	0	13	0	0	0	Straight	0.0	18482.0	18495.0	LINESTRING(355.840000 637.410000,369.240000 649.570000)
0	232	1601	1581	1	0	0	0	0	13	0	0	0	Straight	0.0	18495.0	18508.0	LINESTRING(369.240000 649.570000,380.570000 661.590000)
0	233	1581	567	1	1	307	307	0	55	355	0	0	Right	7.158	18515.2	18570.2	LINESTRING(380.570000 661.590000,385.040000 659.000000)
0	234	567	168	1	1	105	105	0	19	119	0	0	Left	14.316	18584.5	18603.5	LINESTRING(385.040000 659.000000,395.580000 664.700000)
0	235	168	169	1	1	93	93	0	17	107	0	0	Straight	0.0	18603.5	18620.5	LINESTRING(395.580000 664.700000,405.870000 667.280000)
0	236	169	519	1	1	103	103	0	19	119	0	0	Straight	0.0	18620.5	18639.5	LINESTRING(405.870000 667.280000,414.590000 665.810000)
0	237	519	518	1	0	0	0	0	14	0	0	0	Right	7.158	18646.6	18660.6	LINESTRING(414.590000 665.810000,416.590000 654.350000)
0	238	518	142	1	0	0	0	0	24	0	0	0	Left	14.316	18675.0	18699.0	LINESTRING(416.590000 654.350000,448.420000 660.270000)
0	239	142	141	1	0	0	0	0	2	0	0	0	Straight	0.0	18699.0	18701.0	LINESTRING(448.420000 660.270000,466.720000 670.500000)
0	240	141	485	0	0	0	0	0	36	0	0	0	Right	7.158	18708.1	18744.1	LINESTRING(466.720000 670.500000,474.080000 649.440000)
0	241	485	135	1	0	0	0	0	32	0	0	0	Straight	0.0	18744.1	18776.1	LINESTRING(474.080000 649.440000,499.720000 626.790000)
0	242	135	104	1	0	0	0	0	182	0	0	0	Straight	0.0	18776.1	18958.1	LINESTRING(499.720000 626.790000,529.460000 605.430000)
0	243	104	92	1	0	0	0	0	38	0	0	0	Left	14.316	18972.4	19010.4	LINESTRING(529.460000 605.430000,547.190000 620.720000)
0	244	92	1535	1	0	0	0	0	11	0	0	0	Straight	0.0	19010.4	19021.4	LINESTRING(547.190000 620.720000,566.300000 625.930000)
0	245	1535	1536	1	0	0	0	0	18	0	0	0	Straight	0.0	19021.4	19039.4	LINESTRING(566.300000 625.930000,577.460000 637.630000)
0	246	1536	2155	1	0	0	0	0	27	0	0	0	Straight	0.0	19039.4	19066.4	LINESTRING(577.460000 637.630000,578.390000 650.730000)
0	247	2155	307	1	0	0	0	0	34	0	0	0	Right	7.158	19073.6	19107.6	LINESTRING(578.390000 650.730000,590.370000 654.040000)
0	248	307	48	1	0	0	0	0	21	0	0	0	Straight	0.0	19107.6	19128.6	LINESTRING(590.370000 654.040000,599.660000 662.980000)
0	249	48	274	1	0	0	0	0	22	0	0	0	Straight	0.0	19128.6	19150.6	LINESTRING(599.660000 662.980000,612.750000 663.230000)
0	250	274	38	1	0	0	0	0	12	0	0	0	Straight	0.0	19150.6	19162.6	LINESTRING(612.750000 663.230000,625.450000 661.250000)
0	251	38	39	1	0	0	0	0	13	0	0	0	Straight	0.0	19162.6	19175.6	LINESTRING(625.450000 661.250000,638.070000 657.560000)
0	252	39	227	1	0	0	0	0	17	0	0	0	Straight	0.0	19175.6	19192.6	LINESTRING(638.070000 657.560000,650.280000 656.620000)
0	253	227	1888	1	0	0	0	0	36	0	0	0	Right	7.158	19199.7	19235.7	LINESTRING(650.280000 656.620000,663.700000 640.650000)
0	254	1888	2314	1	0	0	0	0	93	0	0	0	Straight	0.0	19235.7	19328.7	LINESTRING(663.700000 640.650000,663.790000 616.000000)
0	255	2314	1312	1	0	0	0	0	40	0	0	0	Straight	0.0	19328.7	19368.7	LINESTRING(663.790000 616.000000,659.120000 591.060000)
0	256	1312	1306	1	0	0	0	0	21	0	0	0	Straight	0.0	19368.7	19389.7	LINESTRING(659.120000 591.060000,654.820000 566.300000)
0	257	1306	1307	0	0	0	0	0	37	0	0	0	Left	14.316	19404.1	19441.1	LINESTRING(654.820000 566.300000,667.430000 553.850000)
0	258	1307	1732	0	0	0	0	0	18	0	0	0	Straight	0.0	19441.1	19459.1	LINESTRING(667.430000 553.850000,676.830000 553.640000)
0	259	1732	1508	0	0	0	0	0	24	0	0	0	Right	7.158	19466.2	19490.2	LINESTRING(676.830000 553.640000,679.330000 550.700000)
1	0	1508	1509	0	0	0	0	0	23	0	0	300		0.0	19790.2	19813.2	LINESTRING(679.330000 550.700000,677.610000 547.310000)
1	1	1509	1507	0	0	0	0	0	18	0	0	0	Straight	0.0	19813.2	19831.2	LINESTRING(677.610000 547.310000,676.530000 540.560000)
1	2	1507	1924	0	0	0	0	0	37	0	0	0	Right	7.158	19838.4	19875.4	LINESTRING(676.530000 540.560000,657.710000 548.810000)
1	3	1924	1925	0	0	0	0	0	153	0	0	0	Left	14.316	19889.7	20042.7	LINESTRING(657.710000 548.810000,641.040000 541.960000)
1	4	1925	1980	1	0	0	0	0	2	0	0	0	Right	7.158	20049.8	20051.8	LINESTRING(641.040000 541.960000,635.720000 561.930000)
1	5	1980	1560	1	0	0	0	0	53	0	0	0	Straight	0.0	20051.8	20104.8	LINESTRING(635.720000 561.930000,629.370000 580.450000)
1	6	1560	74	1	1	73	73	0	13	83	1	0	Straight	0.0	20104.8	20187.8	LINESTRING(629.370000 580.450000,621.240000 587.320000)
1	7	74	73	1	0	0	0	0	23	0	0	0	Straight	0.0	20187.8	20210.8	LINESTRING(621.240000 587.320000,615.530000 595.060000)
1	8	73	77	1	0	0	0	0	15	0	0	0	Straight	0.0	20210.8	20225.8	LINESTRING(615.530000 595.060000,609.810000 602.720000)
1	9	77	71	1	0	0	0	0	18	0	0	0	Straight	0.0	20225.8	20243.8	LINESTRING(609.810000 602.720000,609.710000 609.530000)
1	10	71	75	1	1	262	262	0	47	307	1	0	Left	14.316	20258.2	20565.2	LINESTRING(609.710000 609.530000,602.440000 616.550000)
1	11	75	1814	1	0	0	0	0	19	0	0	0	Straight	0.0	20565.2	20584.2	LINESTRING(602.440000 616.550000,591.840000 617.090000)
1	12	1814	383	1	1	200	200	0	36	236	1	0	Straight	0.0	20584.2	20820.2	LINESTRING(591.840000 617.090000,579.740000 620.000000)
1	13	383	1535	1	0	0	0	0	18	0	0	0	Straight	0.0	20820.2	20838.2	LINESTRING(579.740000 620.000000,566.300000 625.930000)
1	14	1535	92	1	0	0	0	0	11	0	0	0	Straight	0.0	20838.2	20849.2	LINESTRING(566.300000 625.930000,547.190000 620.720000)
1	15	92	104	1	0	0	0	0	38	0	0	0	Straight	0.0	20849.2	20887.2	LINESTRING(547.190000 620.720000,529.460000 605.430000)
1	16	104	135	1	0	0	0	0	182	0	0	0	Right	7.158	20894.3	21076.3	LINESTRING(529.460000 605.430000,499.720000 626.790000)
1	17	135	485	1	0	0	0	0	32	0	0	0	Straight	0.0	21076.3	21108.3	LINESTRING(499.720000 626.790000,474.080000 649.440000)
1	18	485	142	0	0	0	0	0	36	0	0	0	Straight	0.0	21108.3	21144.3	LINESTRING(474.080000 649.440000,448.420000 660.270000)
1	19	142	518	1	0	0	0	0	24	0	0	0	Straight	0.0	21144.3	21168.3	LINESTRING(448.420000 660.270000,416.590000 654.350000)
1	20	518	519	1	0	0	0	0	14	0	0	0	Right	7.158	21175.5	21189.5	LINESTRING(416.590000 654.350000,414.590000 665.810000)
1	21	519	169	1	1	103	103	0	19	119	1	0	Left	14.316	21203.8	21322.8	LINESTRING(414.590000 665.810000,405.870000 667.280000)
1	22	169	168	1	1	93	93	0	17	107	1	0	Straight	0.0	21322.8	21429.8	LINESTRING(405.870000 667.280000,395.580000 664.700000)
1	23	168	567	1	1	105	105	0	19	119	1	0	Straight	0.0	21429.8	21548.8	LINESTRING(395.580000 664.700000,385.040000 659.000000)
1	24	567	1581	1	1	307	307	0	55	355	1	0	Right	7.158	21556.0	21911.0	LINESTRING(385.040000 659.000000,380.570000 661.590000)
1	25	1581	1601	1	0	0	0	0	13	0	0	0	Left	14.316	21925.3	21938.3	LINESTRING(380.570000 661.590000,369.240000 649.570000)
1	26	1601	203	1	0	0	0	0	13	0	0	0	Straight	0.0	21938.3	21951.3	LINESTRING(369.240000 649.570000,355.840000 637.410000)
1	27	203	252	1	0	0	0	0	40	0	0	0	Straight	0.0	21951.3	21991.3	LINESTRING(355.840000 637.410000,335.510000 624.770000)
1	28	252	1952	1	1	54	54	0	10	60	1	0	U	57.264	22048.5	22108.5	LINESTRING(335.510000 624.770000,338.750000 626.200000)
1	29	1952	252	1	1	54	54	0	10	60	0	0	U	57.264	22165.8	22175.8	LINESTRING(338.750000 626.200000,335.510000 624.770000)
1	30	252	251	1	1	450	450	0	81	531	1	0	Straight	0.0	22175.8	22706.8	LINESTRING(335.510000 624.770000,312.320000 609.680000)
1	31	251	673	1	1	119	119	0	21	131	1	0	Straight	0.0	22706.8	22837.8	LINESTRING(312.320000 609.680000,300.320000 593.350000)
1	32	673	640	1	1	390	390	0	70	460	1	0	Straight	0.0	22837.8	23297.8	LINESTRING(300.320000 593.350000,290.770000 580.460000)
1	33	640	603	1	1	366	366	0	66	426	1	0	Left	14.316	23312.1	23738.1	LINESTRING(290.770000 580.460000,296.530000 578.930000)
1	34	603	602	1	1	167	167	0	30	190	1	0	Left	14.316	23752.4	23942.4	LINESTRING(296.530000 578.930000,299.690000 581.220000)
1	35	602	603	1	1	167	167	0	30	190	0	0	U	57.264	23999.7	24029.7	LINESTRING(299.690000 581.220000,296.530000 578.930000)
1	36	603	1950	1	1	67	67	0	12	72	1	0	Left	14.316	24044.0	24116.0	LINESTRING(296.530000 578.930000,300.690000 575.980000)
1	37	1950	2217	1	1	188	188	0	34	214	1	0	Straight	0.0	24116.0	24330.0	LINESTRING(300.690000 575.980000,304.640000 576.220000)
1	38	2217	1950	1	1	188	188	0	34	214	0	0	U	57.264	24387.3	24421.3	LINESTRING(304.640000 576.220000,300.690000 575.980000)
1	39	1950	1951	1	1	110	110	0	20	130	1	0	Left	14.316	24435.6	24565.6	LINESTRING(300.690000 575.980000,301.700000 572.400000)
1	40	1951	1950	1	1	110	110	0	20	130	0	0	U	57.264	24622.9	24642.9	LINESTRING(301.700000 572.400000,300.690000 575.980000)
1	41	1950	603	1	1	67	67	0	12	72	0	0	Straight	0.0	24642.9	24654.9	LINESTRING(300.690000 575.980000,296.530000 578.930000)
1	42	603	1950	1	1	67	67	0	12	72	0	0	U	57.264	24712.1	24724.1	LINESTRING(296.530000 578.930000,300.690000 575.980000)
1	43	1950	603	1	1	67	67	0	12	72	0	0	U	57.264	24781.4	24793.4	LINESTRING(300.690000 575.980000,296.530000 578.930000)
1	44	603	640	1	1	366	366	0	66	426	0	0	Straight	0.0	24793.4	24859.4	LINESTRING(296.530000 578.930000,290.770000 580.460000)
1	45	640	673	1	1	390	390	0	70	460	0	0	Right	7.158	24866.5	24936.5	LINESTRING(290.770000 580.460000,300.320000 593.350000)
1	46	673	287	1	1	120	120	0	22	142	1	0	U	57.264	24993.8	25135.8	LINESTRING(300.320000 593.350000,292.080000 583.720000)
1	47	287	673	1	1	120	120	0	22	142	0	0	U	57.264	25193.1	25215.1	LINESTRING(292.080000 583.720000,300.320000 593.350000)
1	48	673	251	1	1	119	119	0	21	131	0	0	Straight	0.0	25215.1	25236.1	LINESTRING(300.320000 593.350000,312.320000 609.680000)
1	49	251	697	1	1	107	107	0	19	119	1	0	U	57.264	25293.3	25412.3	LINESTRING(312.320000 609.680000,289.760000 602.260000)
1	50	697	698	1	1	51	51	0	9	59	1	0	Right	7.158	25419.5	25478.5	LINESTRING(289.760000 602.260000,287.480000 605.660000)
1	51	698	697	1	1	51	51	0	9	59	0	0	U	57.264	25535.8	25544.8	LINESTRING(287.480000 605.660000,289.760000 602.260000)
1	52	697	730	1	1	396	396	0	71	461	1	0	Right	7.158	25551.9	26012.9	LINESTRING(289.760000 602.260000,267.400000 594.330000)
1	53	730	1583	1	1	100	100	0	18	118	1	0	Left	14.316	26027.2	26145.2	LINESTRING(267.400000 594.330000,268.150000 574.690000)
1	54	1583	726	1	1	311	311	0	56	366	1	0	Straight	0.0	26145.2	26511.2	LINESTRING(268.150000 574.690000,265.150000 555.330000)
1	55	726	1874	1	1	105	105	0	19	119	0	0	U	57.264	26568.5	26587.5	LINESTRING(265.150000 555.330000,278.770000 569.100000)
1	56	1874	714	1	1	328	328	0	59	379	1	0	Left	14.316	26601.8	26980.8	LINESTRING(278.770000 569.100000,277.120000 574.350000)
1	57	714	1583	1	1	79	79	0	14	84	1	0	Left	14.316	26995.1	27079.1	LINESTRING(277.120000 574.350000,268.150000 574.690000)
1	58	1583	730	1	1	100	100	0	18	118	0	0	Right	7.158	27086.3	27104.3	LINESTRING(268.150000 574.690000,267.400000 594.330000)
1	59	730	734	1	1	134	134	0	24	154	0	0	Straight	0.0	27104.3	27128.3	LINESTRING(267.400000 594.330000,264.840000 611.390000)
1	60	734	742	1	1	59	59	0	11	61	0	0	Straight	0.0	27128.3	27139.3	LINESTRING(264.840000 611.390000,268.770000 621.000000)
1	61	742	376	1	1	24	24	0	4	24	0	0	Straight	0.0	27139.3	27143.3	LINESTRING(268.770000 621.000000,273.810000 629.390000)
1	62	376	744	1	1	40	40	0	7	47	0	0	Straight	0.0	27143.3	27150.3	LINESTRING(273.810000 629.390000,274.150000 637.770000)
1	63	744	745	1	1	36	36	0	7	37	1	0	Left	14.316	27164.6	27201.6	LINESTRING(274.150000 637.770000,270.460000 641.660000)
1	64	745	744	1	1	36	36	0	7	37	0	0	U	57.264	27258.9	27265.9	LINESTRING(270.460000 641.660000,274.150000 637.770000)
1	65	744	1609	1	1	97	97	0	18	108	0	0	Left	14.316	27280.2	27298.2	LINESTRING(274.150000 637.770000,279.110000 643.050000)
1	66	1609	1931	1	1	112	112	0	20	130	1	0	Right	7.158	27305.3	27435.3	LINESTRING(279.110000 643.050000,291.270000 636.300000)
1	67	1931	2274	1	1	143	143	0	26	166	1	0	Straight	0.0	27435.3	27601.3	LINESTRING(291.270000 636.300000,304.250000 630.520000)
1	68	2274	767	1	1	312	312	0	56	366	1	0	Right	7.158	27608.5	27974.5	LINESTRING(304.250000 630.520000,304.900000 625.260000)
1	69	767	763	1	1	100	100	0	18	118	0	0	Left	14.316	27988.8	28006.8	LINESTRING(304.900000 625.260000,311.690000 620.350000)
1	70	763	764	1	1	327	327	0	59	379	1	0	Left	14.316	28021.1	28400.1	LINESTRING(311.690000 620.350000,317.540000 625.900000)
1	71	764	2274	1	1	139	139	0	25	155	1	0	Left	14.316	28414.4	28569.4	LINESTRING(317.540000 625.900000,304.250000 630.520000)
1	72	2274	764	1	1	139	139	0	25	155	0	0	U	57.264	28626.7	28651.7	LINESTRING(304.250000 630.520000,317.540000 625.900000)
1	73	764	1648	1	1	34	34	0	6	36	1	0	Straight	0.0	28651.7	28687.7	LINESTRING(317.540000 625.900000,333.020000 623.750000)
1	74	1648	700	1	0	0	0	0	46	0	0	0	Straight	0.0	28687.7	28733.7	LINESTRING(333.020000 623.750000,358.520000 634.190000)
1	75	700	701	1	1	255	255	0	46	296	1	0	U	57.264	28791.0	29087.0	LINESTRING(358.520000 634.190000,348.700000 634.550000)
1	76	701	2418	1	1	80	80	0	14	94	1	0	Right	7.158	29094.1	29188.1	LINESTRING(348.700000 634.550000,350.420000 637.610000)
1	77	2418	701	1	1	80	80	0	14	94	0	0	U	57.264	29245.4	29259.4	LINESTRING(350.420000 637.610000,348.700000 634.550000)
1	78	701	2018	1	1	60	60	0	11	71	1	0	Right	7.158	29266.5	29337.5	LINESTRING(348.700000 634.550000,338.310000 634.810000)
1	79	2018	1776	1	1	98	98	0	18	108	1	0	Straight	0.0	29337.5	29445.5	LINESTRING(338.310000 634.810000,328.220000 632.960000)
1	80	1776	677	1	1	25	25	0	5	25	1	0	Right	7.158	29452.7	29477.7	LINESTRING(328.220000 632.960000,328.630000 644.340000)
1	81	677	1776	1	1	25	25	0	5	25	0	0	U	57.264	29535.0	29540.0	LINESTRING(328.630000 644.340000,328.220000 632.960000)
1	82	1776	253	1	1	99	99	0	18	108	1	0	Straight	0.0	29540.0	29648.0	LINESTRING(328.220000 632.960000,320.500000 621.470000)
1	83	253	251	1	1	78	78	0	14	84	1	0	Straight	0.0	29648.0	29732.0	LINESTRING(320.500000 621.470000,312.320000 609.680000)
1	84	251	253	1	1	78	78	0	14	84	0	0	U	57.264	29789.2	29803.2	LINESTRING(312.320000 609.680000,320.500000 621.470000)
1	85	253	1776	1	1	99	99	0	18	108	0	0	Straight	0.0	29803.2	29821.2	LINESTRING(320.500000 621.470000,328.220000 632.960000)
1	86	1776	677	1	1	25	25	0	5	25	0	0	Straight	0.0	29821.2	29826.2	LINESTRING(328.220000 632.960000,328.630000 644.340000)
1	87	677	2246	1	1	58	58	0	11	61	1	0	Straight	0.0	29826.2	29887.2	LINESTRING(328.630000 644.340000,325.820000 648.140000)
1	88	2246	677	1	1	58	58	0	11	61	0	0	U	57.264	29944.5	29955.5	LINESTRING(325.820000 648.140000,328.630000 644.340000)
1	89	677	678	1	1	54	54	0	10	60	1	0	Left	14.316	29969.8	30029.8	LINESTRING(328.630000 644.340000,329.900000 648.720000)
1	90	678	677	1	1	54	54	0	10	60	0	0	U	57.264	30087.1	30097.1	LINESTRING(329.900000 648.720000,328.630000 644.340000)
1	91	677	670	1	1	36	36	0	6	36	1	0	U	57.264	30154.3	30190.3	LINESTRING(328.630000 644.340000,330.120000 653.370000)
1	92	670	672	1	1	57	57	0	10	60	1	0	Straight	0.0	30190.3	30250.3	LINESTRING(330.120000 653.370000,327.590000 657.820000)
1	93	672	670	1	1	57	57	0	10	60	0	0	U	57.264	30307.6	30317.6	LINESTRING(327.590000 657.820000,330.120000 653.370000)
1	94	670	671	1	1	28	28	0	5	25	1	0	U	57.264	30374.9	30399.9	LINESTRING(330.120000 653.370000,331.090000 659.340000)
1	95	671	670	1	1	28	28	0	5	25	0	0	U	57.264	30457.1	30462.1	LINESTRING(331.090000 659.340000,330.120000 653.370000)
1	96	670	1953	1	1	11	11	0	2	12	1	0	U	57.264	30519.4	30531.4	LINESTRING(330.120000 653.370000,332.970000 657.580000)
1	97	1953	670	1	1	11	11	0	2	12	0	0	U	57.264	30588.7	30590.7	LINESTRING(332.970000 657.580000,330.120000 653.370000)
1	98	670	677	1	1	36	36	0	6	36	0	0	Straight	0.0	30590.7	30596.7	LINESTRING(330.120000 653.370000,328.630000 644.340000)
1	99	677	1776	1	1	25	25	0	5	25	0	0	Straight	0.0	30596.7	30601.7	LINESTRING(328.630000 644.340000,328.220000 632.960000)
1	100	1776	2018	1	1	98	98	0	18	108	0	0	Left	14.316	30616.0	30634.0	LINESTRING(328.220000 632.960000,338.310000 634.810000)
1	101	2018	2355	1	1	80	80	0	14	94	1	0	Left	14.316	30648.3	30742.3	LINESTRING(338.310000 634.810000,337.700000 639.080000)
1	102	2355	2018	1	1	80	80	0	14	94	0	0	U	57.264	30799.6	30813.6	LINESTRING(337.700000 639.080000,338.310000 634.810000)
1	103	2018	1776	1	1	98	98	0	18	108	0	0	Right	7.158	30820.7	30838.7	LINESTRING(338.310000 634.810000,328.220000 632.960000)
1	104	1776	253	1	1	99	99	0	18	108	0	0	Left	14.316	30853.0	30871.0	LINESTRING(328.220000 632.960000,320.500000 621.470000)
1	105	253	251	1	1	78	78	0	14	84	0	0	Straight	0.0	30871.0	30885.0	LINESTRING(320.500000 621.470000,312.320000 609.680000)
1	106	251	697	1	1	107	107	0	19	119	0	0	Straight	0.0	30885.0	30904.0	LINESTRING(312.320000 609.680000,289.760000 602.260000)
1	107	697	730	1	1	396	396	0	71	461	0	0	Straight	0.0	30904.0	30975.0	LINESTRING(289.760000 602.260000,267.400000 594.330000)
1	108	730	1780	1	1	341	341	0	61	401	0	0	Straight	0.0	30975.0	31036.0	LINESTRING(267.400000 594.330000,245.150000 589.790000)
1	109	1780	2119	1	1	22	22	0	4	24	0	0	Straight	0.0	31036.0	31040.0	LINESTRING(245.150000 589.790000,232.170000 576.060000)
1	110	2119	395	1	1	92	92	0	17	107	0	0	Straight	0.0	31040.0	31057.0	LINESTRING(232.170000 576.060000,220.350000 567.820000)
1	111	395	396	1	1	37	37	0	7	37	1	0	Right	7.158	31064.2	31101.2	LINESTRING(220.350000 567.820000,208.210000 577.600000)
1	112	396	770	1	1	41	41	0	7	47	1	0	Straight	0.0	31101.2	31148.2	LINESTRING(208.210000 577.600000,197.560000 586.550000)
1	113	770	771	1	1	41	41	0	7	47	1	0	Straight	0.0	31148.2	31195.2	LINESTRING(197.560000 586.550000,188.990000 594.340000)
1	114	771	761	1	1	40	40	0	7	47	1	0	Straight	0.0	31195.2	31242.2	LINESTRING(188.990000 594.340000,183.700000 600.820000)
1	115	761	760	1	1	32	32	0	6	36	1	0	Right	7.158	31249.3	31285.3	LINESTRING(183.700000 600.820000,184.340000 604.750000)
1	116	760	761	1	1	32	32	0	6	36	0	0	U	57.264	31342.6	31348.6	LINESTRING(184.340000 604.750000,183.700000 600.820000)
1	117	761	2109	1	1	34	34	0	6	36	1	0	Right	7.158	31355.8	31391.8	LINESTRING(183.700000 600.820000,178.900000 604.610000)
1	118	2109	761	1	1	34	34	0	6	36	0	0	U	57.264	31449.0	31455.0	LINESTRING(178.900000 604.610000,183.700000 600.820000)
1	119	761	771	1	1	40	40	0	7	47	0	0	Straight	0.0	31455.0	31462.0	LINESTRING(183.700000 600.820000,188.990000 594.340000)
1	120	771	2328	1	1	39	39	0	7	37	1	0	U	57.264	31519.3	31556.3	LINESTRING(188.990000 594.340000,186.290000 598.240000)
1	121	2328	771	1	1	39	39	0	7	37	0	0	U	57.264	31613.6	31620.6	LINESTRING(186.290000 598.240000,188.990000 594.340000)
1	122	771	2095	1	1	32	32	0	6	36	1	0	Right	7.158	31627.7	31663.7	LINESTRING(188.990000 594.340000,183.850000 595.140000)
1	123	2095	771	1	1	32	32	0	6	36	0	0	U	57.264	31721.0	31727.0	LINESTRING(183.850000 595.140000,188.990000 594.340000)
1	124	771	770	1	1	41	41	0	7	47	0	0	Straight	0.0	31727.0	31734.0	LINESTRING(188.990000 594.340000,197.560000 586.550000)
1	125	770	2096	1	1	35	35	0	6	36	1	0	U	57.264	31791.2	31827.2	LINESTRING(197.560000 586.550000,192.730000 587.710000)
1	126	2096	770	1	1	35	35	0	6	36	0	0	U	57.264	31884.5	31890.5	LINESTRING(192.730000 587.710000,197.560000 586.550000)
1	127	770	2127	1	1	34	34	0	6	36	1	0	Left	14.316	31904.8	31940.8	LINESTRING(197.560000 586.550000,195.050000 590.800000)
1	128	2127	770	1	1	34	34	0	6	36	0	0	U	57.264	31998.1	32004.1	LINESTRING(195.050000 590.800000,197.560000 586.550000)
1	129	770	396	1	1	41	41	0	7	47	0	0	Straight	0.0	32004.1	32011.1	LINESTRING(197.560000 586.550000,208.210000 577.600000)
1	130	396	1905	1	1	42	42	0	7	47	1	0	U	57.264	32068.4	32115.4	LINESTRING(208.210000 577.600000,205.540000 581.680000)
1	131	1905	396	1	1	42	42	0	7	47	0	0	U	57.264	32172.6	32179.6	LINESTRING(205.540000 581.680000,208.210000 577.600000)
1	132	396	1904	1	1	36	36	0	6	36	1	0	Right	7.158	32186.8	32222.8	LINESTRING(208.210000 577.600000,203.370000 578.470000)
1	133	1904	396	1	1	36	36	0	6	36	0	0	U	57.264	32280.0	32286.0	LINESTRING(203.370000 578.470000,208.210000 577.600000)
1	134	396	395	1	1	37	37	0	7	37	0	0	Straight	0.0	32286.0	32293.0	LINESTRING(208.210000 577.600000,220.350000 567.820000)
1	135	395	412	1	1	182	182	0	33	213	0	0	Straight	0.0	32293.0	32326.0	LINESTRING(220.350000 567.820000,222.750000 551.150000)
1	136	412	1932	1	1	137	137	0	25	155	0	0	Straight	0.0	32326.0	32351.0	LINESTRING(222.750000 551.150000,231.770000 542.820000)
1	137	1932	2165	1	1	46	46	0	8	48	1	0	Right	7.158	32358.2	32406.2	LINESTRING(231.770000 542.820000,226.180000 542.560000)
1	138	2165	2166	1	1	42	42	0	8	48	1	0	Left	14.316	32420.5	32468.5	LINESTRING(226.180000 542.560000,225.590000 538.880000)
1	139	2166	2165	1	1	42	42	0	8	48	0	0	U	57.264	32525.8	32533.8	LINESTRING(225.590000 538.880000,226.180000 542.560000)
1	140	2165	2209	1	1	42	42	0	8	48	1	0	Left	14.316	32548.1	32596.1	LINESTRING(226.180000 542.560000,222.060000 544.030000)
1	141	2209	2165	1	1	42	42	0	8	48	0	0	U	57.264	32653.4	32661.4	LINESTRING(222.060000 544.030000,226.180000 542.560000)
1	142	2165	1932	1	1	46	46	0	8	48	0	0	Straight	0.0	32661.4	32669.4	LINESTRING(226.180000 542.560000,231.770000 542.820000)
1	143	1932	412	1	1	137	137	0	25	155	0	0	Left	14.316	32683.7	32708.7	LINESTRING(231.770000 542.820000,222.750000 551.150000)
1	144	412	413	1	0	0	0	0	2	0	0	0	Left	14.316	32723.0	32725.0	LINESTRING(222.750000 551.150000,218.710000 538.140000)
1	145	413	791	1	0	0	0	0	43	0	0	0	U	57.264	32782.3	32825.3	LINESTRING(218.710000 538.140000,224.980000 551.430000)
1	146	791	809	1	0	0	0	0	19	0	0	0	Right	7.158	32832.4	32851.4	LINESTRING(224.980000 551.430000,232.210000 553.530000)
1	147	809	454	1	0	0	0	0	36	0	0	0	Straight	0.0	32851.4	32887.4	LINESTRING(232.210000 553.530000,237.880000 556.350000)
1	148	454	453	1	0	0	0	0	29	0	0	0	Straight	0.0	32887.4	32916.4	LINESTRING(237.880000 556.350000,244.040000 556.960000)
1	149	453	860	1	0	0	0	0	26	0	0	0	Straight	0.0	32916.4	32942.4	LINESTRING(244.040000 556.960000,252.600000 561.700000)
1	150	860	1782	1	0	0	0	0	44	0	0	0	Straight	0.0	32942.4	32986.4	LINESTRING(252.600000 561.700000,272.840000 579.660000)
1	151	1782	508	1	0	0	0	0	18	0	0	0	Left	14.316	33000.7	33018.7	LINESTRING(272.840000 579.660000,268.800000 588.330000)
1	152	508	507	1	0	0	0	0	25	0	0	0	Straight	0.0	33018.7	33043.7	LINESTRING(268.800000 588.330000,264.330000 595.570000)
1	153	507	1936	1	0	0	0	0	26	0	0	0	Straight	0.0	33043.7	33069.7	LINESTRING(264.330000 595.570000,256.440000 602.660000)
1	154	1936	1574	1	0	0	0	0	25	0	0	0	Straight	0.0	33069.7	33094.7	LINESTRING(256.440000 602.660000,250.520000 608.160000)
1	155	1574	897	1	0	0	0	0	25	0	0	0	Straight	0.0	33094.7	33119.7	LINESTRING(250.520000 608.160000,247.490000 610.760000)
1	156	897	583	1	0	0	0	0	8	0	0	0	Left	14.316	33134.0	33142.0	LINESTRING(247.490000 610.760000,244.670000 606.440000)
1	157	583	582	1	0	0	0	0	45	0	0	0	Straight	0.0	33142.0	33187.0	LINESTRING(244.670000 606.440000,243.900000 600.980000)
1	158	582	1833	1	0	0	0	0	15	0	0	0	Straight	0.0	33187.0	33202.0	LINESTRING(243.900000 600.980000,247.930000 593.390000)
1	159	1833	648	1	1	97	97	0	17	107	1	0	Straight	0.0	33202.0	33309.0	LINESTRING(247.930000 593.390000,251.630000 583.960000)
1	160	648	934	1	1	26	26	0	5	25	1	0	Left	14.316	33323.4	33348.4	LINESTRING(251.630000 583.960000,262.960000 582.860000)
1	161	934	648	1	1	26	26	0	5	25	0	0	U	57.264	33405.6	33410.6	LINESTRING(262.960000 582.860000,251.630000 583.960000)
1	162	648	647	1	1	374	374	0	67	437	1	0	Left	14.316	33424.9	33861.9	LINESTRING(251.630000 583.960000,243.910000 576.010000)
1	163	647	983	1	1	26	26	0	5	25	1	0	Left	14.316	33876.3	33901.3	LINESTRING(243.910000 576.010000,254.950000 572.720000)
1	164	983	984	1	0	0	0	0	25	0	0	0	Right	7.158	33908.4	33933.4	LINESTRING(254.950000 572.720000,256.770000 559.690000)
1	165	984	989	0	1	26	26	0	9	59	1	0	Straight	0.0	33933.4	33992.4	LINESTRING(256.770000 559.690000,260.300000 549.810000)
1	166	989	693	1	0	0	0	0	14	0	0	0	Straight	0.0	33992.4	34006.4	LINESTRING(260.300000 549.810000,266.140000 539.950000)
1	167	693	652	1	0	0	0	0	34	0	0	0	Straight	0.0	34006.4	34040.4	LINESTRING(266.140000 539.950000,283.710000 531.040000)
1	168	652	2117	1	0	0	0	0	24	0	0	0	Right	7.158	34047.6	34071.6	LINESTRING(283.710000 531.040000,277.680000 521.990000)
1	169	2117	992	1	0	0	0	0	12	0	0	0	Straight	0.0	34071.6	34083.6	LINESTRING(277.680000 521.990000,272.860000 511.890000)
1	170	992	979	1	0	0	0	0	101	0	0	0	Straight	0.0	34083.6	34184.6	LINESTRING(272.860000 511.890000,269.560000 501.340000)
1	171	979	1649	1	0	0	0	0	25	0	0	0	Straight	0.0	34184.6	34209.6	LINESTRING(269.560000 501.340000,261.950000 490.330000)
1	172	1649	650	1	0	0	0	0	26	0	0	0	Straight	0.0	34209.6	34235.6	LINESTRING(261.950000 490.330000,250.180000 481.310000)
1	173	650	2009	1	0	0	0	0	14	0	0	0	Straight	0.0	34235.6	34249.6	LINESTRING(250.180000 481.310000,227.850000 473.010000)
1	174	2009	1000	1	0	0	0	0	13	0	0	0	Straight	0.0	34249.6	34262.6	LINESTRING(227.850000 473.010000,214.990000 456.270000)
1	175	1000	1965	1	0	0	0	0	214	0	0	0	Left	14.316	34276.9	34490.9	LINESTRING(214.990000 456.270000,235.220000 422.080000)
1	176	1965	2313	1	0	0	0	0	155	0	0	0	Straight	0.0	34490.9	34645.9	LINESTRING(235.220000 422.080000,258.180000 400.590000)
1	177	2313	1553	1	0	0	0	0	55	0	0	0	Straight	0.0	34645.9	34700.9	LINESTRING(258.180000 400.590000,285.870000 384.490000)
1	178	1553	900	1	0	0	0	0	42	0	0	0	Straight	0.0	34700.9	34742.9	LINESTRING(285.870000 384.490000,313.770000 368.790000)
1	179	900	561	1	0	0	0	0	83	0	0	0	Straight	0.0	34742.9	34825.9	LINESTRING(313.770000 368.790000,341.600000 352.600000)
1	180	561	951	1	0	0	0	0	65	0	0	0	Straight	0.0	34825.9	34890.9	LINESTRING(341.600000 352.600000,362.600000 336.160000)
1	181	951	610	1	0	0	0	0	5	0	0	0	Straight	0.0	34890.9	34895.9	LINESTRING(362.600000 336.160000,383.270000 322.520000)
1	182	610	611	1	0	0	0	0	13	0	0	0	Straight	0.0	34895.9	34908.9	LINESTRING(383.270000 322.520000,386.970000 314.450000)
1	183	611	957	1	0	0	0	0	12	0	0	0	Straight	0.0	34908.9	34920.9	LINESTRING(386.970000 314.450000,393.420000 311.130000)
1	184	957	1528	1	0	0	0	0	9	0	0	0	Right	7.158	34928.0	34937.0	LINESTRING(393.420000 311.130000,385.690000 307.890000)
1	185	1528	1004	1	0	0	0	0	24	0	0	0	Straight	0.0	34937.0	34961.0	LINESTRING(385.690000 307.890000,378.590000 301.430000)
1	186	1004	2011	1	0	0	0	0	249	0	0	0	Straight	0.0	34961.0	35210.0	LINESTRING(378.590000 301.430000,372.780000 294.490000)
1	187	2011	923	1	0	0	0	0	100	0	0	0	Straight	0.0	35210.0	35310.0	LINESTRING(372.780000 294.490000,367.720000 288.770000)
1	188	923	922	1	0	0	0	0	20	0	0	0	Straight	0.0	35310.0	35330.0	LINESTRING(367.720000 288.770000,363.400000 284.320000)
1	189	922	2277	1	0	0	0	0	91	0	0	0	Straight	0.0	35330.0	35421.0	LINESTRING(363.400000 284.320000,360.380000 280.330000)
2	0	2277	2277	-1	-1	0	0	0	0	0	0	300		0.0	35421.0	35721.0	LINESTRING(360.380000 280.330000,360.380000 280.330000)
