Problem Type	Solution Method	Vehicle Capacity (Weight)	Vehicle Capacity(Volume)	Disposal Trips	Route Time	Route Time wo Turns	Computational Time(Sec)	Clustering Time(Sec)	VA(NHO)	VA(ATD)	VA(CCI)	VA(DMT)	VA(ROI)	VA(AOI)	Optimal
MCARPTIF-TP	WJ19	10000	10000	2	32062.3	28711	14.5273	0	0.604184	2330.62	1.54545	51482	3.88562	0.181444	0
Load No	Sequence No	From Node ID	To Node ID	IsEdge	Required	Weight	Volume	Travel Miles	Travel Time	Service Time	Served	Dumped	Turn Type	Turn Cost	Depart Time	Arrival Time	Shape
0	0	1063	678	1	0	0	0	0	79	0	0	300		0.0	300.0	379.0	LINESTRING(327.480000 185.130000,323.230000 189.380000)
0	1	678	657	1	0	0	0	0	7	0	0	0	Straight	0.0	379.0	386.0	LINESTRING(323.230000 189.380000,300.760000 197.070000)
0	2	657	362	1	0	0	0	0	109	0	0	0	Straight	0.0	386.0	495.0	LINESTRING(300.760000 197.070000,257.700000 203.430000)
0	3	362	348	1	0	0	0	0	106	0	0	0	Right	6.924	501.924	607.924	LINESTRING(257.700000 203.430000,233.520000 238.760000)
0	4	348	246	1	0	0	0	0	74	0	0	0	Straight	0.0	607.924	681.924	LINESTRING(233.520000 238.760000,234.480000 281.830000)
0	5	246	247	1	0	0	0	0	81	0	0	0	Straight	0.0	681.924	762.924	LINESTRING(234.480000 281.830000,234.920000 323.120000)
0	6	247	1014	1	0	0	0	0	25	0	0	0	Right	6.924	769.848	794.848	LINESTRING(234.920000 323.120000,256.170000 343.320000)
0	7	1014	741	1	0	0	0	0	33	0	0	0	Straight	0.0	794.848	827.848	LINESTRING(256.170000 343.320000,280.690000 357.500000)
0	8	741	195	1	0	0	0	0	10	0	0	0	Left	13.848	841.696	851.696	LINESTRING(280.690000 357.500000,281.010000 370.310000)
0	9	195	739	1	1	186	186	0	33	213	1	0	Right	6.924	858.62	1071.62	LINESTRING(281.010000 370.310000,289.300000 376.150000)
0	10	739	510	1	0	0	0	0	33	0	0	0	Straight	0.0	1071.62	1104.62	LINESTRING(289.300000 376.150000,311.440000 378.230000)
0	11	510	511	1	1	151	151	0	27	177	1	0	Straight	0.0	1104.62	1281.62	LINESTRING(311.440000 378.230000,342.300000 378.200000)
0	12	511	79	1	0	0	0	0	218	0	0	0	Straight	0.0	1281.62	1499.62	LINESTRING(342.300000 378.200000,390.030000 388.090000)
0	13	79	792	1	0	0	0	0	53	0	0	0	Right	6.924	1506.54	1559.54	LINESTRING(390.030000 388.090000,418.140000 366.850000)
0	14	792	78	1	1	24	24	0	4	24	1	0	Left	13.848	1573.39	1597.39	LINESTRING(418.140000 366.850000,420.220000 376.980000)
0	15	78	76	0	1	230	230	0	41	271	1	0	Straight	0.0	1597.39	1868.39	LINESTRING(420.220000 376.980000,420.840000 387.520000)
0	16	76	77	1	0	0	0	0	7	0	0	0	Straight	0.0	1868.39	1875.39	LINESTRING(420.840000 387.520000,420.410000 398.520000)
0	17	77	56	1	0	0	0	0	162	0	0	0	Right	6.924	1882.32	2044.32	LINESTRING(420.410000 398.520000,449.800000 412.800000)
0	18	56	57	1	0	0	0	0	6	0	0	0	Left	13.848	2058.16	2064.16	LINESTRING(449.800000 412.800000,453.070000 430.530000)
0	19	57	752	0	0	0	0	0	63	0	0	0	Straight	0.0	2064.16	2127.16	LINESTRING(453.070000 430.530000,448.890000 437.060000)
0	20	752	54	0	0	0	0	0	24	0	0	0	Straight	0.0	2127.16	2151.16	LINESTRING(448.890000 437.060000,449.050000 443.860000)
0	21	54	50	0	0	0	0	0	11	0	0	0	Straight	0.0	2151.16	2162.16	LINESTRING(449.050000 443.860000,445.110000 450.420000)
0	22	50	51	0	0	0	0	0	2	0	0	0	Straight	0.0	2162.16	2164.16	LINESTRING(445.110000 450.420000,439.150000 456.240000)
0	23	51	427	0	0	0	0	0	4	0	0	0	Straight	0.0	2164.16	2168.16	LINESTRING(439.150000 456.240000,429.410000 459.330000)
0	24	427	690	0	0	0	0	0	4	0	0	0	Right	6.924	2175.09	2179.09	LINESTRING(429.410000 459.330000,425.050000 471.780000)
0	25	690	409	0	0	0	0	0	5	0	0	0	Straight	0.0	2179.09	2184.09	LINESTRING(425.050000 471.780000,419.970000 478.630000)
0	26	409	958	0	0	0	0	0	3	0	0	0	Straight	0.0	2184.09	2187.09	LINESTRING(419.970000 478.630000,412.190000 481.650000)
0	27	958	394	0	0	0	0	0	10	0	0	0	Straight	0.0	2187.09	2197.09	LINESTRING(412.190000 481.650000,404.320000 482.140000)
0	28	394	395	0	1	259	259	0	47	297	1	0	Straight	0.0	2197.09	2494.09	LINESTRING(404.320000 482.140000,394.140000 487.170000)
0	29	395	390	0	1	7	7	0	1	1	1	0	Straight	0.0	2494.09	2495.09	LINESTRING(394.140000 487.170000,383.790000 489.860000)
0	30	390	391	0	1	20	20	0	4	24	1	0	Straight	0.0	2495.09	2519.09	LINESTRING(383.790000 489.860000,376.920000 494.420000)
0	31	391	393	0	1	154	154	0	28	178	1	0	Straight	0.0	2519.09	2697.09	LINESTRING(376.920000 494.420000,370.680000 495.910000)
0	32	393	388	0	0	0	0	0	29	0	0	0	U	55.394	2752.48	2781.48	LINESTRING(370.680000 495.910000,379.580000 499.450000)
0	33	388	389	0	0	0	0	0	4	0	0	0	Straight	0.0	2781.48	2785.48	LINESTRING(379.580000 499.450000,388.990000 496.990000)
0	34	389	882	0	0	0	0	0	1	0	0	0	Straight	0.0	2785.48	2786.48	LINESTRING(388.990000 496.990000,400.460000 496.790000)
0	35	882	46	0	0	0	0	0	46	0	0	0	Straight	0.0	2786.48	2832.48	LINESTRING(400.460000 496.790000,411.360000 492.480000)
0	36	46	47	0	0	0	0	0	11	0	0	0	Straight	0.0	2832.48	2843.48	LINESTRING(411.360000 492.480000,418.840000 491.860000)
0	37	47	407	0	0	0	0	0	3	0	0	0	Straight	0.0	2843.48	2846.48	LINESTRING(418.840000 491.860000,425.700000 486.510000)
0	38	407	781	0	0	0	0	0	5	0	0	0	Straight	0.0	2846.48	2851.48	LINESTRING(425.700000 486.510000,432.780000 479.730000)
0	39	781	680	0	0	0	0	0	4	0	0	0	Straight	0.0	2851.48	2855.48	LINESTRING(432.780000 479.730000,439.240000 467.670000)
0	40	680	736	0	0	0	0	0	4	0	0	0	Straight	0.0	2855.48	2859.48	LINESTRING(439.240000 467.670000,445.850000 461.280000)
0	41	736	1051	0	0	0	0	0	2	0	0	0	Straight	0.0	2859.48	2861.48	LINESTRING(445.850000 461.280000,453.160000 455.420000)
0	42	1051	53	0	0	0	0	0	11	0	0	0	Straight	0.0	2861.48	2872.48	LINESTRING(453.160000 455.420000,456.510000 447.360000)
0	43	53	57	0	0	0	0	0	88	0	0	0	Straight	0.0	2872.48	2960.48	LINESTRING(456.510000 447.360000,453.070000 430.530000)
0	44	57	56	1	0	0	0	0	6	0	0	0	Straight	0.0	2960.48	2966.48	LINESTRING(453.070000 430.530000,449.800000 412.800000)
0	45	56	418	1	0	0	0	0	64	0	0	0	Left	13.848	2980.33	3044.33	LINESTRING(449.800000 412.800000,487.910000 415.910000)
0	46	418	972	1	0	0	0	0	144	0	0	0	Straight	0.0	3044.33	3188.33	LINESTRING(487.910000 415.910000,520.650000 413.550000)
0	47	972	868	1	1	272	272	0	49	319	1	0	Left	13.848	3202.18	3521.18	LINESTRING(520.650000 413.550000,537.120000 428.190000)
0	48	868	35	1	1	65	65	0	12	72	1	0	Straight	0.0	3521.18	3593.18	LINESTRING(537.120000 428.190000,541.180000 443.310000)
0	49	35	34	1	1	95	95	0	17	107	1	0	Right	6.924	3600.1	3707.1	LINESTRING(541.180000 443.310000,554.010000 443.660000)
0	50	34	964	0	1	5	5	0	1	1	1	0	Straight	0.0	3707.1	3708.1	LINESTRING(554.010000 443.660000,566.100000 451.200000)
0	51	964	331	0	1	19	19	0	3	13	1	0	Right	6.924	3715.03	3728.03	LINESTRING(566.100000 451.200000,584.320000 446.750000)
0	52	331	902	0	1	14	14	0	3	13	1	0	Straight	0.0	3728.03	3741.03	LINESTRING(584.320000 446.750000,595.760000 439.460000)
0	53	902	903	0	1	429	429	0	77	497	1	0	Straight	0.0	3741.03	4238.03	LINESTRING(595.760000 439.460000,611.040000 435.120000)
0	54	903	333	0	1	27	27	0	5	25	1	0	Straight	0.0	4238.03	4263.03	LINESTRING(611.040000 435.120000,628.480000 431.320000)
0	55	333	334	0	1	43	43	0	8	48	1	0	U	55.394	4318.42	4366.42	LINESTRING(628.480000 431.320000,620.510000 426.220000)
0	56	334	36	0	1	36	36	0	7	37	1	0	Right	6.924	4373.34	4410.34	LINESTRING(620.510000 426.220000,610.440000 430.220000)
0	57	36	37	1	1	95	95	0	17	107	1	0	Straight	0.0	4410.34	4517.34	LINESTRING(610.440000 430.220000,607.450000 435.210000)
0	58	37	36	1	1	95	95	0	17	107	0	0	U	55.394	4572.74	4589.74	LINESTRING(607.450000 435.210000,610.440000 430.220000)
0	59	36	337	0	1	34	34	0	6	36	1	0	U	55.394	4645.13	4681.13	LINESTRING(610.440000 430.220000,600.910000 433.220000)
0	60	337	903	0	1	14	14	0	2	12	1	0	U	55.394	4736.53	4748.53	LINESTRING(600.910000 433.220000,611.040000 435.120000)
0	61	903	333	0	1	27	27	0	5	25	0	0	Straight	0.0	4748.53	4753.53	LINESTRING(611.040000 435.120000,628.480000 431.320000)
0	62	333	31	1	1	46	46	0	8	48	1	0	Straight	0.0	4753.53	4801.53	LINESTRING(628.480000 431.320000,647.150000 430.680000)
0	63	31	28	1	1	75	75	0	13	83	1	0	Straight	0.0	4801.53	4884.53	LINESTRING(647.150000 430.680000,660.570000 432.660000)
0	64	28	31	1	1	75	75	0	13	83	0	0	U	55.394	4939.92	4952.92	LINESTRING(660.570000 432.660000,647.150000 430.680000)
0	65	31	333	1	1	46	46	0	8	48	0	0	Straight	0.0	4952.92	4960.92	LINESTRING(647.150000 430.680000,628.480000 431.320000)
0	66	333	334	0	1	43	43	0	8	48	0	0	Straight	0.0	4960.92	4968.92	LINESTRING(628.480000 431.320000,620.510000 426.220000)
0	67	334	36	0	1	36	36	0	7	37	0	0	Right	6.924	4975.84	4982.84	LINESTRING(620.510000 426.220000,610.440000 430.220000)
0	68	36	337	0	1	34	34	0	6	36	0	0	Straight	0.0	4982.84	4988.84	LINESTRING(610.440000 430.220000,600.910000 433.220000)
0	69	337	335	0	1	429	429	0	77	497	1	0	Straight	0.0	4988.84	5485.84	LINESTRING(600.910000 433.220000,587.570000 434.680000)
0	70	335	336	0	1	13	13	0	2	12	1	0	Straight	0.0	5485.84	5497.84	LINESTRING(587.570000 434.680000,571.650000 431.860000)
0	71	336	33	0	1	12	12	0	2	12	1	0	Straight	0.0	5497.84	5509.84	LINESTRING(571.650000 431.860000,554.100000 433.020000)
0	72	33	34	0	1	13	13	0	2	12	1	0	Right	6.924	5516.77	5528.77	LINESTRING(554.100000 433.020000,554.010000 443.660000)
0	73	34	964	0	1	5	5	0	1	1	0	0	Right	6.924	5535.69	5536.69	LINESTRING(554.010000 443.660000,566.100000 451.200000)
0	74	964	331	0	1	19	19	0	3	13	0	0	Right	6.924	5543.62	5546.62	LINESTRING(566.100000 451.200000,584.320000 446.750000)
0	75	331	902	0	1	14	14	0	3	13	0	0	Straight	0.0	5546.62	5549.62	LINESTRING(584.320000 446.750000,595.760000 439.460000)
0	76	902	335	0	1	23	23	0	4	24	1	0	Right	6.924	5556.54	5580.54	LINESTRING(595.760000 439.460000,587.570000 434.680000)
0	77	335	336	0	1	13	13	0	2	12	0	0	Straight	0.0	5580.54	5582.54	LINESTRING(587.570000 434.680000,571.650000 431.860000)
0	78	336	33	0	1	12	12	0	2	12	0	0	Straight	0.0	5582.54	5584.54	LINESTRING(571.650000 431.860000,554.100000 433.020000)
0	79	33	34	0	1	13	13	0	2	12	0	0	Right	6.924	5591.46	5593.46	LINESTRING(554.100000 433.020000,554.010000 443.660000)
0	80	34	964	0	1	5	5	0	1	1	0	0	Right	6.924	5600.39	5601.39	LINESTRING(554.010000 443.660000,566.100000 451.200000)
0	81	964	331	0	1	19	19	0	3	13	0	0	Right	6.924	5608.31	5611.31	LINESTRING(566.100000 451.200000,584.320000 446.750000)
0	82	331	902	0	1	14	14	0	3	13	0	0	Straight	0.0	5611.31	5614.31	LINESTRING(584.320000 446.750000,595.760000 439.460000)
0	83	902	903	0	1	429	429	0	77	497	0	0	Straight	0.0	5614.31	5691.31	LINESTRING(595.760000 439.460000,611.040000 435.120000)
0	84	903	333	0	1	27	27	0	5	25	0	0	Straight	0.0	5691.31	5696.31	LINESTRING(611.040000 435.120000,628.480000 431.320000)
0	85	333	31	1	1	46	46	0	8	48	0	0	Straight	0.0	5696.31	5704.31	LINESTRING(628.480000 431.320000,647.150000 430.680000)
0	86	31	30	1	1	216	216	0	39	249	1	0	Straight	0.0	5704.31	5953.31	LINESTRING(647.150000 430.680000,657.500000 428.570000)
0	87	30	803	1	1	126	126	0	23	143	0	0	Straight	0.0	5953.31	5976.31	LINESTRING(657.500000 428.570000,665.040000 425.770000)
0	88	803	30	1	1	126	126	0	23	143	1	0	U	55.394	6031.71	6174.71	LINESTRING(665.040000 425.770000,657.500000 428.570000)
0	89	30	28	1	1	403	403	0	73	473	1	0	Right	6.924	6181.63	6654.63	LINESTRING(657.500000 428.570000,660.570000 432.660000)
0	90	28	29	1	1	95	95	0	17	107	1	0	Straight	0.0	6654.63	6761.63	LINESTRING(660.570000 432.660000,673.690000 436.060000)
0	91	29	921	1	1	141	141	0	25	165	1	0	Left	13.848	6775.48	6940.48	LINESTRING(673.690000 436.060000,673.460000 439.880000)
0	92	921	29	1	1	141	141	0	25	165	0	0	U	55.394	6995.87	7020.87	LINESTRING(673.460000 439.880000,673.690000 436.060000)
0	93	29	32	1	1	93	93	0	17	107	1	0	Left	13.848	7034.72	7141.72	LINESTRING(673.690000 436.060000,684.370000 441.170000)
0	94	32	330	1	1	101	101	0	18	118	1	0	Left	13.848	7155.57	7273.57	LINESTRING(684.370000 441.170000,686.180000 449.140000)
0	95	330	719	1	1	101	101	0	18	118	1	0	Left	13.848	7287.42	7405.42	LINESTRING(686.180000 449.140000,676.070000 450.380000)
0	96	719	26	1	1	94	94	0	17	107	1	0	Straight	0.0	7405.42	7512.42	LINESTRING(676.070000 450.380000,662.600000 445.700000)
0	97	26	27	1	1	108	108	0	20	120	1	0	U	55.394	7567.81	7687.81	LINESTRING(662.600000 445.700000,667.350000 450.870000)
0	98	27	26	1	1	108	108	0	20	120	0	0	U	55.394	7743.2	7763.2	LINESTRING(667.350000 450.870000,662.600000 445.700000)
0	99	26	731	1	1	118	118	0	21	131	1	0	Straight	0.0	7763.2	7894.2	LINESTRING(662.600000 445.700000,648.560000 438.610000)
0	100	731	26	1	1	118	118	0	21	131	0	0	U	55.394	7949.6	7970.6	LINESTRING(648.560000 438.610000,662.600000 445.700000)
0	101	26	719	1	1	94	94	0	17	107	0	0	Straight	0.0	7970.6	7987.6	LINESTRING(662.600000 445.700000,676.070000 450.380000)
0	102	719	1018	1	1	66	66	0	12	72	1	0	Straight	0.0	7987.6	8059.6	LINESTRING(676.070000 450.380000,681.680000 456.330000)
0	103	1018	719	1	1	66	66	0	12	72	0	0	U	55.394	8114.99	8126.99	LINESTRING(681.680000 456.330000,676.070000 450.380000)
0	104	719	330	1	1	101	101	0	18	118	0	0	Left	13.848	8140.84	8158.84	LINESTRING(676.070000 450.380000,686.180000 449.140000)
0	105	330	893	1	1	113	113	0	20	130	1	0	Straight	0.0	8158.84	8288.84	LINESTRING(686.180000 449.140000,693.780000 452.630000)
0	106	893	330	1	1	113	113	0	20	130	0	0	U	55.394	8344.23	8364.23	LINESTRING(693.780000 452.630000,686.180000 449.140000)
0	107	330	32	1	1	101	101	0	18	118	0	0	Left	13.848	8378.08	8396.08	LINESTRING(686.180000 449.140000,684.370000 441.170000)
0	108	32	760	1	1	138	138	0	25	155	1	0	Left	13.848	8409.93	8564.93	LINESTRING(684.370000 441.170000,692.730000 441.170000)
0	109	760	32	1	1	138	138	0	25	155	0	0	U	55.394	8620.32	8645.32	LINESTRING(692.730000 441.170000,684.370000 441.170000)
0	110	32	330	1	1	101	101	0	18	118	0	0	Right	6.924	8652.25	8670.25	LINESTRING(684.370000 441.170000,686.180000 449.140000)
0	111	330	719	1	1	101	101	0	18	118	0	0	Left	13.848	8684.1	8702.1	LINESTRING(686.180000 449.140000,676.070000 450.380000)
0	112	719	26	1	1	94	94	0	17	107	0	0	Straight	0.0	8702.1	8719.1	LINESTRING(676.070000 450.380000,662.600000 445.700000)
0	113	26	731	1	1	118	118	0	21	131	0	0	Straight	0.0	8719.1	8740.1	LINESTRING(662.600000 445.700000,648.560000 438.610000)
0	114	731	329	1	1	28	28	0	5	25	1	0	Straight	0.0	8740.1	8765.1	LINESTRING(648.560000 438.610000,642.920000 435.990000)
0	115	329	730	1	0	0	0	0	5	0	0	0	Straight	0.0	8765.1	8770.1	LINESTRING(642.920000 435.990000,636.280000 437.570000)
0	116	730	892	1	0	0	0	0	21	0	0	0	Straight	0.0	8770.1	8791.1	LINESTRING(636.280000 437.570000,621.340000 435.830000)
0	117	892	23	1	0	0	0	0	17	0	0	0	Left	13.848	8804.94	8821.94	LINESTRING(621.340000 435.830000,614.710000 425.370000)
0	118	23	24	1	1	847	847	0	152	992	1	0	Straight	0.0	8821.94	9813.94	LINESTRING(614.710000 425.370000,602.870000 405.840000)
0	119	24	25	1	1	984	984	0	177	1157	1	0	Right	6.924	9820.87	10977.9	LINESTRING(602.870000 405.840000,590.730000 404.940000)
0	120	25	326	1	1	279	279	0	50	320	1	0	Left	13.848	10991.7	11311.7	LINESTRING(590.730000 404.940000,591.490000 383.360000)
0	121	326	946	1	0	0	0	0	69	0	0	0	Straight	0.0	11311.7	11380.7	LINESTRING(591.490000 383.360000,594.990000 358.060000)
0	122	946	945	1	0	0	0	0	16	0	0	0	Straight	0.0	11380.7	11396.7	LINESTRING(594.990000 358.060000,597.110000 332.950000)
0	123	945	48	1	0	0	0	0	78	0	0	0	Straight	0.0	11396.7	11474.7	LINESTRING(597.110000 332.950000,598.600000 307.900000)
0	124	48	425	1	0	0	0	0	109	0	0	0	Straight	0.0	11474.7	11583.7	LINESTRING(598.600000 307.900000,604.280000 269.070000)
0	125	425	104	1	0	0	0	0	110	0	0	0	Straight	0.0	11583.7	11693.7	LINESTRING(604.280000 269.070000,608.430000 228.150000)
0	126	104	447	1	1	448	448	0	81	521	1	0	Left	13.848	11707.6	12228.6	LINESTRING(608.430000 228.150000,649.940000 210.950000)
0	127	447	826	1	1	138	138	0	25	155	1	0	Straight	0.0	12228.6	12383.6	LINESTRING(649.940000 210.950000,684.710000 196.040000)
0	128	826	485	1	1	112	112	0	20	130	1	0	Straight	0.0	12383.6	12513.6	LINESTRING(684.710000 196.040000,719.610000 182.350000)
0	129	485	734	1	1	395	395	0	71	461	1	0	Straight	0.0	12513.6	12974.6	LINESTRING(719.610000 182.350000,753.430000 170.450000)
0	130	734	160	1	1	93	93	0	17	107	1	0	Straight	0.0	12974.6	13081.6	LINESTRING(753.430000 170.450000,781.700000 173.160000)
0	131	160	161	1	1	58	58	0	11	61	1	0	Straight	0.0	13081.6	13142.6	LINESTRING(781.700000 173.160000,804.180000 171.350000)
0	132	161	518	1	1	55	55	0	10	60	1	0	Straight	0.0	13142.6	13202.6	LINESTRING(804.180000 171.350000,822.490000 175.630000)
0	133	518	517	1	1	54	54	0	10	60	1	0	Left	13.848	13216.4	13276.4	LINESTRING(822.490000 175.630000,822.340000 186.060000)
0	134	517	795	1	1	126	126	0	23	143	1	0	Right	6.924	13283.3	13426.3	LINESTRING(822.340000 186.060000,831.040000 184.040000)
0	135	795	726	1	1	84	84	0	15	95	1	0	Straight	0.0	13426.3	13521.3	LINESTRING(831.040000 184.040000,835.650000 178.990000)
0	136	726	518	1	1	54	54	0	10	60	0	0	Right	6.924	13528.3	13538.3	LINESTRING(835.650000 178.990000,822.490000 175.630000)
0	137	518	517	1	1	54	54	0	10	60	0	0	Right	6.924	13545.2	13555.2	LINESTRING(822.490000 175.630000,822.340000 186.060000)
0	138	517	189	1	1	54	54	0	10	60	0	0	Straight	0.0	13555.2	13565.2	LINESTRING(822.340000 186.060000,812.930000 195.560000)
0	139	189	906	1	1	52	52	0	9	59	0	0	Straight	0.0	13565.2	13574.2	LINESTRING(812.930000 195.560000,801.950000 202.380000)
0	140	906	845	1	0	0	0	0	6	0	0	0	Left	13.848	13588.0	13594.0	LINESTRING(801.950000 202.380000,799.400000 194.750000)
0	141	845	844	1	0	0	0	0	23	0	0	0	Right	6.924	13601.0	13624.0	LINESTRING(799.400000 194.750000,792.150000 195.460000)
0	142	844	503	1	0	0	0	0	10	0	0	0	Straight	0.0	13624.0	13634.0	LINESTRING(792.150000 195.460000,782.950000 202.550000)
0	143	503	505	1	0	0	0	0	16	0	0	0	Left	13.848	13647.8	13663.8	LINESTRING(782.950000 202.550000,766.480000 193.320000)
0	144	505	504	1	0	0	0	0	14	0	0	0	Straight	0.0	13663.8	13677.8	LINESTRING(766.480000 193.320000,752.470000 182.730000)
0	145	504	886	1	0	0	0	0	27	0	0	0	Straight	0.0	13677.8	13704.8	LINESTRING(752.470000 182.730000,738.830000 172.040000)
0	146	886	717	1	0	0	0	0	10	0	0	0	Straight	0.0	13704.8	13714.8	LINESTRING(738.830000 172.040000,729.320000 152.740000)
0	147	717	764	1	0	0	0	0	19	0	0	0	Straight	0.0	13714.8	13733.8	LINESTRING(729.320000 152.740000,714.950000 143.980000)
0	148	764	140	1	1	75	75	0	14	84	1	0	Straight	0.0	13733.8	13817.8	LINESTRING(714.950000 143.980000,700.110000 144.850000)
0	149	140	933	1	0	0	0	0	45	0	0	0	Straight	0.0	13817.8	13862.8	LINESTRING(700.110000 144.850000,690.930000 148.620000)
0	150	933	114	1	0	0	0	0	14	0	0	0	Straight	0.0	13862.8	13876.8	LINESTRING(690.930000 148.620000,682.380000 159.060000)
0	151	114	105	1	0	0	0	0	10	0	0	0	Straight	0.0	13876.8	13886.8	LINESTRING(682.380000 159.060000,675.670000 179.510000)
0	152	105	452	1	0	0	0	0	20	0	0	0	Straight	0.0	13886.8	13906.8	LINESTRING(675.670000 179.510000,671.340000 201.140000)
0	153	452	447	1	1	422	422	0	76	496	0	0	Left	13.848	13920.7	13996.7	LINESTRING(671.340000 201.140000,649.940000 210.950000)
0	154	447	104	1	1	448	448	0	81	521	0	0	Straight	0.0	13996.7	14077.7	LINESTRING(649.940000 210.950000,608.430000 228.150000)
0	155	104	136	1	0	0	0	0	87	0	0	0	Left	13.848	14091.5	14178.5	LINESTRING(608.430000 228.150000,575.900000 207.380000)
0	156	136	213	1	0	0	0	0	154	0	0	0	Straight	0.0	14178.5	14332.5	LINESTRING(575.900000 207.380000,541.070000 188.180000)
0	157	213	704	1	0	0	0	0	7	0	0	0	Straight	0.0	14332.5	14339.5	LINESTRING(541.070000 188.180000,505.470000 170.090000)
0	158	704	767	1	0	0	0	0	137	0	0	0	Straight	0.0	14339.5	14476.5	LINESTRING(505.470000 170.090000,469.400000 171.380000)
0	159	767	625	0	0	0	0	0	41	0	0	0	Straight	0.0	14476.5	14517.5	LINESTRING(469.400000 171.380000,457.240000 164.760000)
0	160	625	626	0	0	0	0	0	63	0	0	0	Straight	0.0	14517.5	14580.5	LINESTRING(457.240000 164.760000,444.800000 159.110000)
0	161	626	633	0	0	0	0	0	10	0	0	0	Straight	0.0	14580.5	14590.5	LINESTRING(444.800000 159.110000,432.080000 154.750000)
0	162	633	634	0	0	0	0	0	8	0	0	0	Straight	0.0	14590.5	14598.5	LINESTRING(432.080000 154.750000,419.180000 152.050000)
0	163	634	714	0	0	0	0	0	22	0	0	0	Straight	0.0	14598.5	14620.5	LINESTRING(419.180000 152.050000,406.100000 151.260000)
0	164	714	715	0	0	0	0	0	5	0	0	0	Straight	0.0	14620.5	14625.5	LINESTRING(406.100000 151.260000,392.810000 152.620000)
0	165	715	819	0	0	0	0	0	14	0	0	0	Straight	0.0	14625.5	14639.5	LINESTRING(392.810000 152.620000,379.420000 156.300000)
0	166	819	398	0	0	0	0	0	84	0	0	0	Straight	0.0	14639.5	14723.5	LINESTRING(379.420000 156.300000,366.030000 162.150000)
0	167	398	399	0	0	0	0	0	67	0	0	0	Straight	0.0	14723.5	14790.5	LINESTRING(366.030000 162.150000,352.520000 169.850000)
0	168	399	677	0	0	0	0	0	501	0	0	0	Straight	0.0	14790.5	15291.5	LINESTRING(352.520000 169.850000,338.310000 179.140000)
0	169	677	678	0	0	0	0	0	14	0	0	0	Straight	0.0	15291.5	15305.5	LINESTRING(338.310000 179.140000,323.230000 189.380000)
0	170	678	1063	1	0	0	0	0	79	0	0	0	U	55.394	15360.9	15439.9	LINESTRING(323.230000 189.380000,327.480000 185.130000)
1	0	1063	678	1	0	0	0	0	79	0	0	300		0.0	15739.9	15818.9	LINESTRING(327.480000 185.130000,323.230000 189.380000)
1	1	678	657	1	0	0	0	0	7	0	0	0	Straight	0.0	15818.9	15825.9	LINESTRING(323.230000 189.380000,300.760000 197.070000)
1	2	657	362	1	0	0	0	0	109	0	0	0	Straight	0.0	15825.9	15934.9	LINESTRING(300.760000 197.070000,257.700000 203.430000)
1	3	362	348	1	0	0	0	0	106	0	0	0	Right	6.924	15941.8	16047.8	LINESTRING(257.700000 203.430000,233.520000 238.760000)
1	4	348	246	1	0	0	0	0	74	0	0	0	Straight	0.0	16047.8	16121.8	LINESTRING(233.520000 238.760000,234.480000 281.830000)
1	5	246	247	1	0	0	0	0	81	0	0	0	Straight	0.0	16121.8	16202.8	LINESTRING(234.480000 281.830000,234.920000 323.120000)
1	6	247	1014	1	0	0	0	0	25	0	0	0	Right	6.924	16209.7	16234.7	LINESTRING(234.920000 323.120000,256.170000 343.320000)
1	7	1014	741	1	0	0	0	0	33	0	0	0	Straight	0.0	16234.7	16267.7	LINESTRING(256.170000 343.320000,280.690000 357.500000)
1	8	741	200	1	0	0	0	0	19	0	0	0	Straight	0.0	16267.7	16286.7	LINESTRING(280.690000 357.500000,306.610000 367.090000)
1	9	200	511	1	0	0	0	0	60	0	0	0	Straight	0.0	16286.7	16346.7	LINESTRING(306.610000 367.090000,342.300000 378.200000)
1	10	511	79	1	0	0	0	0	218	0	0	0	Straight	0.0	16346.7	16564.7	LINESTRING(342.300000 378.200000,390.030000 388.090000)
1	11	79	77	1	0	0	0	0	30	0	0	0	Straight	0.0	16564.7	16594.7	LINESTRING(390.030000 388.090000,420.410000 398.520000)
1	12	77	56	1	0	0	0	0	162	0	0	0	Straight	0.0	16594.7	16756.7	LINESTRING(420.410000 398.520000,449.800000 412.800000)
1	13	56	418	1	0	0	0	0	64	0	0	0	Straight	0.0	16756.7	16820.7	LINESTRING(449.800000 412.800000,487.910000 415.910000)
1	14	418	972	1	0	0	0	0	144	0	0	0	Straight	0.0	16820.7	16964.7	LINESTRING(487.910000 415.910000,520.650000 413.550000)
1	15	972	868	1	1	272	272	0	49	319	0	0	Left	13.848	16978.6	17027.6	LINESTRING(520.650000 413.550000,537.120000 428.190000)
1	16	868	35	1	1	65	65	0	12	72	0	0	Straight	0.0	17027.6	17039.6	LINESTRING(537.120000 428.190000,541.180000 443.310000)
1	17	35	860	1	0	0	0	0	25	0	0	0	Straight	0.0	17039.6	17064.6	LINESTRING(541.180000 443.310000,555.220000 462.330000)
1	18	860	981	1	0	0	0	0	50	0	0	0	Straight	0.0	17064.6	17114.6	LINESTRING(555.220000 462.330000,562.910000 486.820000)
1	19	981	970	1	0	0	0	0	42	0	0	0	Straight	0.0	17114.6	17156.6	LINESTRING(562.910000 486.820000,571.270000 509.790000)
1	20	970	1009	1	1	357	357	0	64	414	1	0	Straight	0.0	17156.6	17570.6	LINESTRING(571.270000 509.790000,577.710000 529.450000)
1	21	1009	15	1	1	203	203	0	37	237	1	0	Straight	0.0	17570.6	17807.6	LINESTRING(577.710000 529.450000,579.740000 544.120000)
1	22	15	275	1	1	279	279	0	50	320	1	0	Left	13.848	17821.4	18141.4	LINESTRING(579.740000 544.120000,573.980000 543.780000)
1	23	275	6	0	1	35	35	0	6	36	1	0	Left	13.848	18155.3	18191.3	LINESTRING(573.980000 543.780000,574.270000 536.110000)
1	24	6	7	0	0	0	0	0	4	0	0	0	U	55.394	18246.7	18250.7	LINESTRING(574.270000 536.110000,571.480000 549.410000)
1	25	7	275	0	1	15	15	0	3	13	1	0	U	55.394	18306.1	18319.1	LINESTRING(571.480000 549.410000,573.980000 543.780000)
1	26	275	15	1	1	279	279	0	50	320	0	0	Left	13.848	18332.9	18382.9	LINESTRING(573.980000 543.780000,579.740000 544.120000)
1	27	15	16	1	1	56	56	0	10	60	1	0	Left	13.848	18396.8	18456.8	LINESTRING(579.740000 544.120000,584.140000 558.310000)
1	28	16	780	1	1	69	69	0	12	72	1	0	Straight	0.0	18456.8	18528.8	LINESTRING(584.140000 558.310000,590.780000 568.790000)
1	29	780	16	1	1	69	69	0	12	72	0	0	U	55.394	18584.2	18596.2	LINESTRING(590.780000 568.790000,584.140000 558.310000)
1	30	16	14	1	1	283	283	0	51	331	1	0	Right	6.924	18603.1	18934.1	LINESTRING(584.140000 558.310000,581.230000 566.040000)
1	31	14	13	1	1	77	77	0	14	84	1	0	Straight	0.0	18934.1	19018.1	LINESTRING(581.230000 566.040000,582.930000 572.800000)
1	32	13	790	1	0	0	0	0	16	0	0	0	Straight	0.0	19018.1	19034.1	LINESTRING(582.930000 572.800000,588.120000 576.710000)
1	33	790	780	1	1	322	322	0	58	378	1	0	Right	6.924	19041.0	19419.0	LINESTRING(588.120000 576.710000,590.780000 568.790000)
1	34	780	303	1	1	86	86	0	15	95	1	0	Left	13.848	19432.9	19527.9	LINESTRING(590.780000 568.790000,599.670000 573.420000)
1	35	303	817	1	1	45	45	0	8	48	0	0	Straight	0.0	19527.9	19535.9	LINESTRING(599.670000 573.420000,605.850000 579.370000)
1	36	817	303	1	1	45	45	0	8	48	1	0	U	55.394	19591.3	19639.3	LINESTRING(605.850000 579.370000,599.670000 573.420000)
1	37	303	304	1	1	67	67	0	12	72	1	0	Straight	0.0	19639.3	19711.3	LINESTRING(599.670000 573.420000,596.170000 567.850000)
1	38	304	998	1	1	425	425	0	76	496	1	0	U	55.394	19766.6	20262.6	LINESTRING(596.170000 567.850000,595.340000 579.350000)
1	39	998	997	1	1	88	88	0	16	96	1	0	Left	13.848	20276.5	20372.5	LINESTRING(595.340000 579.350000,588.100000 583.340000)
1	40	997	998	1	1	88	88	0	16	96	0	0	U	55.394	20427.9	20443.9	LINESTRING(588.100000 583.340000,595.340000 579.350000)
1	41	998	1052	1	1	56	56	0	10	60	1	0	Left	13.848	20457.7	20517.7	LINESTRING(595.340000 579.350000,598.980000 587.280000)
1	42	1052	998	1	1	56	56	0	10	60	0	0	U	55.394	20573.1	20583.1	LINESTRING(598.980000 587.280000,595.340000 579.350000)
1	43	998	304	1	1	425	425	0	76	496	0	0	Straight	0.0	20583.1	20659.1	LINESTRING(595.340000 579.350000,596.170000 567.850000)
1	44	304	322	1	1	82	82	0	15	95	1	0	Straight	0.0	20659.1	20754.1	LINESTRING(596.170000 567.850000,591.730000 555.140000)
1	45	322	321	1	1	77	77	0	14	84	1	0	Straight	0.0	20754.1	20838.1	LINESTRING(591.730000 555.140000,585.640000 542.480000)
1	46	321	1009	1	1	86	86	0	16	96	1	0	Straight	0.0	20838.1	20934.1	LINESTRING(585.640000 542.480000,577.710000 529.450000)
1	47	1009	970	1	1	357	357	0	64	414	0	0	Straight	0.0	20934.1	20998.1	LINESTRING(577.710000 529.450000,571.270000 509.790000)
1	48	970	981	1	0	0	0	0	42	0	0	0	Straight	0.0	20998.1	21040.1	LINESTRING(571.270000 509.790000,562.910000 486.820000)
1	49	981	860	1	0	0	0	0	50	0	0	0	Straight	0.0	21040.1	21090.1	LINESTRING(562.910000 486.820000,555.220000 462.330000)
1	50	860	964	0	1	202	202	0	36	236	1	0	Left	13.848	21104.0	21340.0	LINESTRING(555.220000 462.330000,566.100000 451.200000)
1	51	964	331	0	1	19	19	0	3	13	0	0	Straight	0.0	21340.0	21343.0	LINESTRING(566.100000 451.200000,584.320000 446.750000)
1	52	331	902	0	1	14	14	0	3	13	0	0	Straight	0.0	21343.0	21346.0	LINESTRING(584.320000 446.750000,595.760000 439.460000)
1	53	902	903	0	1	429	429	0	77	497	0	0	Straight	0.0	21346.0	21423.0	LINESTRING(595.760000 439.460000,611.040000 435.120000)
1	54	903	333	0	1	27	27	0	5	25	0	0	Straight	0.0	21423.0	21428.0	LINESTRING(611.040000 435.120000,628.480000 431.320000)
1	55	333	31	1	1	46	46	0	8	48	0	0	Straight	0.0	21428.0	21436.0	LINESTRING(628.480000 431.320000,647.150000 430.680000)
1	56	31	28	1	1	75	75	0	13	83	0	0	Straight	0.0	21436.0	21449.0	LINESTRING(647.150000 430.680000,660.570000 432.660000)
1	57	28	29	1	1	95	95	0	17	107	0	0	Straight	0.0	21449.0	21466.0	LINESTRING(660.570000 432.660000,673.690000 436.060000)
1	58	29	32	1	1	93	93	0	17	107	0	0	Straight	0.0	21466.0	21483.0	LINESTRING(673.690000 436.060000,684.370000 441.170000)
1	59	32	330	1	1	101	101	0	18	118	0	0	Left	13.848	21496.8	21514.8	LINESTRING(684.370000 441.170000,686.180000 449.140000)
1	60	330	719	1	1	101	101	0	18	118	0	0	Left	13.848	21528.7	21546.7	LINESTRING(686.180000 449.140000,676.070000 450.380000)
1	61	719	26	1	1	94	94	0	17	107	0	0	Straight	0.0	21546.7	21563.7	LINESTRING(676.070000 450.380000,662.600000 445.700000)
1	62	26	731	1	1	118	118	0	21	131	0	0	Straight	0.0	21563.7	21584.7	LINESTRING(662.600000 445.700000,648.560000 438.610000)
1	63	731	730	0	1	40	40	0	7	47	1	0	Straight	0.0	21584.7	21631.7	LINESTRING(648.560000 438.610000,636.280000 437.570000)
1	64	730	892	1	0	0	0	0	21	0	0	0	Straight	0.0	21631.7	21652.7	LINESTRING(636.280000 437.570000,621.340000 435.830000)
1	65	892	23	1	0	0	0	0	17	0	0	0	Left	13.848	21666.5	21683.5	LINESTRING(621.340000 435.830000,614.710000 425.370000)
1	66	23	325	1	0	0	0	0	71	0	0	0	U	55.394	21738.9	21809.9	LINESTRING(614.710000 425.370000,624.140000 442.450000)
1	67	325	19	1	1	113	113	0	20	130	1	0	Straight	0.0	21809.9	21939.9	LINESTRING(624.140000 442.450000,632.920000 457.800000)
1	68	19	22	1	1	985	985	0	177	1157	1	0	Straight	0.0	21939.9	23096.9	LINESTRING(632.920000 457.800000,643.390000 464.340000)
1	69	22	21	1	1	286	286	0	52	332	1	0	Straight	0.0	23096.9	23428.9	LINESTRING(643.390000 464.340000,652.260000 470.040000)
1	70	21	324	1	1	81	81	0	15	95	1	0	Straight	0.0	23428.9	23523.9	LINESTRING(652.260000 470.040000,658.760000 474.410000)
1	71	324	21	1	1	81	81	0	15	95	0	0	U	55.394	23579.3	23594.3	LINESTRING(658.760000 474.410000,652.260000 470.040000)
1	72	21	22	1	1	286	286	0	52	332	0	0	Straight	0.0	23594.3	23646.3	LINESTRING(652.260000 470.040000,643.390000 464.340000)
1	73	22	19	1	1	985	985	0	177	1157	0	0	Straight	0.0	23646.3	23823.3	LINESTRING(643.390000 464.340000,632.920000 457.800000)
1	74	19	20	1	1	249	249	0	45	285	1	0	U	55.394	23878.7	24163.7	LINESTRING(632.920000 457.800000,636.560000 470.960000)
1	75	20	1055	1	1	192	192	0	35	225	1	0	Straight	0.0	24163.7	24388.7	LINESTRING(636.560000 470.960000,640.570000 482.540000)
1	76	1055	305	1	1	45	45	0	8	48	1	0	Straight	0.0	24388.7	24436.7	LINESTRING(640.570000 482.540000,644.370000 492.840000)
1	77	305	1031	1	1	138	138	0	25	155	1	0	Straight	0.0	24436.7	24591.7	LINESTRING(644.370000 492.840000,651.470000 496.730000)
1	78	1031	305	1	1	138	138	0	25	155	0	0	U	55.394	24647.1	24672.1	LINESTRING(651.470000 496.730000,644.370000 492.840000)
1	79	305	306	1	1	86	86	0	15	95	1	0	Right	6.924	24679.0	24774.0	LINESTRING(644.370000 492.840000,640.200000 500.590000)
1	80	306	1017	1	1	104	104	0	19	119	1	0	Right	6.924	24780.9	24899.9	LINESTRING(640.200000 500.590000,644.660000 505.630000)
1	81	1017	306	1	1	104	104	0	19	119	0	0	U	55.394	24955.3	24974.3	LINESTRING(644.660000 505.630000,640.200000 500.590000)
1	82	306	319	1	1	94	94	0	17	107	1	0	Right	6.924	24981.3	25088.3	LINESTRING(640.200000 500.590000,633.910000 505.690000)
1	83	319	1023	1	1	72	72	0	13	83	1	0	Right	6.924	25095.2	25178.2	LINESTRING(633.910000 505.690000,636.640000 512.330000)
1	84	1023	319	1	1	72	72	0	13	83	0	0	U	55.394	25233.6	25246.6	LINESTRING(636.640000 512.330000,633.910000 505.690000)
1	85	319	320	1	1	88	88	0	16	96	1	0	Right	6.924	25253.5	25349.5	LINESTRING(633.910000 505.690000,627.410000 506.550000)
1	86	320	802	1	1	145	145	0	26	166	1	0	Straight	0.0	25349.5	25515.5	LINESTRING(627.410000 506.550000,624.030000 510.710000)
1	87	802	320	1	1	145	145	0	26	166	0	0	U	55.394	25570.9	25596.9	LINESTRING(624.030000 510.710000,627.410000 506.550000)
1	88	320	319	1	1	88	88	0	16	96	0	0	Straight	0.0	25596.9	25612.9	LINESTRING(627.410000 506.550000,633.910000 505.690000)
1	89	319	306	1	1	94	94	0	17	107	0	0	Straight	0.0	25612.9	25629.9	LINESTRING(633.910000 505.690000,640.200000 500.590000)
1	90	306	305	1	1	86	86	0	15	95	0	0	Straight	0.0	25629.9	25644.9	LINESTRING(640.200000 500.590000,644.370000 492.840000)
1	91	305	1055	1	1	45	45	0	8	48	0	0	Right	6.924	25651.8	25659.8	LINESTRING(644.370000 492.840000,640.570000 482.540000)
1	92	1055	20	1	1	192	192	0	35	225	0	0	Straight	0.0	25659.8	25694.8	LINESTRING(640.570000 482.540000,636.560000 470.960000)
1	93	20	323	1	1	34	34	0	6	36	1	0	U	55.394	25750.2	25786.2	LINESTRING(636.560000 470.960000,640.720000 475.660000)
1	94	323	20	1	1	34	34	0	6	36	0	0	U	55.394	25841.6	25847.6	LINESTRING(640.720000 475.660000,636.560000 470.960000)
1	95	20	19	1	1	249	249	0	45	285	0	0	Straight	0.0	25847.6	25892.6	LINESTRING(636.560000 470.960000,632.920000 457.800000)
1	96	19	325	1	1	113	113	0	20	130	0	0	Straight	0.0	25892.6	25912.6	LINESTRING(632.920000 457.800000,624.140000 442.450000)
1	97	325	23	1	0	0	0	0	71	0	0	0	Straight	0.0	25912.6	25983.6	LINESTRING(624.140000 442.450000,614.710000 425.370000)
1	98	23	24	1	1	847	847	0	152	992	0	0	Straight	0.0	25983.6	26135.6	LINESTRING(614.710000 425.370000,602.870000 405.840000)
1	99	24	338	1	0	0	0	0	103	0	0	0	Straight	0.0	26135.6	26238.6	LINESTRING(602.870000 405.840000,595.620000 385.720000)
1	100	338	392	1	0	0	0	0	61	0	0	0	Straight	0.0	26238.6	26299.6	LINESTRING(595.620000 385.720000,586.050000 366.920000)
1	101	392	49	1	1	429	429	0	77	497	1	0	Straight	0.0	26299.6	26796.6	LINESTRING(586.050000 366.920000,592.050000 337.530000)
1	102	49	48	1	1	499	499	0	90	580	1	0	Straight	0.0	26796.6	27376.6	LINESTRING(592.050000 337.530000,598.600000 307.900000)
1	103	48	425	1	0	0	0	0	109	0	0	0	Straight	0.0	27376.6	27485.6	LINESTRING(598.600000 307.900000,604.280000 269.070000)
1	104	425	104	1	0	0	0	0	110	0	0	0	Straight	0.0	27485.6	27595.6	LINESTRING(604.280000 269.070000,608.430000 228.150000)
1	105	104	447	1	1	448	448	0	81	521	0	0	Left	13.848	27609.5	27690.5	LINESTRING(608.430000 228.150000,649.940000 210.950000)
1	106	447	826	1	1	138	138	0	25	155	0	0	Straight	0.0	27690.5	27715.5	LINESTRING(649.940000 210.950000,684.710000 196.040000)
1	107	826	485	1	1	112	112	0	20	130	0	0	Straight	0.0	27715.5	27735.5	LINESTRING(684.710000 196.040000,719.610000 182.350000)
1	108	485	734	1	1	395	395	0	71	461	0	0	Straight	0.0	27735.5	27806.5	LINESTRING(719.610000 182.350000,753.430000 170.450000)
1	109	734	160	1	1	93	93	0	17	107	0	0	Straight	0.0	27806.5	27823.5	LINESTRING(753.430000 170.450000,781.700000 173.160000)
1	110	160	161	1	1	58	58	0	11	61	0	0	Straight	0.0	27823.5	27834.5	LINESTRING(781.700000 173.160000,804.180000 171.350000)
1	111	161	506	1	1	56	56	0	10	60	1	0	Straight	0.0	27834.5	27894.5	LINESTRING(804.180000 171.350000,813.760000 163.280000)
1	112	506	507	1	1	10	10	0	2	12	1	0	Straight	0.0	27894.5	27906.5	LINESTRING(813.760000 163.280000,818.080000 156.320000)
1	113	507	506	1	1	10	10	0	2	12	0	0	U	55.394	27961.9	27963.9	LINESTRING(818.080000 156.320000,813.760000 163.280000)
1	114	506	1035	1	1	11	11	0	2	12	1	0	U	55.394	28019.3	28031.3	LINESTRING(813.760000 163.280000,821.050000 160.570000)
1	115	1035	506	1	1	11	11	0	2	12	0	0	U	55.394	28086.6	28088.6	LINESTRING(821.050000 160.570000,813.760000 163.280000)
1	116	506	161	1	1	56	56	0	10	60	0	0	Straight	0.0	28088.6	28098.6	LINESTRING(813.760000 163.280000,804.180000 171.350000)
1	117	161	518	1	1	55	55	0	10	60	0	0	Right	6.924	28105.6	28115.6	LINESTRING(804.180000 171.350000,822.490000 175.630000)
1	118	518	726	1	1	54	54	0	10	60	1	0	Straight	0.0	28115.6	28175.6	LINESTRING(822.490000 175.630000,835.650000 178.990000)
1	119	726	523	1	1	44	44	0	8	48	1	0	Straight	0.0	28175.6	28223.6	LINESTRING(835.650000 178.990000,848.010000 180.010000)
1	120	523	522	1	1	10	10	0	2	12	1	0	Straight	0.0	28223.6	28235.6	LINESTRING(848.010000 180.010000,854.670000 177.970000)
1	121	522	523	1	1	10	10	0	2	12	0	0	U	55.394	28291.0	28293.0	LINESTRING(854.670000 177.970000,848.010000 180.010000)
1	122	523	1062	1	1	9	9	0	2	2	1	0	U	55.394	28348.4	28350.4	LINESTRING(848.010000 180.010000,855.540000 183.020000)
1	123	1062	523	1	1	9	9	0	2	2	0	0	U	55.394	28405.8	28407.8	LINESTRING(855.540000 183.020000,848.010000 180.010000)
1	124	523	726	1	1	44	44	0	8	48	0	0	Straight	0.0	28407.8	28415.8	LINESTRING(848.010000 180.010000,835.650000 178.990000)
1	125	726	518	1	1	54	54	0	10	60	0	0	Straight	0.0	28415.8	28425.8	LINESTRING(835.650000 178.990000,822.490000 175.630000)
1	126	518	828	1	1	56	56	0	10	60	1	0	U	55.394	28481.1	28541.1	LINESTRING(822.490000 175.630000,834.030000 169.930000)
1	127	828	864	1	1	11	11	0	2	12	1	0	Straight	0.0	28541.1	28553.1	LINESTRING(834.030000 169.930000,840.150000 164.450000)
1	128	864	828	1	1	11	11	0	2	12	0	0	U	55.394	28608.5	28610.5	LINESTRING(840.150000 164.450000,834.030000 169.930000)
1	129	828	829	1	1	12	12	0	2	12	1	0	U	55.394	28665.9	28677.9	LINESTRING(834.030000 169.930000,841.870000 169.320000)
1	130	829	828	1	1	12	12	0	2	12	0	0	U	55.394	28733.3	28735.3	LINESTRING(841.870000 169.320000,834.030000 169.930000)
1	131	828	518	1	1	56	56	0	10	60	0	0	Straight	0.0	28735.3	28745.3	LINESTRING(834.030000 169.930000,822.490000 175.630000)
1	132	518	517	1	1	54	54	0	10	60	0	0	Right	6.924	28752.3	28762.3	LINESTRING(822.490000 175.630000,822.340000 186.060000)
1	133	517	189	1	1	54	54	0	10	60	1	0	Straight	0.0	28762.3	28822.3	LINESTRING(822.340000 186.060000,812.930000 195.560000)
1	134	189	906	1	1	52	52	0	9	59	0	0	Straight	0.0	28822.3	28831.3	LINESTRING(812.930000 195.560000,801.950000 202.380000)
1	135	906	187	1	1	56	56	0	10	60	0	0	Straight	0.0	28831.3	28841.3	LINESTRING(801.950000 202.380000,791.280000 209.050000)
1	136	187	765	1	1	50	50	0	9	59	0	0	Straight	0.0	28841.3	28850.3	LINESTRING(791.280000 209.050000,786.240000 210.500000)
1	137	765	187	1	1	50	50	0	9	59	1	0	U	55.394	28905.6	28964.6	LINESTRING(786.240000 210.500000,791.280000 209.050000)
1	138	187	906	1	1	56	56	0	10	60	1	0	Straight	0.0	28964.6	29024.6	LINESTRING(791.280000 209.050000,801.950000 202.380000)
1	139	906	189	1	1	52	52	0	9	59	1	0	Straight	0.0	29024.6	29083.6	LINESTRING(801.950000 202.380000,812.930000 195.560000)
1	140	189	190	1	1	217	217	0	39	249	1	0	U	55.394	29139.0	29388.0	LINESTRING(812.930000 195.560000,806.590000 200.640000)
1	141	190	192	1	1	45	45	0	8	48	1	0	Straight	0.0	29388.0	29436.0	LINESTRING(806.590000 200.640000,796.640000 201.550000)
1	142	192	191	1	1	57	57	0	10	60	1	0	Left	13.848	29449.9	29509.9	LINESTRING(796.640000 201.550000,795.940000 196.830000)
1	143	191	192	1	1	57	57	0	10	60	0	0	U	55.394	29565.3	29575.3	LINESTRING(795.940000 196.830000,796.640000 201.550000)
1	144	192	190	1	1	45	45	0	8	48	0	0	Right	6.924	29582.2	29590.2	LINESTRING(796.640000 201.550000,806.590000 200.640000)
1	145	190	906	1	1	170	170	0	31	201	1	0	U	55.394	29645.6	29846.6	LINESTRING(806.590000 200.640000,801.950000 202.380000)
1	146	906	845	1	0	0	0	0	6	0	0	0	Left	13.848	29860.4	29866.4	LINESTRING(801.950000 202.380000,799.400000 194.750000)
1	147	845	844	1	0	0	0	0	23	0	0	0	Right	6.924	29873.4	29896.4	LINESTRING(799.400000 194.750000,792.150000 195.460000)
1	148	844	503	1	0	0	0	0	10	0	0	0	Straight	0.0	29896.4	29906.4	LINESTRING(792.150000 195.460000,782.950000 202.550000)
1	149	503	505	1	0	0	0	0	16	0	0	0	Left	13.848	29920.2	29936.2	LINESTRING(782.950000 202.550000,766.480000 193.320000)
1	150	505	504	1	0	0	0	0	14	0	0	0	Straight	0.0	29936.2	29950.2	LINESTRING(766.480000 193.320000,752.470000 182.730000)
1	151	504	886	1	0	0	0	0	27	0	0	0	Straight	0.0	29950.2	29977.2	LINESTRING(752.470000 182.730000,738.830000 172.040000)
1	152	886	717	1	0	0	0	0	10	0	0	0	Straight	0.0	29977.2	29987.2	LINESTRING(738.830000 172.040000,729.320000 152.740000)
1	153	717	764	1	0	0	0	0	19	0	0	0	Straight	0.0	29987.2	30006.2	LINESTRING(729.320000 152.740000,714.950000 143.980000)
1	154	764	140	1	1	75	75	0	14	84	0	0	Straight	0.0	30006.2	30020.2	LINESTRING(714.950000 143.980000,700.110000 144.850000)
1	155	140	933	1	0	0	0	0	45	0	0	0	Straight	0.0	30020.2	30065.2	LINESTRING(700.110000 144.850000,690.930000 148.620000)
1	156	933	114	1	0	0	0	0	14	0	0	0	Straight	0.0	30065.2	30079.2	LINESTRING(690.930000 148.620000,682.380000 159.060000)
1	157	114	105	1	0	0	0	0	10	0	0	0	Straight	0.0	30079.2	30089.2	LINESTRING(682.380000 159.060000,675.670000 179.510000)
1	158	105	452	1	0	0	0	0	20	0	0	0	Straight	0.0	30089.2	30109.2	LINESTRING(675.670000 179.510000,671.340000 201.140000)
1	159	452	447	1	1	422	422	0	76	496	1	0	Left	13.848	30123.1	30619.1	LINESTRING(671.340000 201.140000,649.940000 210.950000)
1	160	447	104	1	1	448	448	0	81	521	0	0	Straight	0.0	30619.1	30700.1	LINESTRING(649.940000 210.950000,608.430000 228.150000)
1	161	104	136	1	0	0	0	0	87	0	0	0	Left	13.848	30713.9	30800.9	LINESTRING(608.430000 228.150000,575.900000 207.380000)
1	162	136	213	1	0	0	0	0	154	0	0	0	Straight	0.0	30800.9	30954.9	LINESTRING(575.900000 207.380000,541.070000 188.180000)
1	163	213	704	1	0	0	0	0	7	0	0	0	Straight	0.0	30954.9	30961.9	LINESTRING(541.070000 188.180000,505.470000 170.090000)
1	164	704	767	1	0	0	0	0	137	0	0	0	Straight	0.0	30961.9	31098.9	LINESTRING(505.470000 170.090000,469.400000 171.380000)
1	165	767	625	0	0	0	0	0	41	0	0	0	Straight	0.0	31098.9	31139.9	LINESTRING(469.400000 171.380000,457.240000 164.760000)
1	166	625	626	0	0	0	0	0	63	0	0	0	Straight	0.0	31139.9	31202.9	LINESTRING(457.240000 164.760000,444.800000 159.110000)
1	167	626	633	0	0	0	0	0	10	0	0	0	Straight	0.0	31202.9	31212.9	LINESTRING(444.800000 159.110000,432.080000 154.750000)
1	168	633	634	0	0	0	0	0	8	0	0	0	Straight	0.0	31212.9	31220.9	LINESTRING(432.080000 154.750000,419.180000 152.050000)
1	169	634	714	0	0	0	0	0	22	0	0	0	Straight	0.0	31220.9	31242.9	LINESTRING(419.180000 152.050000,406.100000 151.260000)
1	170	714	715	0	0	0	0	0	5	0	0	0	Straight	0.0	31242.9	31247.9	LINESTRING(406.100000 151.260000,392.810000 152.620000)
1	171	715	819	0	0	0	0	0	14	0	0	0	Straight	0.0	31247.9	31261.9	LINESTRING(392.810000 152.620000,379.420000 156.300000)
1	172	819	398	0	0	0	0	0	84	0	0	0	Straight	0.0	31261.9	31345.9	LINESTRING(379.420000 156.300000,366.030000 162.150000)
1	173	398	399	0	0	0	0	0	67	0	0	0	Straight	0.0	31345.9	31412.9	LINESTRING(366.030000 162.150000,352.520000 169.850000)
1	174	399	677	0	0	0	0	0	501	0	0	0	Straight	0.0	31412.9	31913.9	LINESTRING(352.520000 169.850000,338.310000 179.140000)
1	175	677	678	0	0	0	0	0	14	0	0	0	Straight	0.0	31913.9	31927.9	LINESTRING(338.310000 179.140000,323.230000 189.380000)
1	176	678	1063	1	0	0	0	0	79	0	0	0	U	55.394	31983.3	32062.3	LINESTRING(323.230000 189.380000,327.480000 185.130000)
2	0	1063	1063	-1	-1	0	0	0	0	0	0	300		0.0	32062.3	32362.3	LINESTRING(327.480000 185.130000,327.480000 185.130000)
