Problem Type	Solution Method	Vehicle Capacity (Weight)	Vehicle Capacity(Volume)	Disposal Trips	Route Time	Route Time wo Turns	Computational Time(Sec)	Clustering Time(Sec)	VA(NHO)	VA(ATD)	VA(CCI)	VA(DMT)	VA(ROI)	VA(AOI)	Optimal
MCARPTIF-TP	Full MILP	10000	10000	2	33561.2	28751	7202.92	0	0.333454	857.595	2.28571	19336.5	1.22818	0.389634	0
Load No	Sequence No	From Node ID	To Node ID	IsEdge	Required	Weight	Volume	Travel Miles	Travel Time	Service Time	Served	Dumped	Turn Type	Turn Cost	Depart Time	Arrival Time	Shape
0	0	2277	922	1	0	0	0	0	91	0	0	300		0.0	300.0	391.0	LINESTRING(360.380000 280.330000,363.400000 284.320000)
0	1	922	923	1	0	0	0	0	20	0	0	0	Straight	0.0	391.0	411.0	LINESTRING(363.400000 284.320000,367.720000 288.770000)
0	2	923	2011	1	0	0	0	0	100	0	0	0	Straight	0.0	411.0	511.0	LINESTRING(367.720000 288.770000,372.780000 294.490000)
0	3	2011	1004	1	0	0	0	0	249	0	0	0	Straight	0.0	511.0	760.0	LINESTRING(372.780000 294.490000,378.590000 301.430000)
0	4	1004	1528	1	0	0	0	0	24	0	0	0	Straight	0.0	760.0	784.0	LINESTRING(378.590000 301.430000,385.690000 307.890000)
0	5	1528	957	1	0	0	0	0	9	0	0	0	Straight	0.0	784.0	793.0	LINESTRING(385.690000 307.890000,393.420000 311.130000)
0	6	957	586	1	0	0	0	0	11	0	0	0	Straight	0.0	793.0	804.0	LINESTRING(393.420000 311.130000,404.060000 311.500000)
0	7	586	587	1	0	0	0	0	117	0	0	0	Straight	0.0	804.0	921.0	LINESTRING(404.060000 311.500000,427.620000 301.530000)
0	8	587	378	1	0	0	0	0	91	0	0	0	Straight	0.0	921.0	1012.0	LINESTRING(427.620000 301.530000,452.570000 295.430000)
0	9	378	302	1	0	0	0	0	74	0	0	0	Straight	0.0	1012.0	1086.0	LINESTRING(452.570000 295.430000,478.650000 294.610000)
0	10	302	1253	1	0	0	0	0	174	0	0	0	Straight	0.0	1086.0	1260.0	LINESTRING(478.650000 294.610000,505.290000 293.990000)
0	11	1253	1254	1	0	0	0	0	401	0	0	0	Right	7.158	1267.16	1668.16	LINESTRING(505.290000 293.990000,520.540000 265.280000)
0	12	1254	1408	1	0	0	0	0	35	0	0	0	Straight	0.0	1668.16	1703.16	LINESTRING(520.540000 265.280000,526.700000 232.930000)
0	13	1408	1418	1	1	283	283	0	51	331	0	0	Straight	0.0	1703.16	1754.16	LINESTRING(526.700000 232.930000,522.400000 210.130000)
0	14	1418	1989	1	1	126	126	0	23	143	0	0	Straight	0.0	1754.16	1777.16	LINESTRING(522.400000 210.130000,523.810000 204.760000)
0	15	1989	1418	1	1	126	126	0	23	143	1	0	U	57.264	1834.42	1977.42	LINESTRING(523.810000 204.760000,522.400000 210.130000)
0	16	1418	1239	1	1	278	278	0	50	320	0	0	U	57.264	2034.69	2084.69	LINESTRING(522.400000 210.130000,517.430000 188.520000)
0	17	1239	1240	1	1	96	96	0	17	107	0	0	Straight	0.0	2084.69	2101.69	LINESTRING(517.430000 188.520000,511.800000 168.050000)
0	18	1240	1252	1	1	493	493	0	89	579	1	0	Straight	0.0	2101.69	2680.69	LINESTRING(511.800000 168.050000,509.260000 145.760000)
0	19	1252	1208	0	1	30	30	0	5	35	0	0	Straight	0.0	2680.69	2685.69	LINESTRING(509.260000 145.760000,501.560000 132.030000)
0	20	1208	1209	1	1	98	98	0	18	108	1	0	Straight	0.0	2685.69	2793.69	LINESTRING(501.560000 132.030000,490.990000 121.660000)
0	21	1209	1245	0	1	35	35	0	6	36	0	0	Straight	0.0	2793.69	2799.69	LINESTRING(490.990000 121.660000,480.640000 114.690000)
0	22	1245	1232	0	1	71	71	0	13	83	1	0	Straight	0.0	2799.69	2882.69	LINESTRING(480.640000 114.690000,475.170000 112.820000)
0	23	1232	1430	1	1	206	206	0	37	237	0	0	Straight	0.0	2882.69	2919.69	LINESTRING(475.170000 112.820000,467.400000 110.600000)
0	24	1430	1431	1	1	78	78	0	14	84	0	0	Straight	0.0	2919.69	2933.69	LINESTRING(467.400000 110.600000,463.570000 111.510000)
0	25	1431	1430	1	1	78	78	0	14	84	1	0	U	57.264	2990.95	3074.95	LINESTRING(463.570000 111.510000,467.400000 110.600000)
0	26	1430	1232	1	1	206	206	0	37	237	0	0	Straight	0.0	3074.95	3111.95	LINESTRING(467.400000 110.600000,475.170000 112.820000)
0	27	1232	1233	0	1	43	43	0	8	48	0	0	Straight	0.0	3111.95	3119.95	LINESTRING(475.170000 112.820000,481.720000 111.850000)
0	28	1233	1434	1	1	88	88	0	16	96	1	0	Straight	0.0	3119.95	3215.95	LINESTRING(481.720000 111.850000,484.320000 108.710000)
0	29	1434	1728	1	1	54	54	0	10	60	1	0	Straight	0.0	3215.95	3275.95	LINESTRING(484.320000 108.710000,487.960000 107.450000)
0	30	1728	1222	1	1	50	50	0	9	59	1	0	Right	7.158	3283.11	3342.11	LINESTRING(487.960000 107.450000,488.100000 100.590000)
0	31	1222	2052	1	1	44	44	0	8	48	0	0	Straight	0.0	3342.11	3350.11	LINESTRING(488.100000 100.590000,488.460000 95.247000)
0	32	2052	1222	1	1	44	44	0	8	48	1	0	U	57.264	3407.37	3455.37	LINESTRING(488.460000 95.247000,488.100000 100.590000)
0	33	1222	1221	1	1	58	58	0	10	60	1	0	Left	14.316	3469.69	3529.69	LINESTRING(488.100000 100.590000,484.640000 100.700000)
0	34	1221	1220	1	1	85	85	0	15	95	1	0	Right	7.158	3536.85	3631.85	LINESTRING(484.640000 100.700000,483.970000 105.330000)
0	35	1220	1434	1	1	55	55	0	10	60	1	0	Straight	0.0	3631.85	3691.85	LINESTRING(483.970000 105.330000,484.320000 108.710000)
0	36	1434	1728	1	1	54	54	0	10	60	0	0	Right	7.158	3699.0	3709.0	LINESTRING(484.320000 108.710000,487.960000 107.450000)
0	37	1728	1727	1	1	73	73	0	13	83	1	0	Left	14.316	3723.32	3806.32	LINESTRING(487.960000 107.450000,487.680000 113.970000)
0	38	1727	1209	0	1	35	35	0	6	36	0	0	Straight	0.0	3806.32	3812.32	LINESTRING(487.680000 113.970000,490.990000 121.660000)
0	39	1209	1208	1	1	98	98	0	18	108	0	0	Straight	0.0	3812.32	3830.32	LINESTRING(490.990000 121.660000,501.560000 132.030000)
0	40	1208	1234	0	1	32	32	0	6	36	0	0	Right	7.158	3837.48	3843.48	LINESTRING(501.560000 132.030000,505.810000 120.540000)
0	41	1234	1446	0	1	32	32	0	6	36	0	0	Left	14.316	3857.79	3863.79	LINESTRING(505.810000 120.540000,513.040000 129.460000)
0	42	1446	1447	1	1	100	100	0	18	118	0	0	Right	7.158	3870.95	3888.95	LINESTRING(513.040000 129.460000,522.800000 118.800000)
0	43	1447	1983	0	1	20	20	0	4	24	1	0	Straight	0.0	3888.95	3912.95	LINESTRING(522.800000 118.800000,527.860000 111.030000)
0	44	1983	1223	1	1	167	167	0	30	190	0	0	Straight	0.0	3912.95	3942.95	LINESTRING(527.860000 111.030000,532.250000 103.050000)
0	45	1223	1224	1	1	287	287	0	52	332	0	0	Straight	0.0	3942.95	3994.95	LINESTRING(532.250000 103.050000,531.460000 98.922000)
0	46	1224	1223	1	1	287	287	0	52	332	1	0	U	57.264	4052.22	4384.22	LINESTRING(531.460000 98.922000,532.250000 103.050000)
0	47	1223	1983	1	1	167	167	0	30	190	1	0	Straight	0.0	4384.22	4574.22	LINESTRING(532.250000 103.050000,527.860000 111.030000)
0	48	1983	1448	0	1	36	36	0	6	36	1	0	Right	7.158	4581.37	4617.37	LINESTRING(527.860000 111.030000,531.230000 112.330000)
0	49	1448	1805	1	1	60	60	0	11	71	1	0	Right	7.158	4624.53	4695.53	LINESTRING(531.230000 112.330000,540.010000 106.970000)
0	50	1805	1251	1	1	120	120	0	22	142	1	0	Straight	0.0	4695.53	4837.53	LINESTRING(540.010000 106.970000,546.310000 99.547000)
0	51	1251	1250	1	1	45	45	0	8	48	0	0	Straight	0.0	4837.53	4845.53	LINESTRING(546.310000 99.547000,551.050000 92.414000)
0	52	1250	1857	1	1	86	86	0	15	95	1	0	Right	7.158	4852.69	4947.69	LINESTRING(551.050000 92.414000,547.960000 87.144000)
0	53	1857	1856	1	1	125	125	0	22	142	1	0	Right	7.158	4954.85	5096.85	LINESTRING(547.960000 87.144000,543.070000 88.039000)
0	54	1856	1249	1	1	93	93	0	17	107	1	0	Straight	0.0	5096.85	5203.85	LINESTRING(543.070000 88.039000,537.310000 94.901000)
0	55	1249	1223	1	1	82	82	0	15	95	1	0	Straight	0.0	5203.85	5298.85	LINESTRING(537.310000 94.901000,532.250000 103.050000)
0	56	1223	1249	1	1	82	82	0	15	95	0	0	U	57.264	5356.11	5371.11	LINESTRING(532.250000 103.050000,537.310000 94.901000)
0	57	1249	2346	1	1	166	166	0	30	190	1	0	Straight	0.0	5371.11	5561.11	LINESTRING(537.310000 94.901000,537.390000 89.817000)
0	58	2346	1249	1	1	166	166	0	30	190	0	0	U	57.264	5618.38	5648.38	LINESTRING(537.390000 89.817000,537.310000 94.901000)
0	59	1249	1856	1	1	93	93	0	17	107	0	0	U	57.264	5705.64	5722.64	LINESTRING(537.310000 94.901000,543.070000 88.039000)
0	60	1856	1449	1	1	283	283	0	51	331	1	0	Straight	0.0	5722.64	6053.64	LINESTRING(543.070000 88.039000,546.640000 82.556000)
0	61	1449	1450	1	1	62	62	0	11	71	0	0	Straight	0.0	6053.64	6064.64	LINESTRING(546.640000 82.556000,548.490000 77.235000)
0	62	1450	1449	1	1	62	62	0	11	71	1	0	U	57.264	6121.9	6192.9	LINESTRING(548.490000 77.235000,546.640000 82.556000)
0	63	1449	1857	1	1	84	84	0	15	95	1	0	Straight	0.0	6192.9	6287.9	LINESTRING(546.640000 82.556000,547.960000 87.144000)
0	64	1857	1250	1	1	86	86	0	15	95	0	0	Straight	0.0	6287.9	6302.9	LINESTRING(547.960000 87.144000,551.050000 92.414000)
0	65	1250	1592	1	1	76	76	0	14	84	0	0	Right	7.158	6310.06	6324.06	LINESTRING(551.050000 92.414000,557.510000 89.069000)
0	66	1592	1236	1	1	235	235	0	42	272	1	0	Straight	0.0	6324.06	6596.06	LINESTRING(557.510000 89.069000,561.960000 89.415000)
0	67	1236	1235	1	1	188	188	0	34	214	1	0	Right	7.158	6603.22	6817.22	LINESTRING(561.960000 89.415000,561.400000 86.686000)
0	68	1235	1592	1	1	54	54	0	10	60	1	0	Right	7.158	6824.38	6884.38	LINESTRING(561.400000 86.686000,557.510000 89.069000)
0	69	1592	1250	1	1	76	76	0	14	84	1	0	Straight	0.0	6884.38	6968.38	LINESTRING(557.510000 89.069000,551.050000 92.414000)
0	70	1250	1251	1	1	45	45	0	8	48	1	0	Straight	0.0	6968.38	7016.38	LINESTRING(551.050000 92.414000,546.310000 99.547000)
0	71	1251	1717	1	1	79	79	0	14	84	1	0	Right	7.158	7023.54	7107.54	LINESTRING(546.310000 99.547000,549.110000 102.510000)
0	72	1717	1226	1	1	58	58	0	10	60	1	0	Left	14.316	7121.85	7181.85	LINESTRING(549.110000 102.510000,547.730000 106.600000)
0	73	1226	1225	1	1	227	227	0	41	261	1	0	Straight	0.0	7181.85	7442.85	LINESTRING(547.730000 106.600000,544.210000 111.400000)
0	74	1225	2183	1	1	134	134	0	24	154	0	0	Right	7.158	7450.01	7474.01	LINESTRING(544.210000 111.400000,548.240000 111.670000)
0	75	2183	1225	1	1	134	134	0	24	154	1	0	U	57.264	7531.27	7685.27	LINESTRING(548.240000 111.670000,544.210000 111.400000)
0	76	1225	1805	1	1	65	65	0	12	72	1	0	Straight	0.0	7685.27	7757.27	LINESTRING(544.210000 111.400000,540.010000 106.970000)
0	77	1805	1448	1	1	60	60	0	11	71	0	0	Right	7.158	7764.43	7775.43	LINESTRING(540.010000 106.970000,531.230000 112.330000)
0	78	1448	1447	0	1	17	17	0	3	13	1	0	Straight	0.0	7775.43	7788.43	LINESTRING(531.230000 112.330000,522.800000 118.800000)
0	79	1447	1446	1	1	100	100	0	18	118	1	0	Straight	0.0	7788.43	7906.43	LINESTRING(522.800000 118.800000,513.040000 129.460000)
0	80	1446	1252	0	1	33	33	0	6	36	0	0	Straight	0.0	7906.43	7912.43	LINESTRING(513.040000 129.460000,509.260000 145.760000)
0	81	1252	1240	1	1	493	493	0	89	579	0	0	Straight	0.0	7912.43	8001.43	LINESTRING(509.260000 145.760000,511.800000 168.050000)
0	82	1240	1239	1	1	96	96	0	17	107	0	0	Straight	0.0	8001.43	8018.43	LINESTRING(511.800000 168.050000,517.430000 188.520000)
0	83	1239	1418	1	1	278	278	0	50	320	1	0	Straight	0.0	8018.43	8338.43	LINESTRING(517.430000 188.520000,522.400000 210.130000)
0	84	1418	1408	1	1	283	283	0	51	331	1	0	Straight	0.0	8338.43	8669.43	LINESTRING(522.400000 210.130000,526.700000 232.930000)
0	85	1408	1419	1	1	123	123	0	22	142	0	0	Right	7.158	8676.59	8698.59	LINESTRING(526.700000 232.930000,541.940000 213.120000)
0	86	1419	1420	1	1	68	68	0	12	72	0	0	Straight	0.0	8698.59	8710.59	LINESTRING(541.940000 213.120000,547.360000 207.630000)
0	87	1420	2202	1	1	47	47	0	8	48	0	0	Straight	0.0	8710.59	8718.59	LINESTRING(547.360000 207.630000,549.420000 203.190000)
0	88	2202	1420	1	1	47	47	0	8	48	1	0	U	57.264	8775.85	8823.85	LINESTRING(549.420000 203.190000,547.360000 207.630000)
0	89	1420	1855	1	1	221	221	0	40	260	1	0	U	57.264	8881.12	9141.12	LINESTRING(547.360000 207.630000,552.040000 205.740000)
0	90	1855	1420	1	1	221	221	0	40	260	0	0	U	57.264	9198.38	9238.38	LINESTRING(552.040000 205.740000,547.360000 207.630000)
0	91	1420	1419	1	1	68	68	0	12	72	1	0	Straight	0.0	9238.38	9310.38	LINESTRING(547.360000 207.630000,541.940000 213.120000)
0	92	1419	1415	1	1	67	67	0	12	72	1	0	U	57.264	9367.65	9439.65	LINESTRING(541.940000 213.120000,556.530000 200.640000)
0	93	1415	1416	1	1	102	102	0	18	118	1	0	Straight	0.0	9439.65	9557.65	LINESTRING(556.530000 200.640000,567.960000 189.420000)
0	94	1416	1762	1	1	90	90	0	16	106	0	0	Straight	0.0	9557.65	9573.65	LINESTRING(567.960000 189.420000,579.180000 179.160000)
0	95	1762	2208	1	1	185	185	0	33	213	1	0	Straight	0.0	9573.65	9786.65	LINESTRING(579.180000 179.160000,581.170000 174.250000)
0	96	2208	1762	1	1	185	185	0	33	213	0	0	U	57.264	9843.91	9876.91	LINESTRING(581.170000 174.250000,579.180000 179.160000)
0	97	1762	2400	1	1	47	47	0	8	48	1	0	Right	7.158	9884.07	9932.07	LINESTRING(579.180000 179.160000,583.840000 177.300000)
0	98	2400	1762	1	1	47	47	0	8	48	0	0	U	57.264	9989.33	9997.33	LINESTRING(583.840000 177.300000,579.180000 179.160000)
0	99	1762	1197	1	1	85	85	0	15	95	0	0	U	57.264	10054.6	10069.6	LINESTRING(579.180000 179.160000,588.780000 170.330000)
0	100	1197	2050	1	1	64	64	0	12	72	1	0	Straight	0.0	10069.6	10141.6	LINESTRING(588.780000 170.330000,590.750000 166.740000)
0	101	2050	1197	1	1	64	64	0	12	72	0	0	U	57.264	10198.9	10210.9	LINESTRING(590.750000 166.740000,588.780000 170.330000)
0	102	1197	1201	1	1	145	145	0	26	166	1	0	U	57.264	10268.1	10434.1	LINESTRING(588.780000 170.330000,595.830000 166.590000)
0	103	1201	2421	1	1	48	48	0	9	49	1	0	Straight	0.0	10434.1	10483.1	LINESTRING(595.830000 166.590000,601.120000 165.250000)
0	104	2421	1201	1	1	48	48	0	9	49	0	0	U	57.264	10540.4	10549.4	LINESTRING(601.120000 165.250000,595.830000 166.590000)
0	105	1201	1189	1	1	107	107	0	19	119	1	0	Left	14.316	10563.7	10682.7	LINESTRING(595.830000 166.590000,597.710000 161.870000)
0	106	1189	1198	1	1	114	114	0	20	130	0	0	Right	7.158	10689.9	10709.9	LINESTRING(597.710000 161.870000,594.260000 163.330000)
0	107	1198	1189	1	1	114	114	0	20	130	1	0	U	57.264	10767.1	10897.1	LINESTRING(594.260000 163.330000,597.710000 161.870000)
0	108	1189	1190	1	1	150	150	0	27	177	1	0	Right	7.158	10904.3	11081.3	LINESTRING(597.710000 161.870000,598.910000 158.390000)
0	109	1190	1191	1	1	66	66	0	12	72	1	0	Straight	0.0	11081.3	11153.3	LINESTRING(598.910000 158.390000,602.350000 153.890000)
0	110	1191	1190	1	1	66	66	0	12	72	0	0	U	57.264	11210.5	11222.5	LINESTRING(602.350000 153.890000,598.910000 158.390000)
0	111	1190	1198	1	1	103	103	0	19	119	1	0	Straight	0.0	11222.5	11341.5	LINESTRING(598.910000 158.390000,594.260000 163.330000)
0	112	1198	1197	1	1	77	77	0	14	84	1	0	Straight	0.0	11341.5	11425.5	LINESTRING(594.260000 163.330000,588.780000 170.330000)
0	113	1197	1762	1	1	85	85	0	15	95	1	0	Straight	0.0	11425.5	11520.5	LINESTRING(588.780000 170.330000,579.180000 179.160000)
0	114	1762	1416	1	1	90	90	0	16	106	1	0	Straight	0.0	11520.5	11626.5	LINESTRING(579.180000 179.160000,567.960000 189.420000)
0	115	1416	1861	1	1	133	133	0	24	154	1	0	Right	7.158	11633.7	11787.7	LINESTRING(567.960000 189.420000,570.330000 190.820000)
0	116	1861	2134	1	1	44	44	0	8	48	0	0	Right	7.158	11794.9	11802.9	LINESTRING(570.330000 190.820000,574.680000 187.550000)
0	117	2134	1861	1	1	44	44	0	8	48	1	0	U	57.264	11860.1	11908.1	LINESTRING(574.680000 187.550000,570.330000 190.820000)
0	118	1861	1424	1	1	219	219	0	39	249	1	0	Straight	0.0	11908.1	12157.1	LINESTRING(570.330000 190.820000,564.570000 195.620000)
0	119	1424	1425	1	1	136	136	0	25	155	1	0	U	57.264	12214.4	12369.4	LINESTRING(564.570000 195.620000,569.280000 195.270000)
0	120	1425	1424	1	1	136	136	0	25	155	0	0	U	57.264	12426.7	12451.7	LINESTRING(569.280000 195.270000,564.570000 195.620000)
0	121	1424	1415	1	1	34	34	0	6	36	1	0	Straight	0.0	12451.7	12487.7	LINESTRING(564.570000 195.620000,556.530000 200.640000)
0	122	1415	1419	1	1	67	67	0	12	72	0	0	Straight	0.0	12487.7	12499.7	LINESTRING(556.530000 200.640000,541.940000 213.120000)
0	123	1419	1406	1	1	82	82	0	15	95	1	0	U	57.264	12556.9	12651.9	LINESTRING(541.940000 213.120000,545.380000 199.480000)
0	124	1406	1417	1	1	68	68	0	12	72	1	0	Straight	0.0	12651.9	12723.9	LINESTRING(545.380000 199.480000,546.080000 194.710000)
0	125	1417	1406	1	1	68	68	0	12	72	0	0	U	57.264	12781.2	12793.2	LINESTRING(546.080000 194.710000,545.380000 199.480000)
0	126	1406	1407	1	1	273	273	0	49	319	0	0	U	57.264	12850.4	12899.4	LINESTRING(545.380000 199.480000,548.730000 187.480000)
0	127	1407	1196	1	1	43	43	0	8	48	1	0	Straight	0.0	12899.4	12947.4	LINESTRING(548.730000 187.480000,553.400000 179.260000)
0	128	1196	1195	1	1	204	204	0	37	237	1	0	Straight	0.0	12947.4	13184.4	LINESTRING(553.400000 179.260000,556.520000 174.060000)
0	129	1195	2022	1	1	116	116	0	21	131	1	0	Straight	0.0	13184.4	13315.4	LINESTRING(556.520000 174.060000,560.480000 171.750000)
0	130	2022	1195	1	1	116	116	0	21	131	0	0	U	57.264	13372.7	13393.7	LINESTRING(560.480000 171.750000,556.520000 174.060000)
0	131	1195	1422	1	1	120	120	0	22	142	1	0	U	57.264	13451.0	13593.0	LINESTRING(556.520000 174.060000,558.610000 166.490000)
0	132	1422	1421	1	1	138	138	0	25	155	0	0	U	57.264	13650.2	13675.2	LINESTRING(558.610000 166.490000,557.400000 170.210000)
0	133	1421	1422	1	1	138	138	0	25	155	1	0	U	57.264	13732.5	13887.5	LINESTRING(557.400000 170.210000,558.610000 166.490000)
0	134	1422	1427	1	1	87	87	0	16	96	1	0	Straight	0.0	13887.5	13983.5	LINESTRING(558.610000 166.490000,560.700000 159.760000)
0	135	1427	1428	1	1	48	48	0	9	49	1	0	Straight	0.0	13983.5	14032.5	LINESTRING(560.700000 159.760000,562.270000 154.300000)
0	136	1428	1427	1	1	48	48	0	9	49	0	0	U	57.264	14089.8	14098.8	LINESTRING(562.270000 154.300000,560.700000 159.760000)
0	137	1427	1988	1	1	131	131	0	23	153	1	0	Straight	0.0	14098.8	14251.8	LINESTRING(560.700000 159.760000,561.610000 163.400000)
0	138	1988	1987	1	1	48	48	0	9	49	0	0	Right	7.158	14258.9	14267.9	LINESTRING(561.610000 163.400000,565.320000 159.190000)
0	139	1987	1988	1	1	48	48	0	9	49	1	0	U	57.264	14325.2	14374.2	LINESTRING(565.320000 159.190000,561.610000 163.400000)
0	140	1988	1421	1	1	152	152	0	27	177	1	0	Straight	0.0	14374.2	14551.2	LINESTRING(561.610000 163.400000,557.400000 170.210000)
0	141	1421	1196	1	1	223	223	0	40	260	1	0	Straight	0.0	14551.2	14811.2	LINESTRING(557.400000 170.210000,553.400000 179.260000)
0	142	1196	1407	1	1	43	43	0	8	48	0	0	Straight	0.0	14811.2	14819.2	LINESTRING(553.400000 179.260000,548.730000 187.480000)
0	143	1407	1840	1	1	53	53	0	9	59	1	0	U	57.264	14876.5	14935.5	LINESTRING(548.730000 187.480000,548.100000 179.590000)
0	144	1840	1841	1	1	173	173	0	31	201	1	0	Straight	0.0	14935.5	15136.5	LINESTRING(548.100000 179.590000,547.810000 172.630000)
0	145	1841	2069	1	1	126	126	0	23	143	0	0	Straight	0.0	15136.5	15159.5	LINESTRING(547.810000 172.630000,547.890000 167.340000)
0	146	2069	1841	1	1	126	126	0	23	143	1	0	U	57.264	15216.7	15359.7	LINESTRING(547.890000 167.340000,547.810000 172.630000)
0	147	1841	1840	1	1	173	173	0	31	201	0	0	Straight	0.0	15359.7	15390.7	LINESTRING(547.810000 172.630000,548.100000 179.590000)
0	148	1840	1407	1	1	53	53	0	9	59	0	0	Straight	0.0	15390.7	15399.7	LINESTRING(548.100000 179.590000,548.730000 187.480000)
0	149	1407	1406	1	1	273	273	0	49	319	1	0	Straight	0.0	15399.7	15718.7	LINESTRING(548.730000 187.480000,545.380000 199.480000)
0	150	1406	1419	1	1	82	82	0	15	95	0	0	Straight	0.0	15718.7	15733.7	LINESTRING(545.380000 199.480000,541.940000 213.120000)
0	151	1419	1408	1	1	123	123	0	22	142	1	0	Straight	0.0	15733.7	15875.7	LINESTRING(541.940000 213.120000,526.700000 232.930000)
0	152	1408	1192	1	0	0	0	0	56	0	0	0	Left	14.316	15890.0	15946.0	LINESTRING(526.700000 232.930000,518.180000 226.100000)
0	153	1192	1194	1	1	83	83	0	15	95	1	0	Left	14.316	15960.3	16055.3	LINESTRING(518.180000 226.100000,521.310000 220.780000)
0	154	1194	1192	1	1	83	83	0	15	95	0	0	U	57.264	16112.6	16127.6	LINESTRING(521.310000 220.780000,518.180000 226.100000)
0	155	1192	1193	1	0	0	0	0	33	0	0	0	Left	14.316	16141.9	16174.9	LINESTRING(518.180000 226.100000,509.030000 219.630000)
0	156	1193	1241	1	0	0	0	0	24	0	0	0	Straight	0.0	16174.9	16198.9	LINESTRING(509.030000 219.630000,499.410000 218.330000)
0	157	1241	1255	1	1	203	203	0	36	236	1	0	Right	7.158	16206.1	16442.1	LINESTRING(499.410000 218.330000,497.940000 231.860000)
0	158	1255	1339	1	0	0	0	0	41	0	0	0	Straight	0.0	16442.1	16483.1	LINESTRING(497.940000 231.860000,504.290000 251.380000)
0	159	1339	1520	0	0	0	0	0	14	0	0	0	Straight	0.0	16483.1	16497.1	LINESTRING(504.290000 251.380000,511.380000 265.360000)
0	160	1520	1340	0	0	0	0	0	9	0	0	0	Straight	0.0	16497.1	16506.1	LINESTRING(511.380000 265.360000,518.710000 278.050000)
0	161	1340	1342	0	1	25	25	0	9	59	1	0	Left	14.316	16520.4	16579.4	LINESTRING(518.710000 278.050000,511.870000 276.460000)
0	162	1342	1338	0	1	37	37	0	13	83	1	0	Left	14.316	16593.7	16676.7	LINESTRING(511.870000 276.460000,505.500000 264.500000)
0	163	1338	1520	0	0	0	0	0	9	0	0	0	Left	14.316	16691.0	16700.0	LINESTRING(505.500000 264.500000,511.380000 265.360000)
0	164	1520	2004	0	0	0	0	0	11	0	0	0	Straight	0.0	16700.0	16711.0	LINESTRING(511.380000 265.360000,516.880000 270.200000)
0	165	2004	1340	0	0	0	0	0	8	0	0	0	Straight	0.0	16711.0	16719.0	LINESTRING(516.880000 270.200000,518.710000 278.050000)
0	166	1340	1341	0	0	0	0	0	10	0	0	0	Straight	0.0	16719.0	16729.0	LINESTRING(518.710000 278.050000,527.980000 292.880000)
0	167	1341	1521	1	0	0	0	0	171	0	0	0	Straight	0.0	16729.0	16900.0	LINESTRING(527.980000 292.880000,546.500000 315.010000)
0	168	1521	1562	1	0	0	0	0	121	0	0	0	Straight	0.0	16900.0	17021.0	LINESTRING(546.500000 315.010000,551.710000 349.140000)
0	169	1562	1860	1	0	0	0	0	90	0	0	0	Straight	0.0	17021.0	17111.0	LINESTRING(551.710000 349.140000,555.530000 383.190000)
0	170	1860	1386	1	0	0	0	0	59	0	0	0	Straight	0.0	17111.0	17170.0	LINESTRING(555.530000 383.190000,568.840000 412.620000)
0	171	1386	1385	1	0	0	0	0	30	0	0	0	Straight	0.0	17170.0	17200.0	LINESTRING(568.840000 412.620000,587.070000 437.240000)
0	172	1385	1713	1	0	0	0	0	168	0	0	0	Straight	0.0	17200.0	17368.0	LINESTRING(587.070000 437.240000,603.760000 462.320000)
0	173	1713	1394	1	0	0	0	0	18	0	0	0	Straight	0.0	17368.0	17386.0	LINESTRING(603.760000 462.320000,620.210000 487.490000)
0	174	1394	1157	1	0	0	0	0	65	0	0	0	Straight	0.0	17386.0	17451.0	LINESTRING(620.210000 487.490000,646.850000 500.850000)
0	175	1157	1381	1	0	0	0	0	30	0	0	0	Left	14.316	17465.4	17495.4	LINESTRING(646.850000 500.850000,640.540000 521.240000)
0	176	1381	1925	1	0	0	0	0	32	0	0	0	Straight	0.0	17495.4	17527.4	LINESTRING(640.540000 521.240000,641.040000 541.960000)
0	177	1925	1980	1	0	0	0	0	2	0	0	0	Straight	0.0	17527.4	17529.4	LINESTRING(641.040000 541.960000,635.720000 561.930000)
0	178	1980	1306	0	0	0	0	0	154	0	0	0	Right	7.158	17536.5	17690.5	LINESTRING(635.720000 561.930000,654.820000 566.300000)
0	179	1306	1307	0	0	0	0	0	37	0	0	0	Right	7.158	17697.7	17734.7	LINESTRING(654.820000 566.300000,667.430000 553.850000)
0	180	1307	1732	0	0	0	0	0	18	0	0	0	Straight	0.0	17734.7	17752.7	LINESTRING(667.430000 553.850000,676.830000 553.640000)
0	181	1732	1508	0	0	0	0	0	24	0	0	0	Right	7.158	17759.8	17783.8	LINESTRING(676.830000 553.640000,679.330000 550.700000)
1	0	1508	1509	0	0	0	0	0	23	0	0	300		0.0	18083.8	18106.8	LINESTRING(679.330000 550.700000,677.610000 547.310000)
1	1	1509	1507	0	0	0	0	0	18	0	0	0	Straight	0.0	18106.8	18124.8	LINESTRING(677.610000 547.310000,676.530000 540.560000)
1	2	1507	1924	0	0	0	0	0	37	0	0	0	Right	7.158	18132.0	18169.0	LINESTRING(676.530000 540.560000,657.710000 548.810000)
1	3	1924	1925	0	0	0	0	0	153	0	0	0	Left	14.316	18183.3	18336.3	LINESTRING(657.710000 548.810000,641.040000 541.960000)
1	4	1925	1381	1	0	0	0	0	32	0	0	0	Left	14.316	18350.6	18382.6	LINESTRING(641.040000 541.960000,640.540000 521.240000)
1	5	1381	1157	1	0	0	0	0	30	0	0	0	Straight	0.0	18382.6	18412.6	LINESTRING(640.540000 521.240000,646.850000 500.850000)
1	6	1157	1394	1	0	0	0	0	65	0	0	0	Right	7.158	18419.8	18484.8	LINESTRING(646.850000 500.850000,620.210000 487.490000)
1	7	1394	1713	1	0	0	0	0	18	0	0	0	Straight	0.0	18484.8	18502.8	LINESTRING(620.210000 487.490000,603.760000 462.320000)
1	8	1713	1385	1	0	0	0	0	168	0	0	0	Straight	0.0	18502.8	18670.8	LINESTRING(603.760000 462.320000,587.070000 437.240000)
1	9	1385	1386	1	0	0	0	0	30	0	0	0	Straight	0.0	18670.8	18700.8	LINESTRING(587.070000 437.240000,568.840000 412.620000)
1	10	1386	1860	1	0	0	0	0	59	0	0	0	Straight	0.0	18700.8	18759.8	LINESTRING(568.840000 412.620000,555.530000 383.190000)
1	11	1860	1562	1	0	0	0	0	90	0	0	0	Straight	0.0	18759.8	18849.8	LINESTRING(555.530000 383.190000,551.710000 349.140000)
1	12	1562	1521	1	0	0	0	0	121	0	0	0	Straight	0.0	18849.8	18970.8	LINESTRING(551.710000 349.140000,546.500000 315.010000)
1	13	1521	2255	1	0	0	0	0	7	0	0	0	Left	14.316	18985.1	18992.1	LINESTRING(546.500000 315.010000,564.550000 304.960000)
1	14	2255	1321	0	0	0	0	0	27	0	0	0	Straight	0.0	18992.1	19019.1	LINESTRING(564.550000 304.960000,574.630000 296.510000)
1	15	1321	1322	0	0	0	0	0	4	0	0	0	Straight	0.0	19019.1	19023.1	LINESTRING(574.630000 296.510000,581.920000 286.430000)
1	16	1322	1315	1	0	0	0	0	20	0	0	0	Right	7.158	19030.2	19050.2	LINESTRING(581.920000 286.430000,568.490000 279.880000)
1	17	1315	1316	1	0	0	0	0	3	0	0	0	Straight	0.0	19050.2	19053.2	LINESTRING(568.490000 279.880000,554.500000 275.050000)
1	18	1316	1862	1	0	0	0	0	39	0	0	0	Straight	0.0	19053.2	19092.2	LINESTRING(554.500000 275.050000,537.520000 271.270000)
1	19	1862	1254	1	0	0	0	0	37	0	0	0	Straight	0.0	19092.2	19129.2	LINESTRING(537.520000 271.270000,520.540000 265.280000)
1	20	1254	1408	1	0	0	0	0	35	0	0	0	Left	14.316	19143.6	19178.6	LINESTRING(520.540000 265.280000,526.700000 232.930000)
1	21	1408	1418	1	1	283	283	0	51	331	0	0	Straight	0.0	19178.6	19229.6	LINESTRING(526.700000 232.930000,522.400000 210.130000)
1	22	1418	1239	1	1	278	278	0	50	320	0	0	Straight	0.0	19229.6	19279.6	LINESTRING(522.400000 210.130000,517.430000 188.520000)
1	23	1239	2350	1	1	289	289	0	52	332	0	0	Straight	0.0	19279.6	19331.6	LINESTRING(517.430000 188.520000,518.660000 183.530000)
1	24	2350	1239	1	1	289	289	0	52	332	1	0	U	57.264	19388.8	19720.8	LINESTRING(518.660000 183.530000,517.430000 188.520000)
1	25	1239	1240	1	1	96	96	0	17	107	1	0	U	57.264	19778.1	19885.1	LINESTRING(517.430000 188.520000,511.800000 168.050000)
1	26	1240	1252	1	1	493	493	0	89	579	0	0	Straight	0.0	19885.1	19974.1	LINESTRING(511.800000 168.050000,509.260000 145.760000)
1	27	1252	1208	0	1	30	30	0	5	35	1	0	Straight	0.0	19974.1	20009.1	LINESTRING(509.260000 145.760000,501.560000 132.030000)
1	28	1208	1209	1	1	98	98	0	18	108	0	0	Straight	0.0	20009.1	20027.1	LINESTRING(501.560000 132.030000,490.990000 121.660000)
1	29	1209	1245	0	1	35	35	0	6	36	1	0	Straight	0.0	20027.1	20063.1	LINESTRING(490.990000 121.660000,480.640000 114.690000)
1	30	1245	1246	1	1	67	67	0	12	72	1	0	Straight	0.0	20063.1	20135.1	LINESTRING(480.640000 114.690000,473.210000 105.930000)
1	31	1246	1561	0	1	15	15	0	3	13	1	0	Straight	0.0	20135.1	20148.1	LINESTRING(473.210000 105.930000,470.280000 98.419000)
1	32	1561	1452	0	1	14	14	0	3	13	1	0	Right	7.158	20155.2	20168.2	LINESTRING(470.280000 98.419000,465.540000 96.434000)
1	33	1452	1453	0	1	14	14	0	3	13	1	0	Right	7.158	20175.4	20188.4	LINESTRING(465.540000 96.434000,466.190000 102.690000)
1	34	1453	1246	0	1	14	14	0	3	13	1	0	Right	7.158	20195.6	20208.6	LINESTRING(466.190000 102.690000,473.210000 105.930000)
1	35	1246	1561	0	1	15	15	0	3	13	0	0	U	57.264	20265.8	20268.8	LINESTRING(473.210000 105.930000,470.280000 98.419000)
1	36	1561	2159	1	1	45	45	0	8	48	1	0	Straight	0.0	20268.8	20316.8	LINESTRING(470.280000 98.419000,469.620000 93.106000)
1	37	2159	1561	1	1	45	45	0	8	48	0	0	U	57.264	20374.1	20382.1	LINESTRING(469.620000 93.106000,470.280000 98.419000)
1	38	1561	1452	0	1	14	14	0	3	13	0	0	Left	14.316	20396.4	20399.4	LINESTRING(470.280000 98.419000,465.540000 96.434000)
1	39	1452	1868	1	1	93	93	0	17	107	0	0	Straight	0.0	20399.4	20416.4	LINESTRING(465.540000 96.434000,462.990000 91.409000)
1	40	1868	1452	1	1	93	93	0	17	107	1	0	U	57.264	20473.7	20580.7	LINESTRING(462.990000 91.409000,465.540000 96.434000)
1	41	1452	1453	0	1	14	14	0	3	13	0	0	Straight	0.0	20580.7	20583.7	LINESTRING(465.540000 96.434000,466.190000 102.690000)
1	42	1453	1716	1	1	112	112	0	20	130	1	0	Left	14.316	20598.0	20728.0	LINESTRING(466.190000 102.690000,460.060000 102.890000)
1	43	1716	2141	1	1	147	147	0	26	166	1	0	Straight	0.0	20728.0	20894.0	LINESTRING(460.060000 102.890000,455.730000 99.639000)
1	44	2141	1716	1	1	147	147	0	26	166	0	0	U	57.264	20951.3	20977.3	LINESTRING(455.730000 99.639000,460.060000 102.890000)
1	45	1716	1433	1	1	54	54	0	10	60	1	0	Straight	0.0	20977.3	21037.3	LINESTRING(460.060000 102.890000,461.140000 107.630000)
1	46	1433	1432	1	1	77	77	0	14	84	0	0	Left	14.316	21051.6	21065.6	LINESTRING(461.140000 107.630000,456.450000 106.370000)
1	47	1432	1433	1	1	77	77	0	14	84	1	0	U	57.264	21122.8	21206.8	LINESTRING(456.450000 106.370000,461.140000 107.630000)
1	48	1433	1430	1	1	58	58	0	11	61	1	0	Straight	0.0	21206.8	21267.8	LINESTRING(461.140000 107.630000,467.400000 110.600000)
1	49	1430	1232	1	1	206	206	0	37	237	1	0	Straight	0.0	21267.8	21504.8	LINESTRING(467.400000 110.600000,475.170000 112.820000)
1	50	1232	1233	0	1	43	43	0	8	48	1	0	Straight	0.0	21504.8	21552.8	LINESTRING(475.170000 112.820000,481.720000 111.850000)
1	51	1233	1727	0	1	41	41	0	7	47	1	0	Straight	0.0	21552.8	21599.8	LINESTRING(481.720000 111.850000,487.680000 113.970000)
1	52	1727	1209	0	1	35	35	0	6	36	1	0	Left	14.316	21614.1	21650.1	LINESTRING(487.680000 113.970000,490.990000 121.660000)
1	53	1209	1208	1	1	98	98	0	18	108	0	0	Straight	0.0	21650.1	21668.1	LINESTRING(490.990000 121.660000,501.560000 132.030000)
1	54	1208	1234	0	1	32	32	0	6	36	1	0	Right	7.158	21675.3	21711.3	LINESTRING(501.560000 132.030000,505.810000 120.540000)
1	55	1234	1455	1	1	228	228	0	41	261	0	0	Straight	0.0	21711.3	21752.3	LINESTRING(505.810000 120.540000,503.580000 105.300000)
1	56	1455	1456	1	1	612	612	0	110	720	0	0	Straight	0.0	21752.3	21862.3	LINESTRING(503.580000 105.300000,500.430000 90.964000)
1	57	1456	2381	1	1	196	196	0	35	225	0	0	Straight	0.0	21862.3	21897.3	LINESTRING(500.430000 90.964000,501.660000 86.936000)
1	58	2381	1456	1	1	196	196	0	35	225	1	0	U	57.264	21954.6	22179.6	LINESTRING(501.660000 86.936000,500.430000 90.964000)
1	59	1456	1229	1	1	194	194	0	35	225	0	0	U	57.264	22236.8	22271.8	LINESTRING(500.430000 90.964000,497.760000 74.866000)
1	60	1229	1459	1	1	42	42	0	8	48	1	0	Straight	0.0	22271.8	22319.8	LINESTRING(497.760000 74.866000,495.990000 65.025000)
1	61	1459	2059	0	1	131	131	0	24	154	1	0	Straight	0.0	22319.8	22473.8	LINESTRING(495.990000 65.025000,493.920000 55.873000)
1	62	2059	1457	1	1	25	25	0	5	25	1	0	Straight	0.0	22473.8	22498.8	LINESTRING(493.920000 55.873000,490.640000 47.950000)
1	63	1457	2084	1	1	74	74	0	13	83	0	0	Straight	0.0	22498.8	22511.8	LINESTRING(490.640000 47.950000,491.950000 43.138000)
1	64	2084	1457	1	1	74	74	0	13	83	1	0	U	57.264	22569.1	22652.1	LINESTRING(491.950000 43.138000,490.640000 47.950000)
1	65	1457	1765	1	1	163	163	0	29	189	1	0	Straight	0.0	22652.1	22841.1	LINESTRING(490.640000 47.950000,490.190000 55.235000)
1	66	1765	1766	1	1	47	47	0	9	49	0	0	U	57.264	22898.4	22907.4	LINESTRING(490.190000 55.235000,488.080000 51.933000)
1	67	1766	1765	1	1	47	47	0	9	49	1	0	U	57.264	22964.6	23013.6	LINESTRING(488.080000 51.933000,490.190000 55.235000)
1	68	1765	1237	1	1	56	56	0	10	60	1	0	Straight	0.0	23013.6	23073.6	LINESTRING(490.190000 55.235000,491.050000 64.217000)
1	69	1237	1229	1	1	96	96	0	17	107	0	0	Straight	0.0	23073.6	23090.6	LINESTRING(491.050000 64.217000,497.760000 74.866000)
1	70	1229	1230	1	1	93	93	0	17	107	0	0	Right	7.158	23097.8	23114.8	LINESTRING(497.760000 74.866000,503.690000 65.102000)
1	71	1230	1458	1	1	51	51	0	9	59	0	0	Straight	0.0	23114.8	23123.8	LINESTRING(503.690000 65.102000,508.290000 55.746000)
1	72	1458	2325	1	1	33	33	0	6	36	1	0	Straight	0.0	23123.8	23159.8	LINESTRING(508.290000 55.746000,510.620000 52.127000)
1	73	2325	1458	1	1	33	33	0	6	36	0	0	U	57.264	23217.0	23223.0	LINESTRING(510.620000 52.127000,508.290000 55.746000)
1	74	1458	1230	1	1	51	51	0	9	59	1	0	Straight	0.0	23223.0	23282.0	LINESTRING(508.290000 55.746000,503.690000 65.102000)
1	75	1230	2105	1	1	161	161	0	29	189	1	0	Right	7.158	23289.2	23478.2	LINESTRING(503.690000 65.102000,507.720000 63.751000)
1	76	2105	1230	1	1	161	161	0	29	189	0	0	U	57.264	23535.5	23564.5	LINESTRING(507.720000 63.751000,503.690000 65.102000)
1	77	1230	1231	1	1	52	52	0	9	59	1	0	Left	14.316	23578.8	23637.8	LINESTRING(503.690000 65.102000,503.430000 61.444000)
1	78	1231	1230	1	1	52	52	0	9	59	0	0	U	57.264	23695.1	23704.1	LINESTRING(503.430000 61.444000,503.690000 65.102000)
1	79	1230	1229	1	1	93	93	0	17	107	1	0	Straight	0.0	23704.1	23811.1	LINESTRING(503.690000 65.102000,497.760000 74.866000)
1	80	1229	1237	1	1	96	96	0	17	107	1	0	Left	14.316	23825.4	23932.4	LINESTRING(497.760000 74.866000,491.050000 64.217000)
1	81	1237	1238	1	1	52	52	0	9	59	0	0	Straight	0.0	23932.4	23941.4	LINESTRING(491.050000 64.217000,483.980000 57.902000)
1	82	1238	2369	1	1	34	34	0	6	36	0	0	Straight	0.0	23941.4	23947.4	LINESTRING(483.980000 57.902000,480.200000 57.274000)
1	83	2369	1238	1	1	34	34	0	6	36	1	0	U	57.264	24004.6	24040.6	LINESTRING(480.200000 57.274000,483.980000 57.902000)
1	84	1238	1524	1	1	51	51	0	9	59	1	0	U	57.264	24097.9	24156.9	LINESTRING(483.980000 57.902000,478.650000 51.449000)
1	85	1524	2029	1	1	98	98	0	18	108	0	0	Straight	0.0	24156.9	24174.9	LINESTRING(478.650000 51.449000,476.190000 46.669000)
1	86	2029	1524	1	1	98	98	0	18	108	1	0	U	57.264	24232.2	24340.2	LINESTRING(476.190000 46.669000,478.650000 51.449000)
1	87	1524	1525	1	1	53	53	0	9	59	0	0	U	57.264	24397.4	24406.4	LINESTRING(478.650000 51.449000,474.220000 48.968000)
1	88	1525	1524	1	1	53	53	0	9	59	1	0	U	57.264	24463.7	24522.7	LINESTRING(474.220000 48.968000,478.650000 51.449000)
1	89	1524	1238	1	1	51	51	0	9	59	0	0	Straight	0.0	24522.7	24531.7	LINESTRING(478.650000 51.449000,483.980000 57.902000)
1	90	1238	1237	1	1	52	52	0	9	59	1	0	Straight	0.0	24531.7	24590.7	LINESTRING(483.980000 57.902000,491.050000 64.217000)
1	91	1237	1229	1	1	96	96	0	17	107	0	0	Straight	0.0	24590.7	24607.7	LINESTRING(491.050000 64.217000,497.760000 74.866000)
1	92	1229	1230	1	1	93	93	0	17	107	0	0	Right	7.158	24614.8	24631.8	LINESTRING(497.760000 74.866000,503.690000 65.102000)
1	93	1230	1458	1	1	51	51	0	9	59	0	0	Straight	0.0	24631.8	24640.8	LINESTRING(503.690000 65.102000,508.290000 55.746000)
1	94	1458	1689	1	1	49	49	0	9	49	1	0	Straight	0.0	24640.8	24689.8	LINESTRING(508.290000 55.746000,511.960000 48.029000)
1	95	1689	1690	1	1	60	60	0	11	71	0	0	Straight	0.0	24689.8	24700.8	LINESTRING(511.960000 48.029000,512.850000 42.464000)
1	96	1690	1689	1	1	60	60	0	11	71	1	0	U	57.264	24758.1	24829.1	LINESTRING(512.850000 42.464000,511.960000 48.029000)
1	97	1689	2370	1	1	107	107	0	19	119	1	0	Right	7.158	24836.3	24955.3	LINESTRING(511.960000 48.029000,516.010000 45.381000)
1	98	2370	1689	1	1	107	107	0	19	119	0	0	U	57.264	25012.5	25031.5	LINESTRING(516.010000 45.381000,511.960000 48.029000)
1	99	1689	1458	1	1	49	49	0	9	49	0	0	Straight	0.0	25031.5	25040.5	LINESTRING(511.960000 48.029000,508.290000 55.746000)
1	100	1458	1230	1	1	51	51	0	9	59	0	0	Straight	0.0	25040.5	25049.5	LINESTRING(508.290000 55.746000,503.690000 65.102000)
1	101	1230	1229	1	1	93	93	0	17	107	0	0	Straight	0.0	25049.5	25066.5	LINESTRING(503.690000 65.102000,497.760000 74.866000)
1	102	1229	1237	1	1	96	96	0	17	107	0	0	Left	14.316	25080.8	25097.8	LINESTRING(497.760000 74.866000,491.050000 64.217000)
1	103	1237	1765	1	1	56	56	0	10	60	0	0	Straight	0.0	25097.8	25107.8	LINESTRING(491.050000 64.217000,490.190000 55.235000)
1	104	1765	1457	1	1	163	163	0	29	189	0	0	Straight	0.0	25107.8	25136.8	LINESTRING(490.190000 55.235000,490.640000 47.950000)
1	105	1457	1227	1	1	51	51	0	9	59	0	0	Straight	0.0	25136.8	25145.8	LINESTRING(490.640000 47.950000,487.500000 38.494000)
1	106	1227	1451	1	1	51	51	0	9	59	0	0	Straight	0.0	25145.8	25154.8	LINESTRING(487.500000 38.494000,484.880000 29.323000)
1	107	1451	2220	1	1	77	77	0	14	84	0	0	Straight	0.0	25154.8	25168.8	LINESTRING(484.880000 29.323000,483.960000 25.377000)
1	108	2220	1451	1	1	77	77	0	14	84	1	0	U	57.264	25226.1	25310.1	LINESTRING(483.960000 25.377000,484.880000 29.323000)
1	109	1451	1258	1	1	51	51	0	9	59	1	0	U	57.264	25367.4	25426.4	LINESTRING(484.880000 29.323000,480.530000 23.577000)
1	110	1258	1259	1	1	205	205	0	37	237	1	0	Right	7.158	25433.5	25670.5	LINESTRING(480.530000 23.577000,476.260000 23.013000)
1	111	1259	1258	1	1	205	205	0	37	237	0	0	U	57.264	25727.8	25764.8	LINESTRING(476.260000 23.013000,480.530000 23.577000)
1	112	1258	2287	1	1	53	53	0	10	60	1	0	Right	7.158	25772.0	25832.0	LINESTRING(480.530000 23.577000,479.900000 18.000000)
1	113	2287	1258	1	1	53	53	0	10	60	0	0	U	57.264	25889.2	25899.2	LINESTRING(479.900000 18.000000,480.530000 23.577000)
1	114	1258	1451	1	1	51	51	0	9	59	0	0	Straight	0.0	25899.2	25908.2	LINESTRING(480.530000 23.577000,484.880000 29.323000)
1	115	1451	1914	1	1	79	79	0	14	84	1	0	Right	7.158	25915.4	25999.4	LINESTRING(484.880000 29.323000,487.310000 24.166000)
1	116	1914	1451	1	1	79	79	0	14	84	0	0	U	57.264	26056.6	26070.6	LINESTRING(487.310000 24.166000,484.880000 29.323000)
1	117	1451	1227	1	1	51	51	0	9	59	1	0	Straight	0.0	26070.6	26129.6	LINESTRING(484.880000 29.323000,487.500000 38.494000)
1	118	1227	1228	1	1	79	79	0	14	84	1	0	U	57.264	26186.9	26270.9	LINESTRING(487.500000 38.494000,484.550000 35.715000)
1	119	1228	1227	1	1	79	79	0	14	84	0	0	U	57.264	26328.2	26342.2	LINESTRING(484.550000 35.715000,487.500000 38.494000)
1	120	1227	2200	1	1	75	75	0	14	84	0	0	Right	7.158	26349.3	26363.3	LINESTRING(487.500000 38.494000,489.360000 33.813000)
1	121	2200	1227	1	1	75	75	0	14	84	1	0	U	57.264	26420.6	26504.6	LINESTRING(489.360000 33.813000,487.500000 38.494000)
1	122	1227	1457	1	1	51	51	0	9	59	1	0	Straight	0.0	26504.6	26563.6	LINESTRING(487.500000 38.494000,490.640000 47.950000)
1	123	1457	2059	1	1	25	25	0	5	25	0	0	Straight	0.0	26563.6	26568.6	LINESTRING(490.640000 47.950000,493.920000 55.873000)
1	124	2059	1459	0	1	121	121	0	22	142	1	0	Straight	0.0	26568.6	26710.6	LINESTRING(493.920000 55.873000,495.990000 65.025000)
1	125	1459	1229	1	1	42	42	0	8	48	0	0	Straight	0.0	26710.6	26718.6	LINESTRING(495.990000 65.025000,497.760000 74.866000)
1	126	1229	1456	1	1	194	194	0	35	225	1	0	Straight	0.0	26718.6	26943.6	LINESTRING(497.760000 74.866000,500.430000 90.964000)
1	127	1456	1455	1	1	612	612	0	110	720	1	0	Straight	0.0	26943.6	27663.6	LINESTRING(500.430000 90.964000,503.580000 105.300000)
1	128	1455	1454	1	1	90	90	0	16	106	0	0	Right	7.158	27670.7	27686.7	LINESTRING(503.580000 105.300000,506.080000 102.130000)
1	129	1454	1455	1	1	90	90	0	16	106	1	0	U	57.264	27744.0	27850.0	LINESTRING(506.080000 102.130000,503.580000 105.300000)
1	130	1455	1234	1	1	228	228	0	41	261	1	0	Right	7.158	27857.2	28118.2	LINESTRING(503.580000 105.300000,505.810000 120.540000)
1	131	1234	1446	0	1	32	32	0	6	36	1	0	Straight	0.0	28118.2	28154.2	LINESTRING(505.810000 120.540000,513.040000 129.460000)
1	132	1446	1252	0	1	33	33	0	6	36	1	0	Left	14.316	28168.5	28204.5	LINESTRING(513.040000 129.460000,509.260000 145.760000)
1	133	1252	1240	1	1	493	493	0	89	579	0	0	Straight	0.0	28204.5	28293.5	LINESTRING(509.260000 145.760000,511.800000 168.050000)
1	134	1240	1200	1	1	139	139	0	25	155	1	0	Left	14.316	28307.8	28462.8	LINESTRING(511.800000 168.050000,505.340000 175.680000)
1	135	1200	1199	1	1	87	87	0	16	96	0	0	Left	14.316	28477.1	28493.1	LINESTRING(505.340000 175.680000,504.530000 171.750000)
1	136	1199	1200	1	1	87	87	0	16	96	1	0	U	57.264	28550.4	28646.4	LINESTRING(504.530000 171.750000,505.340000 175.680000)
1	137	1200	1423	1	0	0	0	0	41	0	0	0	Left	14.316	28660.7	28701.7	LINESTRING(505.340000 175.680000,499.260000 182.900000)
1	138	1423	1378	1	0	0	0	0	34	0	0	0	Straight	0.0	28701.7	28735.7	LINESTRING(499.260000 182.900000,494.060000 192.580000)
1	139	1378	1242	1	0	0	0	0	77	0	0	0	Straight	0.0	28735.7	28812.7	LINESTRING(494.060000 192.580000,495.000000 204.930000)
1	140	1242	1859	1	0	0	0	0	55	0	0	0	Left	14.316	28827.0	28882.0	LINESTRING(495.000000 204.930000,488.320000 201.650000)
1	141	1859	1657	1	0	0	0	0	70	0	0	0	Right	7.158	28889.2	28959.2	LINESTRING(488.320000 201.650000,484.530000 208.880000)
1	142	1657	1095	1	0	0	0	0	4	0	0	0	Straight	0.0	28959.2	28963.2	LINESTRING(484.530000 208.880000,480.690000 213.730000)
1	143	1095	1096	1	1	415	415	0	75	485	1	0	Straight	0.0	28963.2	29448.2	LINESTRING(480.690000 213.730000,474.790000 218.530000)
1	144	1096	1328	1	1	490	490	0	88	578	1	0	Left	14.316	29462.5	30040.5	LINESTRING(474.790000 218.530000,473.220000 210.810000)
1	145	1328	2237	1	1	599	599	0	108	698	1	0	Straight	0.0	30040.5	30738.5	LINESTRING(473.220000 210.810000,470.480000 206.540000)
1	146	2237	1328	1	1	599	599	0	108	698	0	0	U	57.264	30795.8	30903.8	LINESTRING(470.480000 206.540000,473.220000 210.810000)
1	147	1328	1097	1	0	0	0	0	99	0	0	0	Right	7.158	30910.9	31009.9	LINESTRING(473.220000 210.810000,475.090000 206.370000)
1	148	1097	1921	1	0	0	0	0	20	0	0	0	Right	7.158	31017.1	31037.1	LINESTRING(475.090000 206.370000,466.770000 204.150000)
1	149	1921	273	1	0	0	0	0	35	0	0	0	Right	7.158	31044.2	31079.2	LINESTRING(466.770000 204.150000,460.990000 208.730000)
1	150	273	272	1	1	587	587	0	106	686	1	0	Right	7.158	31086.4	31772.4	LINESTRING(460.990000 208.730000,460.440000 217.530000)
1	151	272	2338	1	0	0	0	0	3	0	0	0	Straight	0.0	31772.4	31775.4	LINESTRING(460.440000 217.530000,461.630000 227.300000)
1	152	2338	145	1	0	0	0	0	95	0	0	0	Straight	0.0	31775.4	31870.4	LINESTRING(461.630000 227.300000,464.250000 237.830000)
1	153	145	146	1	0	0	0	0	250	0	0	0	Straight	0.0	31870.4	32120.4	LINESTRING(464.250000 237.830000,468.520000 248.280000)
1	154	146	1772	1	0	0	0	0	140	0	0	0	Straight	0.0	32120.4	32260.4	LINESTRING(468.520000 248.280000,473.800000 259.010000)
1	155	1772	1414	1	0	0	0	0	18	0	0	0	Straight	0.0	32260.4	32278.4	LINESTRING(473.800000 259.010000,480.250000 269.520000)
1	156	1414	706	1	0	0	0	0	144	0	0	0	Straight	0.0	32278.4	32422.4	LINESTRING(480.250000 269.520000,483.270000 278.260000)
1	157	706	705	1	0	0	0	0	32	0	0	0	Left	14.316	32436.7	32468.7	LINESTRING(483.270000 278.260000,474.060000 279.200000)
1	158	705	1703	1	0	0	0	0	57	0	0	0	Straight	0.0	32468.7	32525.7	LINESTRING(474.060000 279.200000,465.490000 279.800000)
1	159	1703	1743	1	0	0	0	0	19	0	0	0	Straight	0.0	32525.7	32544.7	LINESTRING(465.490000 279.800000,457.410000 281.240000)
1	160	1743	759	1	0	0	0	0	22	0	0	0	Straight	0.0	32544.7	32566.7	LINESTRING(457.410000 281.240000,449.810000 284.260000)
1	161	759	378	1	1	227	227	0	41	261	1	0	Right	7.158	32573.9	32834.9	LINESTRING(449.810000 284.260000,452.570000 295.430000)
1	162	378	587	1	0	0	0	0	91	0	0	0	Left	14.316	32849.2	32940.2	LINESTRING(452.570000 295.430000,427.620000 301.530000)
1	163	587	586	1	0	0	0	0	117	0	0	0	Straight	0.0	32940.2	33057.2	LINESTRING(427.620000 301.530000,404.060000 311.500000)
1	164	586	957	1	0	0	0	0	11	0	0	0	Straight	0.0	33057.2	33068.2	LINESTRING(404.060000 311.500000,393.420000 311.130000)
1	165	957	1528	1	0	0	0	0	9	0	0	0	Straight	0.0	33068.2	33077.2	LINESTRING(393.420000 311.130000,385.690000 307.890000)
1	166	1528	1004	1	0	0	0	0	24	0	0	0	Straight	0.0	33077.2	33101.2	LINESTRING(385.690000 307.890000,378.590000 301.430000)
1	167	1004	2011	1	0	0	0	0	249	0	0	0	Straight	0.0	33101.2	33350.2	LINESTRING(378.590000 301.430000,372.780000 294.490000)
1	168	2011	923	1	0	0	0	0	100	0	0	0	Straight	0.0	33350.2	33450.2	LINESTRING(372.780000 294.490000,367.720000 288.770000)
1	169	923	922	1	0	0	0	0	20	0	0	0	Straight	0.0	33450.2	33470.2	LINESTRING(367.720000 288.770000,363.400000 284.320000)
1	170	922	2277	1	0	0	0	0	91	0	0	0	Straight	0.0	33470.2	33561.2	LINESTRING(363.400000 284.320000,360.380000 280.330000)
2	0	2277	2277	-1	-1	0	0	0	0	0	0	300		0.0	33561.2	33861.2	LINESTRING(360.380000 280.330000,360.380000 280.330000)
