Problem Type	Solution Method	Vehicle Capacity (Weight)	Vehicle Capacity(Volume)	Disposal Trips	Route Time	Route Time wo Turns	Computational Time(Sec)	Clustering Time(Sec)	VA(NHO)	VA(ATD)	VA(CCI)	VA(DMT)	VA(ROI)	VA(AOI)	Optimal
MCARPTIF-TP	WJ19	10000	10000	2	29546.6	26238	99.5351	0	0	937.254	1	20420.5	0.0906101	0.0824485	0
Load No	Sequence No	From Node ID	To Node ID	IsEdge	Required	Weight	Volume	Travel Miles	Travel Time	Service Time	Served	Dumped	Turn Type	Turn Cost	Depart Time	Arrival Time	Shape
0	0	1083	2085	1	0	0	0	0	71	0	0	300		0.0	300.0	371.0	LINESTRING(446.000000 251.770000,421.880000 250.660000)
0	1	2085	1825	0	0	0	0	0	21	0	0	0	Straight	0.0	371.0	392.0	LINESTRING(421.880000 250.660000,401.590000 256.480000)
0	2	1825	615	1	0	0	0	0	27	0	0	0	Straight	0.0	392.0	419.0	LINESTRING(401.590000 256.480000,379.090000 271.730000)
0	3	615	616	1	0	0	0	0	3	0	0	0	Straight	0.0	419.0	422.0	LINESTRING(379.090000 271.730000,363.030000 281.580000)
0	4	616	607	1	0	0	0	0	22	0	0	0	Straight	0.0	422.0	444.0	LINESTRING(363.030000 281.580000,341.470000 281.280000)
0	5	607	593	1	0	0	0	0	30	0	0	0	Straight	0.0	444.0	474.0	LINESTRING(341.470000 281.280000,320.190000 279.470000)
0	6	593	594	1	0	0	0	0	34	0	0	0	Straight	0.0	474.0	508.0	LINESTRING(320.190000 279.470000,307.380000 288.170000)
0	7	594	564	1	0	0	0	0	26	0	0	0	Straight	0.0	508.0	534.0	LINESTRING(307.380000 288.170000,297.850000 297.270000)
0	8	564	556	1	0	0	0	0	27	0	0	0	Straight	0.0	534.0	561.0	LINESTRING(297.850000 297.270000,289.600000 308.420000)
0	9	556	2097	1	0	0	0	0	25	0	0	0	Straight	0.0	561.0	586.0	LINESTRING(289.600000 308.420000,279.580000 320.460000)
0	10	2097	969	1	0	0	0	0	24	0	0	0	Straight	0.0	586.0	610.0	LINESTRING(279.580000 320.460000,267.880000 330.780000)
0	11	969	506	1	0	0	0	0	43	0	0	0	Straight	0.0	610.0	653.0	LINESTRING(267.880000 330.780000,262.850000 344.550000)
0	12	506	478	1	0	0	0	0	25	0	0	0	Straight	0.0	653.0	678.0	LINESTRING(262.850000 344.550000,250.630000 358.810000)
0	13	478	500	1	0	0	0	0	15	0	0	0	Left	11.389	689.389	704.389	LINESTRING(250.630000 358.810000,235.350000 357.540000)
0	14	500	971	1	0	0	0	0	3	0	0	0	Straight	0.0	704.389	707.389	LINESTRING(235.350000 357.540000,221.110000 357.760000)
0	15	971	970	1	0	0	0	0	66	0	0	0	Straight	0.0	707.389	773.389	LINESTRING(221.110000 357.760000,211.400000 361.910000)
0	16	970	980	1	1	198	198	0	36	226	1	0	Left	11.389	784.778	1010.78	LINESTRING(211.400000 361.910000,200.540000 354.200000)
0	17	980	1460	1	0	0	0	0	10	0	0	0	Straight	0.0	1010.78	1020.78	LINESTRING(200.540000 354.200000,181.620000 351.410000)
0	18	1460	568	1	0	0	0	0	15	0	0	0	Straight	0.0	1020.78	1035.78	LINESTRING(181.620000 351.410000,166.360000 352.320000)
0	19	568	623	1	0	0	0	0	67	0	0	0	Straight	0.0	1035.78	1102.78	LINESTRING(166.360000 352.320000,159.170000 347.900000)
0	20	623	659	1	0	0	0	0	37	0	0	0	U	45.557	1148.34	1185.34	LINESTRING(159.170000 347.900000,176.130000 344.040000)
0	21	659	1002	0	0	0	0	0	85	0	0	0	Left	11.389	1196.72	1281.72	LINESTRING(176.130000 344.040000,172.850000 370.630000)
0	22	1002	1001	0	0	0	0	0	2	0	0	0	Straight	0.0	1281.72	1283.72	LINESTRING(172.850000 370.630000,167.840000 394.300000)
0	23	1001	998	0	0	0	0	0	25	0	0	0	Straight	0.0	1283.72	1308.72	LINESTRING(167.840000 394.300000,167.110000 412.040000)
0	24	998	999	0	1	98	98	0	18	108	1	0	U	45.557	1354.28	1462.28	LINESTRING(167.110000 412.040000,167.980000 398.920000)
0	25	999	1005	0	1	45	45	0	8	48	1	0	Straight	0.0	1462.28	1510.28	LINESTRING(167.980000 398.920000,170.100000 393.420000)
0	26	1005	619	0	0	0	0	0	32	0	0	0	Left	11.389	1521.67	1553.67	LINESTRING(170.100000 393.420000,174.560000 397.030000)
0	27	619	620	0	0	0	0	0	30	0	0	0	U	45.557	1599.23	1629.23	LINESTRING(174.560000 397.030000,171.140000 377.560000)
0	28	620	675	0	1	41	41	0	7	47	1	0	Straight	0.0	1629.23	1676.23	LINESTRING(171.140000 377.560000,168.330000 358.590000)
0	29	675	658	0	1	441	441	0	79	519	1	0	Straight	0.0	1676.23	2195.23	LINESTRING(168.330000 358.590000,166.540000 334.580000)
0	30	658	659	1	0	0	0	0	2	0	0	0	U	45.557	2240.78	2242.78	LINESTRING(166.540000 334.580000,176.130000 344.040000)
0	31	659	1002	0	0	0	0	0	85	0	0	0	Left	11.389	2254.17	2339.17	LINESTRING(176.130000 344.040000,172.850000 370.630000)
0	32	1002	1001	0	0	0	0	0	2	0	0	0	Straight	0.0	2339.17	2341.17	LINESTRING(172.850000 370.630000,167.840000 394.300000)
0	33	1001	998	0	0	0	0	0	25	0	0	0	Straight	0.0	2341.17	2366.17	LINESTRING(167.840000 394.300000,167.110000 412.040000)
0	34	998	999	0	1	98	98	0	18	108	0	0	U	45.557	2411.73	2429.73	LINESTRING(167.110000 412.040000,167.980000 398.920000)
0	35	999	1003	0	1	39	39	0	7	37	1	0	Straight	0.0	2429.73	2466.73	LINESTRING(167.980000 398.920000,168.230000 387.540000)
0	36	1003	1004	0	1	12	12	0	2	12	1	0	Straight	0.0	2466.73	2478.73	LINESTRING(168.230000 387.540000,168.600000 373.150000)
0	37	1004	675	0	1	29	29	0	5	25	1	0	Straight	0.0	2478.73	2503.73	LINESTRING(168.600000 373.150000,168.330000 358.590000)
0	38	675	658	0	1	441	441	0	79	519	0	0	Straight	0.0	2503.73	2582.73	LINESTRING(168.330000 358.590000,166.540000 334.580000)
0	39	658	659	1	0	0	0	0	2	0	0	0	U	45.557	2628.29	2630.29	LINESTRING(166.540000 334.580000,176.130000 344.040000)
0	40	659	1002	0	0	0	0	0	85	0	0	0	Left	11.389	2641.68	2726.68	LINESTRING(176.130000 344.040000,172.850000 370.630000)
0	41	1002	1001	0	0	0	0	0	2	0	0	0	Straight	0.0	2726.68	2728.68	LINESTRING(172.850000 370.630000,167.840000 394.300000)
0	42	1001	998	0	0	0	0	0	25	0	0	0	Straight	0.0	2728.68	2753.68	LINESTRING(167.840000 394.300000,167.110000 412.040000)
0	43	998	989	1	0	0	0	0	16	0	0	0	Straight	0.0	2753.68	2769.68	LINESTRING(167.110000 412.040000,165.960000 433.650000)
0	44	989	1662	1	1	245	245	0	44	284	1	0	Left	11.389	2781.06	3065.06	LINESTRING(165.960000 433.650000,158.010000 427.140000)
0	45	1662	513	1	0	0	0	0	27	0	0	0	Right	5.695	3070.76	3097.76	LINESTRING(158.010000 427.140000,147.740000 438.640000)
0	46	513	1681	1	1	10	10	0	2	12	1	0	Straight	0.0	3097.76	3109.76	LINESTRING(147.740000 438.640000,136.090000 442.240000)
0	47	1681	1680	1	1	76	76	0	14	84	1	0	Straight	0.0	3109.76	3193.76	LINESTRING(136.090000 442.240000,130.380000 441.810000)
0	48	1680	1681	1	1	76	76	0	14	84	0	0	U	45.557	3239.32	3253.32	LINESTRING(130.380000 441.810000,136.090000 442.240000)
0	49	1681	1740	1	1	49	49	0	9	49	1	0	U	45.557	3298.87	3347.87	LINESTRING(136.090000 442.240000,127.440000 446.580000)
0	50	1740	1928	1	1	193	193	0	35	225	1	0	Straight	0.0	3347.87	3572.87	LINESTRING(127.440000 446.580000,123.520000 452.040000)
0	51	1928	2074	1	1	80	80	0	14	94	1	0	Straight	0.0	3572.87	3666.87	LINESTRING(123.520000 452.040000,121.480000 455.790000)
0	52	2074	1928	1	1	80	80	0	14	94	0	0	U	45.557	3712.43	3726.43	LINESTRING(121.480000 455.790000,123.520000 452.040000)
0	53	1928	2138	1	1	22	22	0	4	24	1	0	U	45.557	3771.99	3795.99	LINESTRING(123.520000 452.040000,124.170000 456.850000)
0	54	2138	1928	1	1	22	22	0	4	24	0	0	U	45.557	3841.54	3845.54	LINESTRING(124.170000 456.850000,123.520000 452.040000)
0	55	1928	1740	1	1	193	193	0	35	225	0	0	Straight	0.0	3845.54	3880.54	LINESTRING(123.520000 452.040000,127.440000 446.580000)
0	56	1740	1739	1	1	88	88	0	16	96	1	0	Right	5.695	3886.24	3982.24	LINESTRING(127.440000 446.580000,121.030000 446.300000)
0	57	1739	1740	1	1	88	88	0	16	96	0	0	U	45.557	4027.8	4043.8	LINESTRING(121.030000 446.300000,127.440000 446.580000)
0	58	1740	1681	1	1	49	49	0	9	49	0	0	Straight	0.0	4043.8	4052.8	LINESTRING(127.440000 446.580000,136.090000 442.240000)
0	59	1681	513	1	1	10	10	0	2	12	0	0	Straight	0.0	4052.8	4054.8	LINESTRING(136.090000 442.240000,147.740000 438.640000)
0	60	513	514	1	0	0	0	0	44	0	0	0	Left	11.389	4066.19	4110.19	LINESTRING(147.740000 438.640000,149.840000 449.740000)
0	61	514	2084	1	0	0	0	0	38	0	0	0	Straight	0.0	4110.19	4148.19	LINESTRING(149.840000 449.740000,157.390000 457.130000)
0	62	2084	539	1	0	0	0	0	34	0	0	0	Right	5.695	4153.88	4187.88	LINESTRING(157.390000 457.130000,169.300000 456.400000)
0	63	539	538	1	0	0	0	0	93	0	0	0	Left	11.389	4199.27	4292.27	LINESTRING(169.300000 456.400000,180.090000 477.080000)
0	64	538	1552	1	0	0	0	0	7	0	0	0	Straight	0.0	4292.27	4299.27	LINESTRING(180.090000 477.080000,191.420000 497.310000)
0	65	1552	1575	1	0	0	0	0	28	0	0	0	Straight	0.0	4299.27	4327.27	LINESTRING(191.420000 497.310000,203.960000 516.880000)
0	66	1575	1572	1	1	233	233	0	42	272	1	0	Straight	0.0	4327.27	4599.27	LINESTRING(203.960000 516.880000,212.770000 526.600000)
0	67	1572	357	1	1	189	189	0	34	214	1	0	Straight	0.0	4599.27	4813.27	LINESTRING(212.770000 526.600000,223.810000 534.990000)
0	68	357	342	1	1	183	183	0	33	213	1	0	U	45.557	4858.83	5071.83	LINESTRING(223.810000 534.990000,215.280000 529.430000)
0	69	342	313	1	1	192	192	0	35	225	1	0	Right	5.695	5077.52	5302.52	LINESTRING(215.280000 529.430000,207.190000 533.790000)
0	70	313	1478	1	1	59	59	0	11	61	1	0	Straight	0.0	5302.52	5363.52	LINESTRING(207.190000 533.790000,196.670000 539.530000)
0	71	1478	295	1	1	75	75	0	13	83	1	0	Straight	0.0	5363.52	5446.52	LINESTRING(196.670000 539.530000,187.490000 544.200000)
0	72	295	296	1	1	67	67	0	12	72	1	0	Straight	0.0	5446.52	5518.52	LINESTRING(187.490000 544.200000,178.780000 550.280000)
0	73	296	732	1	1	103	103	0	19	119	1	0	Straight	0.0	5518.52	5637.52	LINESTRING(178.780000 550.280000,171.970000 553.610000)
0	74	732	1409	1	1	22	22	0	4	24	1	0	Straight	0.0	5637.52	5661.52	LINESTRING(171.970000 553.610000,166.380000 555.440000)
0	75	1409	732	1	1	22	22	0	4	24	0	0	U	45.557	5707.08	5711.08	LINESTRING(166.380000 555.440000,171.970000 553.610000)
0	76	732	1453	1	1	24	24	0	4	24	1	0	Left	11.389	5722.47	5746.47	LINESTRING(171.970000 553.610000,170.170000 557.860000)
0	77	1453	732	1	1	24	24	0	4	24	0	0	U	45.557	5792.02	5796.02	LINESTRING(170.170000 557.860000,171.970000 553.610000)
0	78	732	296	1	1	103	103	0	19	119	0	0	Straight	0.0	5796.02	5815.02	LINESTRING(171.970000 553.610000,178.780000 550.280000)
0	79	296	1938	1	1	65	65	0	12	72	1	0	U	45.557	5860.58	5932.58	LINESTRING(178.780000 550.280000,176.190000 554.560000)
0	80	1938	296	1	1	65	65	0	12	72	0	0	U	45.557	5978.14	5990.14	LINESTRING(176.190000 554.560000,178.780000 550.280000)
0	81	296	295	1	1	67	67	0	12	72	0	0	Straight	0.0	5990.14	6002.14	LINESTRING(178.780000 550.280000,187.490000 544.200000)
0	82	295	307	1	1	52	52	0	9	59	1	0	U	45.557	6047.7	6106.7	LINESTRING(187.490000 544.200000,180.940000 548.490000)
0	83	307	736	1	1	41	41	0	7	47	1	0	Right	5.695	6112.39	6159.39	LINESTRING(180.940000 548.490000,179.970000 554.060000)
0	84	736	307	1	1	41	41	0	7	47	0	0	U	45.557	6204.95	6211.95	LINESTRING(179.970000 554.060000,180.940000 548.490000)
0	85	307	1985	1	1	11	11	0	2	12	1	0	Right	5.695	6217.64	6229.64	LINESTRING(180.940000 548.490000,175.270000 548.010000)
0	86	1985	307	1	1	11	11	0	2	12	0	0	U	45.557	6275.2	6277.2	LINESTRING(175.270000 548.010000,180.940000 548.490000)
0	87	307	295	1	1	52	52	0	9	59	0	0	Straight	0.0	6277.2	6286.2	LINESTRING(180.940000 548.490000,187.490000 544.200000)
0	88	295	1478	1	1	75	75	0	13	83	0	0	Straight	0.0	6286.2	6299.2	LINESTRING(187.490000 544.200000,196.670000 539.530000)
0	89	1478	1782	1	1	12	12	0	2	12	1	0	U	45.557	6344.76	6356.76	LINESTRING(196.670000 539.530000,194.270000 542.030000)
0	90	1782	1478	1	1	12	12	0	2	12	0	0	U	45.557	6402.31	6404.31	LINESTRING(194.270000 542.030000,196.670000 539.530000)
0	91	1478	313	1	1	59	59	0	11	61	0	0	Straight	0.0	6404.31	6415.31	LINESTRING(196.670000 539.530000,207.190000 533.790000)
0	92	313	767	1	1	37	37	0	7	37	1	0	U	45.557	6460.87	6497.87	LINESTRING(207.190000 533.790000,202.810000 537.660000)
0	93	767	313	1	1	37	37	0	7	37	0	0	U	45.557	6543.43	6550.43	LINESTRING(202.810000 537.660000,207.190000 533.790000)
0	94	313	314	1	1	149	149	0	27	167	1	0	Straight	0.0	6550.43	6717.43	LINESTRING(207.190000 533.790000,216.570000 527.300000)
0	95	314	735	1	1	77	77	0	14	84	1	0	Straight	0.0	6717.43	6801.43	LINESTRING(216.570000 527.300000,226.160000 523.880000)
0	96	735	761	1	1	186	186	0	34	214	1	0	Right	5.695	6807.12	7021.12	LINESTRING(226.160000 523.880000,224.800000 517.970000)
0	97	761	343	1	1	77	77	0	14	84	1	0	Right	5.695	7026.82	7110.82	LINESTRING(224.800000 517.970000,218.100000 520.590000)
0	98	343	342	1	1	276	276	0	50	320	1	0	Right	5.695	7116.51	7436.51	LINESTRING(218.100000 520.590000,215.280000 529.430000)
0	99	342	378	1	1	183	183	0	33	213	1	0	Left	11.389	7447.9	7660.9	LINESTRING(215.280000 529.430000,211.280000 523.650000)
0	100	378	1572	1	1	212	212	0	38	248	1	0	U	45.557	7706.46	7954.46	LINESTRING(211.280000 523.650000,212.770000 526.600000)
0	101	1572	378	1	1	212	212	0	38	248	0	0	U	45.557	8000.02	8038.02	LINESTRING(212.770000 526.600000,211.280000 523.650000)
0	102	378	1573	1	1	213	213	0	38	248	1	0	Straight	0.0	8038.02	8286.02	LINESTRING(211.280000 523.650000,207.310000 521.370000)
0	103	1573	379	1	1	423	423	0	76	496	1	0	Left	11.389	8297.4	8793.4	LINESTRING(207.310000 521.370000,211.650000 516.980000)
0	104	379	378	1	1	199	199	0	36	226	1	0	U	45.557	8838.96	9064.96	LINESTRING(211.650000 516.980000,211.280000 523.650000)
0	105	378	379	1	1	199	199	0	36	226	0	0	U	45.557	9110.52	9146.52	LINESTRING(211.280000 523.650000,211.650000 516.980000)
0	106	379	795	1	1	150	150	0	27	177	1	0	Straight	0.0	9146.52	9323.52	LINESTRING(211.650000 516.980000,217.860000 509.720000)
0	107	795	343	1	1	179	179	0	32	202	1	0	U	45.557	9369.08	9571.08	LINESTRING(217.860000 509.720000,218.100000 520.590000)
0	108	343	761	1	1	77	77	0	14	84	0	0	Right	5.695	9576.77	9590.77	LINESTRING(218.100000 520.590000,224.800000 517.970000)
0	109	761	753	1	1	74	74	0	13	83	1	0	Straight	0.0	9590.77	9673.77	LINESTRING(224.800000 517.970000,230.590000 511.140000)
0	110	753	754	0	1	126	126	0	23	143	1	0	Left	11.389	9685.16	9828.16	LINESTRING(230.590000 511.140000,239.690000 511.060000)
0	111	754	731	1	1	184	184	0	33	213	1	0	Left	11.389	9839.55	10052.5	LINESTRING(239.690000 511.060000,240.040000 519.170000)
0	112	731	754	1	1	184	184	0	33	213	0	0	U	45.557	10098.1	10131.1	LINESTRING(240.040000 519.170000,239.690000 511.060000)
0	113	754	775	1	1	190	190	0	34	224	1	0	Straight	0.0	10131.1	10355.1	LINESTRING(239.690000 511.060000,236.870000 501.040000)
0	114	775	2170	1	1	257	257	0	46	296	1	0	Right	5.695	10360.8	10656.8	LINESTRING(236.870000 501.040000,232.590000 502.740000)
0	115	2170	775	1	1	257	257	0	46	296	0	0	U	45.557	10702.4	10748.4	LINESTRING(232.590000 502.740000,236.870000 501.040000)
0	116	775	754	1	1	190	190	0	34	224	0	0	Left	11.389	10759.7	10793.7	LINESTRING(236.870000 501.040000,239.690000 511.060000)
0	117	754	2094	0	1	357	357	0	64	414	1	0	Right	5.695	10799.4	11213.4	LINESTRING(239.690000 511.060000,250.510000 513.730000)
0	118	2094	254	0	1	18	18	0	3	13	1	0	Right	5.695	11219.1	11232.1	LINESTRING(250.510000 513.730000,252.880000 507.530000)
0	119	254	255	0	1	26	26	0	5	25	1	0	Straight	0.0	11232.1	11257.1	LINESTRING(252.880000 507.530000,257.790000 502.990000)
0	120	255	682	0	0	0	0	0	14	0	0	0	Straight	0.0	11257.1	11271.1	LINESTRING(257.790000 502.990000,265.040000 499.510000)
0	121	682	683	0	0	0	0	0	14	0	0	0	Straight	0.0	11271.1	11285.1	LINESTRING(265.040000 499.510000,274.480000 500.000000)
0	122	683	666	0	0	0	0	0	13	0	0	0	Straight	0.0	11285.1	11298.1	LINESTRING(274.480000 500.000000,283.580000 497.100000)
0	123	666	204	0	0	0	0	0	34	0	0	0	Left	11.389	11309.5	11343.5	LINESTRING(283.580000 497.100000,288.670000 506.890000)
0	124	204	192	0	0	0	0	0	27	0	0	0	Straight	0.0	11343.5	11370.5	LINESTRING(288.670000 506.890000,295.280000 514.410000)
0	125	192	193	0	0	0	0	0	6	0	0	0	Straight	0.0	11370.5	11376.5	LINESTRING(295.280000 514.410000,302.120000 520.810000)
0	126	193	1569	0	1	59	59	0	11	61	1	0	Left	11.389	11387.9	11448.9	LINESTRING(302.120000 520.810000,296.250000 528.010000)
0	127	1569	177	0	1	29	29	0	5	25	1	0	Straight	0.0	11448.9	11473.9	LINESTRING(296.250000 528.010000,296.330000 538.890000)
0	128	177	1896	0	1	41	41	0	7	47	1	0	Straight	0.0	11473.9	11520.9	LINESTRING(296.330000 538.890000,299.970000 546.160000)
0	129	1896	1897	0	1	127	127	0	23	143	1	0	Left	11.389	11532.3	11675.3	LINESTRING(299.970000 546.160000,291.640000 557.620000)
0	130	1897	171	0	1	350	350	0	63	413	1	0	Straight	0.0	11675.3	12088.3	LINESTRING(291.640000 557.620000,286.190000 568.770000)
0	131	171	572	1	1	49	49	0	9	49	1	0	Straight	0.0	12088.3	12137.3	LINESTRING(286.190000 568.770000,283.050000 583.100000)
0	132	572	133	1	1	397	397	0	71	461	1	0	Straight	0.0	12137.3	12598.3	LINESTRING(283.050000 583.100000,280.830000 596.150000)
0	133	133	1490	1	1	369	369	0	66	426	1	0	Right	5.695	12604.0	13030.0	LINESTRING(280.830000 596.150000,295.200000 590.930000)
0	134	1490	2251	1	1	346	346	0	62	402	1	0	Straight	0.0	13030.0	13432.0	LINESTRING(295.200000 590.930000,320.670000 578.130000)
0	135	2251	1310	1	1	13	13	0	2	12	1	0	Straight	0.0	13432.0	13444.0	LINESTRING(320.670000 578.130000,346.040000 564.610000)
0	136	1310	1311	1	1	34	34	0	6	36	1	0	Straight	0.0	13444.0	13480.0	LINESTRING(346.040000 564.610000,371.290000 572.050000)
0	137	1311	2252	1	1	20	20	0	4	24	1	0	Straight	0.0	13480.0	13504.0	LINESTRING(371.290000 572.050000,384.810000 591.140000)
0	138	2252	1368	1	1	89	89	0	16	96	1	0	Straight	0.0	13504.0	13600.0	LINESTRING(384.810000 591.140000,398.500000 609.900000)
0	139	1368	1367	1	1	393	393	0	71	461	1	0	Straight	0.0	13600.0	14061.0	LINESTRING(398.500000 609.900000,398.780000 623.930000)
0	140	1367	1671	1	1	597	597	0	107	697	1	0	Straight	0.0	14061.0	14758.0	LINESTRING(398.780000 623.930000,393.760000 634.180000)
0	141	1671	1546	1	0	0	0	0	74	0	0	0	Straight	0.0	14758.0	14832.0	LINESTRING(393.760000 634.180000,389.410000 644.170000)
0	142	1546	1418	1	0	0	0	0	30	0	0	0	Straight	0.0	14832.0	14862.0	LINESTRING(389.410000 644.170000,384.000000 650.810000)
0	143	1418	1309	1	0	0	0	0	26	0	0	0	Straight	0.0	14862.0	14888.0	LINESTRING(384.000000 650.810000,379.140000 653.960000)
0	144	1309	1307	1	0	0	0	0	22	0	0	0	Left	11.389	14899.4	14921.4	LINESTRING(379.140000 653.960000,379.140000 647.320000)
0	145	1307	1308	1	0	0	0	0	39	0	0	0	Straight	0.0	14921.4	14960.4	LINESTRING(379.140000 647.320000,381.140000 640.590000)
0	146	1308	1364	1	1	192	192	0	35	225	1	0	U	45.557	15005.9	15230.9	LINESTRING(381.140000 640.590000,376.170000 644.650000)
0	147	1364	285	0	0	0	0	0	4	0	0	0	U	45.557	15276.5	15280.5	LINESTRING(376.170000 644.650000,378.140000 639.650000)
0	148	285	15	0	1	17	17	0	3	13	1	0	U	45.557	15326.1	15339.1	LINESTRING(378.140000 639.650000,371.990000 646.100000)
0	149	15	16	0	1	21	21	0	4	24	1	0	Right	5.695	15344.8	15368.8	LINESTRING(371.990000 646.100000,373.420000 651.220000)
0	150	16	1364	0	0	0	0	0	4	0	0	0	U	45.557	15414.3	15418.3	LINESTRING(373.420000 651.220000,376.170000 644.650000)
0	151	1364	285	0	0	0	0	0	4	0	0	0	Straight	0.0	15418.3	15422.3	LINESTRING(376.170000 644.650000,378.140000 639.650000)
0	152	285	1333	1	0	0	0	0	42	0	0	0	Straight	0.0	15422.3	15464.3	LINESTRING(378.140000 639.650000,386.620000 632.510000)
0	153	1333	1367	1	0	0	0	0	25	0	0	0	Straight	0.0	15464.3	15489.3	LINESTRING(386.620000 632.510000,398.780000 623.930000)
0	154	1367	1368	1	1	393	393	0	71	461	0	0	Right	5.695	15495.0	15566.0	LINESTRING(398.780000 623.930000,398.500000 609.900000)
0	155	1368	2252	1	1	89	89	0	16	96	0	0	Straight	0.0	15566.0	15582.0	LINESTRING(398.500000 609.900000,384.810000 591.140000)
0	156	2252	1311	1	1	20	20	0	4	24	0	0	Straight	0.0	15582.0	15586.0	LINESTRING(384.810000 591.140000,371.290000 572.050000)
0	157	1311	1310	1	1	34	34	0	6	36	0	0	Straight	0.0	15586.0	15592.0	LINESTRING(371.290000 572.050000,346.040000 564.610000)
0	158	1310	2251	1	1	13	13	0	2	12	0	0	Straight	0.0	15592.0	15594.0	LINESTRING(346.040000 564.610000,320.670000 578.130000)
0	159	2251	1490	1	1	346	346	0	62	402	0	0	Straight	0.0	15594.0	15656.0	LINESTRING(320.670000 578.130000,295.200000 590.930000)
0	160	1490	133	1	1	369	369	0	66	426	0	0	Straight	0.0	15656.0	15722.0	LINESTRING(295.200000 590.930000,280.830000 596.150000)
0	161	133	572	1	1	397	397	0	71	461	0	0	Left	11.389	15733.4	15804.4	LINESTRING(280.830000 596.150000,283.050000 583.100000)
0	162	572	171	1	1	49	49	0	9	49	0	0	Straight	0.0	15804.4	15813.4	LINESTRING(283.050000 583.100000,286.190000 568.770000)
0	163	171	172	0	0	0	0	0	63	0	0	0	Straight	0.0	15813.4	15876.4	LINESTRING(286.190000 568.770000,284.570000 559.500000)
0	164	172	1780	0	0	0	0	0	6	0	0	0	Straight	0.0	15876.4	15882.4	LINESTRING(284.570000 559.500000,278.200000 551.770000)
0	165	1780	187	0	0	0	0	0	14	0	0	0	Left	11.389	15893.8	15907.8	LINESTRING(278.200000 551.770000,281.190000 543.250000)
0	166	187	661	0	0	0	0	0	4	0	0	0	Straight	0.0	15907.8	15911.8	LINESTRING(281.190000 543.250000,277.780000 532.600000)
0	167	661	660	0	0	0	0	0	45	0	0	0	Straight	0.0	15911.8	15956.8	LINESTRING(277.780000 532.600000,269.670000 523.720000)
0	168	660	238	0	0	0	0	0	8	0	0	0	Straight	0.0	15956.8	15964.8	LINESTRING(269.670000 523.720000,269.650000 514.880000)
0	169	238	237	0	0	0	0	0	16	0	0	0	Straight	0.0	15964.8	15980.8	LINESTRING(269.650000 514.880000,268.890000 506.990000)
0	170	237	682	0	0	0	0	0	17	0	0	0	Straight	0.0	15980.8	15997.8	LINESTRING(268.890000 506.990000,265.040000 499.510000)
0	171	682	727	0	0	0	0	0	33	0	0	0	Straight	0.0	15997.8	16030.8	LINESTRING(265.040000 499.510000,259.710000 490.350000)
0	172	727	290	0	0	0	0	0	11	0	0	0	Straight	0.0	16030.8	16041.8	LINESTRING(259.710000 490.350000,256.630000 479.340000)
0	173	290	289	0	0	0	0	0	13	0	0	0	Straight	0.0	16041.8	16054.8	LINESTRING(256.630000 479.340000,253.340000 468.030000)
0	174	289	335	0	0	0	0	0	53	0	0	0	Straight	0.0	16054.8	16107.8	LINESTRING(253.340000 468.030000,245.130000 456.300000)
0	175	335	317	0	0	0	0	0	4	0	0	0	Straight	0.0	16107.8	16111.8	LINESTRING(245.130000 456.300000,241.260000 443.730000)
0	176	317	815	0	0	0	0	0	68	0	0	0	Straight	0.0	16111.8	16179.8	LINESTRING(241.260000 443.730000,240.330000 429.250000)
0	177	815	2070	0	0	0	0	0	49	0	0	0	Straight	0.0	16179.8	16228.8	LINESTRING(240.330000 429.250000,240.270000 415.950000)
0	178	2070	412	0	0	0	0	0	22	0	0	0	Straight	0.0	16228.8	16250.8	LINESTRING(240.270000 415.950000,244.880000 405.620000)
0	179	412	893	0	0	0	0	0	2	0	0	0	Straight	0.0	16250.8	16252.8	LINESTRING(244.880000 405.620000,241.320000 390.940000)
0	180	893	477	0	1	128	128	0	23	143	1	0	Straight	0.0	16252.8	16395.8	LINESTRING(241.320000 390.940000,247.760000 376.520000)
0	181	477	478	1	0	0	0	0	61	0	0	0	Straight	0.0	16395.8	16456.8	LINESTRING(247.760000 376.520000,250.630000 358.810000)
0	182	478	506	1	0	0	0	0	25	0	0	0	Straight	0.0	16456.8	16481.8	LINESTRING(250.630000 358.810000,262.850000 344.550000)
0	183	506	969	1	0	0	0	0	43	0	0	0	Straight	0.0	16481.8	16524.8	LINESTRING(262.850000 344.550000,267.880000 330.780000)
0	184	969	2097	1	0	0	0	0	24	0	0	0	Straight	0.0	16524.8	16548.8	LINESTRING(267.880000 330.780000,279.580000 320.460000)
0	185	2097	556	1	0	0	0	0	25	0	0	0	Straight	0.0	16548.8	16573.8	LINESTRING(279.580000 320.460000,289.600000 308.420000)
0	186	556	564	1	0	0	0	0	27	0	0	0	Straight	0.0	16573.8	16600.8	LINESTRING(289.600000 308.420000,297.850000 297.270000)
0	187	564	594	1	0	0	0	0	26	0	0	0	Straight	0.0	16600.8	16626.8	LINESTRING(297.850000 297.270000,307.380000 288.170000)
0	188	594	593	1	0	0	0	0	34	0	0	0	Straight	0.0	16626.8	16660.8	LINESTRING(307.380000 288.170000,320.190000 279.470000)
0	189	593	607	1	0	0	0	0	30	0	0	0	Straight	0.0	16660.8	16690.8	LINESTRING(320.190000 279.470000,341.470000 281.280000)
0	190	607	616	1	0	0	0	0	22	0	0	0	Straight	0.0	16690.8	16712.8	LINESTRING(341.470000 281.280000,363.030000 281.580000)
0	191	616	615	1	0	0	0	0	3	0	0	0	Straight	0.0	16712.8	16715.8	LINESTRING(363.030000 281.580000,379.090000 271.730000)
0	192	615	1825	1	0	0	0	0	27	0	0	0	Straight	0.0	16715.8	16742.8	LINESTRING(379.090000 271.730000,401.590000 256.480000)
0	193	1825	690	1	0	0	0	0	12	0	0	0	Straight	0.0	16742.8	16754.8	LINESTRING(401.590000 256.480000,411.190000 240.760000)
0	194	690	2085	1	0	0	0	0	15	0	0	0	Left	11.389	16766.2	16781.2	LINESTRING(411.190000 240.760000,421.880000 250.660000)
0	195	2085	1083	1	0	0	0	0	71	0	0	0	Straight	0.0	16781.2	16852.2	LINESTRING(421.880000 250.660000,446.000000 251.770000)
1	0	1083	1084	1	0	0	0	0	544	0	0	300		0.0	17152.2	17696.2	LINESTRING(446.000000 251.770000,472.410000 259.170000)
1	1	1084	710	1	0	0	0	0	6	0	0	0	Straight	0.0	17696.2	17702.2	LINESTRING(472.410000 259.170000,492.080000 262.010000)
1	2	710	1790	1	0	0	0	0	15	0	0	0	Straight	0.0	17702.2	17717.2	LINESTRING(492.080000 262.010000,512.210000 263.690000)
1	3	1790	1536	1	0	0	0	0	2	0	0	0	Straight	0.0	17717.2	17719.2	LINESTRING(512.210000 263.690000,528.750000 266.950000)
1	4	1536	1537	0	0	0	0	0	20	0	0	0	Straight	0.0	17719.2	17739.2	LINESTRING(528.750000 266.950000,548.050000 280.180000)
1	5	1537	695	0	0	0	0	0	5	0	0	0	Straight	0.0	17739.2	17744.2	LINESTRING(548.050000 280.180000,574.530000 280.890000)
1	6	695	1047	0	0	0	0	0	69	0	0	0	Straight	0.0	17744.2	17813.2	LINESTRING(574.530000 280.890000,602.270000 269.260000)
1	7	1047	693	1	0	0	0	0	1	0	0	0	Left	11.389	17824.6	17825.6	LINESTRING(602.270000 269.260000,605.140000 281.850000)
1	8	693	1654	1	0	0	0	0	37	0	0	0	Right	5.695	17831.3	17868.3	LINESTRING(605.140000 281.850000,638.500000 271.880000)
1	9	1654	609	1	1	79	79	0	14	84	0	0	Straight	0.0	17868.3	17882.3	LINESTRING(638.500000 271.880000,657.730000 262.070000)
1	10	609	1901	1	1	262	262	0	47	307	1	0	Straight	0.0	17882.3	18189.3	LINESTRING(657.730000 262.070000,669.130000 255.690000)
1	11	1901	651	1	0	0	0	0	7	0	0	0	Straight	0.0	18189.3	18196.3	LINESTRING(669.130000 255.690000,679.080000 250.160000)
1	12	651	652	1	1	97	97	0	17	107	1	0	U	45.557	18241.8	18348.8	LINESTRING(679.080000 250.160000,670.740000 251.790000)
1	13	652	676	1	1	80	80	0	14	94	1	0	Straight	0.0	18348.8	18442.8	LINESTRING(670.740000 251.790000,666.420000 252.040000)
1	14	676	618	1	1	322	322	0	58	378	1	0	Right	5.695	18448.5	18826.5	LINESTRING(666.420000 252.040000,664.230000 256.110000)
1	15	618	652	1	1	273	273	0	49	319	1	0	U	45.557	18872.1	19191.1	LINESTRING(664.230000 256.110000,670.740000 251.790000)
1	16	652	651	1	1	97	97	0	17	107	0	0	Straight	0.0	19191.1	19208.1	LINESTRING(670.740000 251.790000,679.080000 250.160000)
1	17	651	1901	1	0	0	0	0	7	0	0	0	U	45.557	19253.6	19260.6	LINESTRING(679.080000 250.160000,669.130000 255.690000)
1	18	1901	611	1	0	0	0	0	16	0	0	0	U	45.557	19306.2	19322.2	LINESTRING(669.130000 255.690000,675.380000 252.100000)
1	19	611	608	1	1	214	214	0	38	248	1	0	U	45.557	19367.7	19615.7	LINESTRING(675.380000 252.100000,671.860000 256.830000)
1	20	608	2058	1	1	163	163	0	29	189	1	0	U	45.557	19661.3	19850.3	LINESTRING(671.860000 256.830000,684.770000 251.810000)
1	21	2058	608	1	1	163	163	0	29	189	0	0	U	45.557	19895.9	19924.9	LINESTRING(684.770000 251.810000,671.860000 256.830000)
1	22	608	609	1	1	89	89	0	16	96	1	0	Straight	0.0	19924.9	20020.9	LINESTRING(671.860000 256.830000,657.730000 262.070000)
1	23	609	618	1	1	82	82	0	15	95	1	0	U	45.557	20066.4	20161.4	LINESTRING(657.730000 262.070000,664.230000 256.110000)
1	24	618	609	1	1	82	82	0	15	95	0	0	U	45.557	20207.0	20222.0	LINESTRING(664.230000 256.110000,657.730000 262.070000)
1	25	609	1654	1	1	79	79	0	14	84	1	0	Straight	0.0	20222.0	20306.0	LINESTRING(657.730000 262.070000,638.500000 271.880000)
1	26	1654	1653	1	0	0	0	0	21	0	0	0	U	45.557	20351.5	20372.5	LINESTRING(638.500000 271.880000,665.810000 266.920000)
1	27	1653	1743	1	1	239	239	0	43	273	1	0	Straight	0.0	20372.5	20645.5	LINESTRING(665.810000 266.920000,673.300000 270.420000)
1	28	1743	966	1	1	92	92	0	17	107	1	0	Straight	0.0	20645.5	20752.5	LINESTRING(673.300000 270.420000,680.630000 272.550000)
1	29	966	1652	1	1	88	88	0	16	96	1	0	Straight	0.0	20752.5	20848.5	LINESTRING(680.630000 272.550000,686.920000 273.050000)
1	30	1652	2027	1	0	0	0	0	15	0	0	0	Left	11.389	20859.9	20874.9	LINESTRING(686.920000 273.050000,683.150000 285.810000)
1	31	2027	499	1	0	0	0	0	15	0	0	0	Straight	0.0	20874.9	20889.9	LINESTRING(683.150000 285.810000,679.920000 296.180000)
1	32	499	947	1	1	93	93	0	17	107	1	0	Right	5.695	20895.6	21002.6	LINESTRING(679.920000 296.180000,684.170000 302.750000)
1	33	947	1679	1	1	119	119	0	21	131	1	0	U	45.557	21048.2	21179.2	LINESTRING(684.170000 302.750000,682.150000 300.910000)
1	34	1679	1482	1	0	0	0	0	15	0	0	0	Straight	0.0	21179.2	21194.2	LINESTRING(682.150000 300.910000,680.230000 293.170000)
1	35	1482	559	1	1	78	78	0	14	84	1	0	Right	5.695	21199.9	21283.9	LINESTRING(680.230000 293.170000,673.290000 294.650000)
1	36	559	479	1	0	0	0	0	20	0	0	0	Right	5.695	21289.6	21309.6	LINESTRING(673.290000 294.650000,682.870000 305.320000)
1	37	479	481	1	0	0	0	0	52	0	0	0	Straight	0.0	21309.6	21361.6	LINESTRING(682.870000 305.320000,695.260000 308.710000)
1	38	481	510	1	1	96	96	0	17	107	1	0	Right	5.695	21367.2	21474.2	LINESTRING(695.260000 308.710000,690.000000 296.320000)
1	39	510	515	1	1	80	80	0	14	94	1	0	Left	11.389	21485.6	21579.6	LINESTRING(690.000000 296.320000,704.650000 294.360000)
1	40	515	530	1	1	250	250	0	45	295	1	0	Straight	0.0	21579.6	21874.6	LINESTRING(704.650000 294.360000,713.940000 292.550000)
1	41	530	964	1	1	62	62	0	11	71	1	0	Straight	0.0	21874.6	21945.6	LINESTRING(713.940000 292.550000,719.340000 291.520000)
1	42	964	530	1	1	62	62	0	11	71	0	0	U	45.557	21991.2	22002.2	LINESTRING(719.340000 291.520000,713.940000 292.550000)
1	43	530	509	1	0	0	0	0	15	0	0	0	Right	5.695	22007.9	22022.9	LINESTRING(713.940000 292.550000,719.390000 298.550000)
1	44	509	2154	1	1	45	45	0	8	48	1	0	Right	5.695	22028.6	22076.6	LINESTRING(719.390000 298.550000,725.040000 297.710000)
1	45	2154	509	1	1	45	45	0	8	48	0	0	U	45.557	22122.1	22130.1	LINESTRING(725.040000 297.710000,719.390000 298.550000)
1	46	509	508	1	1	260	260	0	47	307	1	0	Straight	0.0	22130.1	22437.1	LINESTRING(719.390000 298.550000,713.240000 299.770000)
1	47	508	482	1	1	82	82	0	15	95	1	0	Right	5.695	22442.8	22537.8	LINESTRING(713.240000 299.770000,719.110000 305.860000)
1	48	482	483	1	1	268	268	0	48	308	1	0	Right	5.695	22543.5	22851.5	LINESTRING(719.110000 305.860000,723.440000 304.640000)
1	49	483	476	1	0	0	0	0	15	0	0	0	Left	11.389	22862.9	22877.9	LINESTRING(723.440000 304.640000,727.510000 310.170000)
1	50	476	475	1	1	280	280	0	50	330	1	0	Left	11.389	22889.3	23219.3	LINESTRING(727.510000 310.170000,723.500000 311.860000)
1	51	475	2152	1	1	83	83	0	15	95	1	0	Right	5.695	23225.0	23320.0	LINESTRING(723.500000 311.860000,729.650000 315.720000)
1	52	2152	1970	1	1	289	289	0	52	332	1	0	Right	5.695	23325.7	23657.7	LINESTRING(729.650000 315.720000,733.280000 314.080000)
1	53	1970	913	1	0	0	0	0	15	0	0	0	Left	11.389	23669.1	23684.1	LINESTRING(733.280000 314.080000,737.160000 319.040000)
1	54	913	1806	1	1	298	298	0	54	344	1	0	Left	11.389	23695.5	24039.5	LINESTRING(737.160000 319.040000,733.230000 320.530000)
1	55	1806	2152	1	1	83	83	0	15	95	1	0	Left	11.389	24050.9	24145.9	LINESTRING(733.230000 320.530000,729.650000 315.720000)
1	56	2152	475	1	1	83	83	0	15	95	0	0	Straight	0.0	24145.9	24160.9	LINESTRING(729.650000 315.720000,723.500000 311.860000)
1	57	475	482	1	1	83	83	0	15	95	1	0	Straight	0.0	24160.9	24255.9	LINESTRING(723.500000 311.860000,719.110000 305.860000)
1	58	482	508	1	1	82	82	0	15	95	0	0	Straight	0.0	24255.9	24270.9	LINESTRING(719.110000 305.860000,713.240000 299.770000)
1	59	508	515	1	1	83	83	0	15	95	1	0	Straight	0.0	24270.9	24365.9	LINESTRING(713.240000 299.770000,704.650000 294.360000)
1	60	515	544	1	1	82	82	0	15	95	1	0	Left	11.389	24377.3	24472.3	LINESTRING(704.650000 294.360000,707.810000 286.320000)
1	61	544	545	1	1	238	238	0	43	273	1	0	Left	11.389	24483.6	24756.6	LINESTRING(707.810000 286.320000,713.500000 284.830000)
1	62	545	977	1	0	0	0	0	15	0	0	0	Right	5.695	24762.3	24777.3	LINESTRING(713.500000 284.830000,711.910000 276.560000)
1	63	977	1929	1	1	63	63	0	11	71	1	0	Left	11.389	24788.7	24859.7	LINESTRING(711.910000 276.560000,717.700000 275.900000)
1	64	1929	977	1	1	63	63	0	11	71	0	0	U	45.557	24905.3	24916.3	LINESTRING(717.700000 275.900000,711.910000 276.560000)
1	65	977	550	1	1	233	233	0	42	272	1	0	Straight	0.0	24916.3	25188.3	LINESTRING(711.910000 276.560000,706.980000 278.170000)
1	66	550	544	1	1	83	83	0	15	95	1	0	Right	5.695	25194.0	25289.0	LINESTRING(706.980000 278.170000,707.810000 286.320000)
1	67	544	550	1	1	83	83	0	15	95	0	0	U	45.557	25334.5	25349.5	LINESTRING(707.810000 286.320000,706.980000 278.170000)
1	68	550	1578	1	1	82	82	0	15	95	1	0	Straight	0.0	25349.5	25444.5	LINESTRING(706.980000 278.170000,702.710000 270.620000)
1	69	1578	991	1	1	232	232	0	42	272	1	0	Left	11.389	25455.9	25727.9	LINESTRING(702.710000 270.620000,707.160000 268.690000)
1	70	991	992	1	1	71	71	0	13	83	1	0	Straight	0.0	25727.9	25810.9	LINESTRING(707.160000 268.690000,712.540000 267.450000)
1	71	992	991	1	1	71	71	0	13	83	0	0	U	45.557	25856.5	25869.5	LINESTRING(712.540000 267.450000,707.160000 268.690000)
1	72	991	2075	1	0	0	0	0	15	0	0	0	Left	11.389	25880.9	25895.9	LINESTRING(707.160000 268.690000,699.800000 261.560000)
1	73	2075	2104	1	1	68	68	0	12	72	1	0	Left	11.389	25907.3	25979.3	LINESTRING(699.800000 261.560000,705.260000 260.910000)
1	74	2104	2075	1	1	68	68	0	12	72	0	0	U	45.557	26024.8	26036.8	LINESTRING(705.260000 260.910000,699.800000 261.560000)
1	75	2075	1853	1	1	231	231	0	41	271	1	0	Straight	0.0	26036.8	26307.8	LINESTRING(699.800000 261.560000,695.710000 264.060000)
1	76	1853	1578	1	1	83	83	0	15	95	1	0	Right	5.695	26313.5	26408.5	LINESTRING(695.710000 264.060000,702.710000 270.620000)
1	77	1578	1853	1	1	83	83	0	15	95	0	0	U	45.557	26454.1	26469.1	LINESTRING(702.710000 270.620000,695.710000 264.060000)
1	78	1853	1872	1	1	83	83	0	15	95	1	0	Straight	0.0	26469.1	26564.1	LINESTRING(695.710000 264.060000,686.130000 258.590000)
1	79	1872	602	1	1	228	228	0	41	261	1	0	Left	11.389	26575.5	26836.5	LINESTRING(686.130000 258.590000,690.550000 254.480000)
1	80	602	603	1	1	66	66	0	12	72	1	0	Straight	0.0	26836.5	26908.5	LINESTRING(690.550000 254.480000,695.840000 253.840000)
1	81	603	602	1	1	66	66	0	12	72	0	0	U	45.557	26954.0	26966.0	LINESTRING(695.840000 253.840000,690.550000 254.480000)
1	82	602	1021	1	0	0	0	0	15	0	0	0	Left	11.389	26977.4	26992.4	LINESTRING(690.550000 254.480000,681.460000 245.690000)
1	83	1021	1655	1	1	58	58	0	10	60	1	0	Left	11.389	27003.8	27063.8	LINESTRING(681.460000 245.690000,682.320000 240.830000)
1	84	1655	1021	1	1	58	58	0	10	60	0	0	U	45.557	27109.4	27119.4	LINESTRING(682.320000 240.830000,681.460000 245.690000)
1	85	1021	1020	1	1	228	228	0	41	261	1	0	Straight	0.0	27119.4	27380.4	LINESTRING(681.460000 245.690000,675.130000 254.310000)
1	86	1020	1872	1	1	81	81	0	15	95	1	0	Right	5.695	27386.0	27481.0	LINESTRING(675.130000 254.310000,686.130000 258.590000)
1	87	1872	1020	1	1	81	81	0	15	95	0	0	U	45.557	27526.6	27541.6	LINESTRING(686.130000 258.590000,675.130000 254.310000)
1	88	1020	1035	1	1	94	94	0	17	107	1	0	Straight	0.0	27541.6	27648.6	LINESTRING(675.130000 254.310000,660.820000 256.040000)
1	89	1035	1036	1	1	68	68	0	12	72	1	0	Left	11.389	27660.0	27732.0	LINESTRING(660.820000 256.040000,652.000000 244.400000)
1	90	1036	1035	1	1	68	68	0	12	72	0	0	U	45.557	27777.5	27789.5	LINESTRING(652.000000 244.400000,660.820000 256.040000)
1	91	1035	1393	1	1	81	81	0	15	95	1	0	Left	11.389	27800.9	27895.9	LINESTRING(660.820000 256.040000,656.580000 269.830000)
1	92	1393	995	1	1	150	150	0	27	177	1	0	Right	5.695	27901.6	28078.6	LINESTRING(656.580000 269.830000,664.980000 279.280000)
1	93	995	985	1	1	87	87	0	16	96	1	0	Straight	0.0	28078.6	28174.6	LINESTRING(664.980000 279.280000,673.940000 288.260000)
1	94	985	510	1	1	307	307	0	55	355	1	0	Straight	0.0	28174.6	28529.6	LINESTRING(673.940000 288.260000,690.000000 296.320000)
1	95	510	985	1	1	307	307	0	55	355	0	0	U	45.557	28575.2	28630.2	LINESTRING(690.000000 296.320000,673.940000 288.260000)
1	96	985	995	1	1	87	87	0	16	96	0	0	Straight	0.0	28630.2	28646.2	LINESTRING(673.940000 288.260000,664.980000 279.280000)
1	97	995	1393	1	1	150	150	0	27	177	0	0	Straight	0.0	28646.2	28673.2	LINESTRING(664.980000 279.280000,656.580000 269.830000)
1	98	1393	617	1	1	134	134	0	24	154	1	0	Right	5.695	28678.9	28832.9	LINESTRING(656.580000 269.830000,644.460000 275.320000)
1	99	617	1046	1	0	0	0	0	25	0	0	0	Straight	0.0	28832.9	28857.9	LINESTRING(644.460000 275.320000,622.630000 269.300000)
1	100	1046	693	0	0	0	0	0	34	0	0	0	Right	5.695	28863.6	28897.6	LINESTRING(622.630000 269.300000,605.140000 281.850000)
1	101	693	694	0	0	0	0	0	69	0	0	0	Straight	0.0	28897.6	28966.6	LINESTRING(605.140000 281.850000,568.380000 300.600000)
1	102	694	1089	0	0	0	0	0	5	0	0	0	Straight	0.0	28966.6	28971.6	LINESTRING(568.380000 300.600000,537.710000 299.310000)
1	103	1089	1096	0	0	0	0	0	9	0	0	0	Straight	0.0	28971.6	28980.6	LINESTRING(537.710000 299.310000,521.480000 285.320000)
1	104	1096	1097	0	0	0	0	0	6	0	0	0	Straight	0.0	28980.6	28986.6	LINESTRING(521.480000 285.320000,506.660000 275.680000)
1	105	1097	711	1	0	0	0	0	9	0	0	0	Straight	0.0	28986.6	28995.6	LINESTRING(506.660000 275.680000,489.800000 266.860000)
1	106	711	1084	0	0	0	0	0	7	0	0	0	Straight	0.0	28995.6	29002.6	LINESTRING(489.800000 266.860000,472.410000 259.170000)
1	107	1084	1083	1	0	0	0	0	544	0	0	0	Straight	0.0	29002.6	29546.6	LINESTRING(472.410000 259.170000,446.000000 251.770000)
2	0	1083	1083	-1	-1	0	0	0	0	0	0	300		0.0	29546.6	29846.6	LINESTRING(446.000000 251.770000,446.000000 251.770000)
