Problem Type	Solution Method	Vehicle Capacity (Weight)	Vehicle Capacity(Volume)	Disposal Trips	Route Time	Route Time wo Turns	Computational Time(Sec)	Clustering Time(Sec)	VA(NHO)	VA(ATD)	VA(CCI)	VA(DMT)	VA(ROI)	VA(AOI)	Optimal
MCARPTIF-TP	Full MILP	10000	10000	2	29038.8	26283	7201.03	0	0.499931	2128.79	1.1875	61396	1.24387	0.19764	0
Load No	Sequence No	From Node ID	To Node ID	IsEdge	Required	Weight	Volume	Travel Miles	Travel Time	Service Time	Served	Dumped	Turn Type	Turn Cost	Depart Time	Arrival Time	Shape
0	0	2277	922	1	0	0	0	0	91	0	0	300		0.0	300.0	391.0	LINESTRING(360.380000 280.330000,363.400000 284.320000)
0	1	922	923	1	0	0	0	0	20	0	0	0	Straight	0.0	391.0	411.0	LINESTRING(363.400000 284.320000,367.720000 288.770000)
0	2	923	2011	1	0	0	0	0	100	0	0	0	Straight	0.0	411.0	511.0	LINESTRING(367.720000 288.770000,372.780000 294.490000)
0	3	2011	1004	1	0	0	0	0	249	0	0	0	Straight	0.0	511.0	760.0	LINESTRING(372.780000 294.490000,378.590000 301.430000)
0	4	1004	1528	1	0	0	0	0	24	0	0	0	Straight	0.0	760.0	784.0	LINESTRING(378.590000 301.430000,385.690000 307.890000)
0	5	1528	611	0	0	0	0	0	16	0	0	0	Straight	0.0	784.0	800.0	LINESTRING(385.690000 307.890000,386.970000 314.450000)
0	6	611	610	1	0	0	0	0	13	0	0	0	Straight	0.0	800.0	813.0	LINESTRING(386.970000 314.450000,383.270000 322.520000)
0	7	610	951	1	0	0	0	0	5	0	0	0	Straight	0.0	813.0	818.0	LINESTRING(383.270000 322.520000,362.600000 336.160000)
0	8	951	561	1	0	0	0	0	65	0	0	0	Straight	0.0	818.0	883.0	LINESTRING(362.600000 336.160000,341.600000 352.600000)
0	9	561	900	1	0	0	0	0	83	0	0	0	Straight	0.0	883.0	966.0	LINESTRING(341.600000 352.600000,313.770000 368.790000)
0	10	900	1553	1	0	0	0	0	42	0	0	0	Straight	0.0	966.0	1008.0	LINESTRING(313.770000 368.790000,285.870000 384.490000)
0	11	1553	2313	1	0	0	0	0	55	0	0	0	Straight	0.0	1008.0	1063.0	LINESTRING(285.870000 384.490000,258.180000 400.590000)
0	12	2313	1965	1	0	0	0	0	155	0	0	0	Straight	0.0	1063.0	1218.0	LINESTRING(258.180000 400.590000,235.220000 422.080000)
0	13	1965	2192	1	1	358	358	0	64	414	1	0	U	57.264	1275.26	1689.26	LINESTRING(235.220000 422.080000,236.690000 418.620000)
0	14	2192	1965	1	1	358	358	0	64	414	0	0	U	57.264	1746.53	1810.53	LINESTRING(236.690000 418.620000,235.220000 422.080000)
0	15	1965	1625	1	1	161	161	0	29	189	0	0	U	57.264	1867.79	1896.79	LINESTRING(235.220000 422.080000,238.330000 396.480000)
0	16	1625	590	0	1	34	34	0	6	36	1	0	Straight	0.0	1896.79	1932.79	LINESTRING(238.330000 396.480000,241.200000 373.740000)
0	17	590	591	1	1	212	212	0	38	248	1	0	Straight	0.0	1932.79	2180.79	LINESTRING(241.200000 373.740000,243.650000 348.460000)
0	18	591	2151	0	1	25	25	0	4	24	1	0	Straight	0.0	2180.79	2204.79	LINESTRING(243.650000 348.460000,253.080000 337.090000)
0	19	2151	613	1	1	117	117	0	21	131	1	0	Straight	0.0	2204.79	2335.79	LINESTRING(253.080000 337.090000,255.610000 327.620000)
0	20	613	620	0	1	79	79	0	14	84	1	0	Straight	0.0	2335.79	2419.79	LINESTRING(255.610000 327.620000,259.620000 321.000000)
0	21	620	588	1	1	128	128	0	23	143	0	0	Straight	0.0	2419.79	2442.79	LINESTRING(259.620000 321.000000,264.290000 316.740000)
0	22	588	2261	1	1	72	72	0	13	83	0	0	Straight	0.0	2442.79	2455.79	LINESTRING(264.290000 316.740000,264.620000 312.080000)
0	23	2261	588	1	1	72	72	0	13	83	1	0	U	57.264	2513.06	2596.06	LINESTRING(264.620000 312.080000,264.290000 316.740000)
0	24	588	589	1	1	28	28	0	5	25	1	0	Right	7.158	2603.21	2628.21	LINESTRING(264.290000 316.740000,267.870000 314.570000)
0	25	589	588	1	1	28	28	0	5	25	0	0	U	57.264	2685.48	2690.48	LINESTRING(267.870000 314.570000,264.290000 316.740000)
0	26	588	620	1	1	128	128	0	23	143	1	0	Straight	0.0	2690.48	2833.48	LINESTRING(264.290000 316.740000,259.620000 321.000000)
0	27	620	1884	0	1	28	28	0	5	25	1	0	Left	14.316	2847.79	2872.79	LINESTRING(259.620000 321.000000,258.020000 315.870000)
0	28	1884	629	1	1	70	70	0	13	83	1	0	Straight	0.0	2872.79	2955.79	LINESTRING(258.020000 315.870000,259.130000 309.090000)
0	29	629	962	1	1	74	74	0	13	83	0	0	Straight	0.0	2955.79	2968.79	LINESTRING(259.130000 309.090000,256.870000 305.310000)
0	30	962	629	1	1	74	74	0	13	83	1	0	U	57.264	3026.06	3109.06	LINESTRING(256.870000 305.310000,259.130000 309.090000)
0	31	629	630	1	1	59	59	0	11	61	0	0	Right	7.158	3116.22	3127.22	LINESTRING(259.130000 309.090000,261.190000 304.830000)
0	32	630	629	1	1	59	59	0	11	61	1	0	U	57.264	3184.48	3245.48	LINESTRING(261.190000 304.830000,259.130000 309.090000)
0	33	629	1884	1	1	70	70	0	13	83	0	0	Straight	0.0	3245.48	3258.48	LINESTRING(259.130000 309.090000,258.020000 315.870000)
0	34	1884	614	0	1	36	36	0	7	37	1	0	Straight	0.0	3258.48	3295.48	LINESTRING(258.020000 315.870000,255.650000 321.270000)
0	35	614	958	1	1	132	132	0	24	154	1	0	Left	14.316	3309.8	3463.8	LINESTRING(255.650000 321.270000,252.560000 318.640000)
0	36	958	614	1	1	132	132	0	24	154	0	0	U	57.264	3521.06	3545.06	LINESTRING(252.560000 318.640000,255.650000 321.270000)
0	37	614	613	0	1	32	32	0	6	36	1	0	Left	14.316	3559.38	3595.38	LINESTRING(255.650000 321.270000,255.610000 327.620000)
0	38	613	2151	1	1	117	117	0	21	131	0	0	Straight	0.0	3595.38	3616.38	LINESTRING(255.610000 327.620000,253.080000 337.090000)
0	39	2151	1687	0	1	19	19	0	3	13	1	0	U	57.264	3673.64	3686.64	LINESTRING(253.080000 337.090000,263.280000 331.000000)
0	40	1687	925	1	1	108	108	0	19	119	1	0	Left	14.316	3700.96	3819.96	LINESTRING(263.280000 331.000000,283.040000 336.760000)
0	41	925	820	1	1	664	664	0	120	780	1	0	Straight	0.0	3819.96	4599.96	LINESTRING(283.040000 336.760000,302.800000 343.060000)
0	42	820	1753	1	1	88	88	0	16	96	1	0	Straight	0.0	4599.96	4695.96	LINESTRING(302.800000 343.060000,322.810000 349.830000)
0	43	1753	420	1	1	15	15	0	3	13	1	0	Straight	0.0	4695.96	4708.96	LINESTRING(322.810000 349.830000,341.770000 358.890000)
0	44	420	1752	1	1	71	71	0	13	83	1	0	Straight	0.0	4708.96	4791.96	LINESTRING(341.770000 358.890000,362.670000 372.890000)
0	45	1752	1820	1	1	206	206	0	37	237	1	0	Straight	0.0	4791.96	5028.96	LINESTRING(362.670000 372.890000,383.950000 386.980000)
0	46	1820	777	1	1	332	332	0	60	390	0	0	Straight	0.0	5028.96	5088.96	LINESTRING(383.950000 386.980000,405.630000 390.460000)
0	47	777	1669	1	0	0	0	0	20	0	0	0	Straight	0.0	5088.96	5108.96	LINESTRING(405.630000 390.460000,411.610000 395.900000)
0	48	1669	2054	1	1	114	114	0	20	130	1	0	Straight	0.0	5108.96	5238.96	LINESTRING(411.610000 395.900000,413.530000 399.950000)
0	49	2054	751	1	1	210	210	0	38	248	1	0	Left	14.316	5253.27	5501.27	LINESTRING(413.530000 399.950000,407.730000 399.360000)
0	50	751	350	1	0	0	0	0	10	0	0	0	Right	7.158	5508.43	5518.43	LINESTRING(407.730000 399.360000,406.630000 404.260000)
0	51	350	332	1	1	210	210	0	38	248	1	0	Right	7.158	5525.59	5773.59	LINESTRING(406.630000 404.260000,411.390000 407.220000)
0	52	332	336	1	1	113	113	0	20	130	1	0	Straight	0.0	5773.59	5903.59	LINESTRING(411.390000 407.220000,413.130000 411.390000)
0	53	336	2136	1	1	89	89	0	16	96	0	0	Left	14.316	5917.9	5933.9	LINESTRING(413.130000 411.390000,410.690000 413.820000)
0	54	2136	336	1	1	89	89	0	16	96	1	0	U	57.264	5991.17	6087.17	LINESTRING(410.690000 413.820000,413.130000 411.390000)
0	55	336	1702	1	1	115	115	0	21	131	1	0	Left	14.316	6101.48	6232.48	LINESTRING(413.130000 411.390000,416.950000 413.640000)
0	56	1702	294	1	1	110	110	0	20	130	1	0	Straight	0.0	6232.48	6362.48	LINESTRING(416.950000 413.640000,419.430000 418.970000)
0	57	294	270	1	1	204	204	0	37	237	1	0	Straight	0.0	6362.48	6599.48	LINESTRING(419.430000 418.970000,418.220000 427.460000)
0	58	270	277	1	1	268	268	0	48	308	1	0	Straight	0.0	6599.48	6907.48	LINESTRING(418.220000 427.460000,415.840000 436.420000)
0	59	277	278	1	1	150	150	0	27	177	1	0	Left	14.316	6921.8	7098.8	LINESTRING(415.840000 436.420000,403.650000 429.840000)
0	60	278	295	1	0	0	0	0	23	0	0	0	Straight	0.0	7098.8	7121.8	LINESTRING(403.650000 429.840000,401.720000 425.700000)
0	61	295	729	1	1	240	240	0	43	283	1	0	Right	7.158	7128.96	7411.96	LINESTRING(401.720000 425.700000,398.030000 427.820000)
0	62	729	2309	1	1	49	49	0	9	49	0	0	Right	7.158	7419.12	7428.12	LINESTRING(398.030000 427.820000,397.570000 432.400000)
0	63	2309	729	1	1	49	49	0	9	49	1	0	U	57.264	7485.38	7534.38	LINESTRING(397.570000 432.400000,398.030000 427.820000)
0	64	729	347	1	1	70	70	0	13	83	1	0	Straight	0.0	7534.38	7617.38	LINESTRING(398.030000 427.820000,395.910000 423.100000)
0	65	347	348	1	1	22	22	0	4	24	0	0	Right	7.158	7624.54	7628.54	LINESTRING(395.910000 423.100000,393.230000 426.870000)
0	66	348	347	1	1	22	22	0	4	24	1	0	U	57.264	7685.8	7709.8	LINESTRING(393.230000 426.870000,395.910000 423.100000)
0	67	347	733	1	1	77	77	0	14	84	1	0	Straight	0.0	7709.8	7793.8	LINESTRING(395.910000 423.100000,396.360000 416.740000)
0	68	733	2046	1	1	308	308	0	55	355	1	0	Left	14.316	7808.12	8163.12	LINESTRING(396.360000 416.740000,402.240000 419.920000)
0	69	2046	292	1	0	0	0	0	33	0	0	0	Straight	0.0	8163.12	8196.12	LINESTRING(402.240000 419.920000,408.570000 418.190000)
0	70	292	270	1	1	157	157	0	28	178	1	0	Left	14.316	8210.43	8388.43	LINESTRING(408.570000 418.190000,418.220000 427.460000)
0	71	270	269	1	1	95	95	0	17	107	1	0	Straight	0.0	8388.43	8495.43	LINESTRING(418.220000 427.460000,428.780000 435.510000)
0	72	269	248	1	1	107	107	0	19	119	1	0	Straight	0.0	8495.43	8614.43	LINESTRING(428.780000 435.510000,434.630000 448.990000)
0	73	248	246	1	0	0	0	0	26	0	0	0	Straight	0.0	8614.43	8640.43	LINESTRING(434.630000 448.990000,440.250000 464.170000)
0	74	246	243	1	0	0	0	0	32	0	0	0	Straight	0.0	8640.43	8672.43	LINESTRING(440.250000 464.170000,442.080000 481.680000)
0	75	243	221	1	0	0	0	0	10	0	0	0	Straight	0.0	8672.43	8682.43	LINESTRING(442.080000 481.680000,438.140000 503.310000)
0	76	221	597	1	0	0	0	0	10	0	0	0	Right	7.158	8689.59	8699.59	LINESTRING(438.140000 503.310000,448.200000 514.650000)
0	77	597	572	1	1	128	128	0	23	143	1	0	Right	7.158	8706.75	8849.75	LINESTRING(448.200000 514.650000,458.050000 509.090000)
0	78	572	198	1	0	0	0	0	23	0	0	0	Straight	0.0	8849.75	8872.75	LINESTRING(458.050000 509.090000,466.230000 501.300000)
0	79	198	190	1	0	0	0	0	20	0	0	0	Left	14.316	8887.07	8907.07	LINESTRING(466.230000 501.300000,474.310000 509.010000)
0	80	190	172	1	0	0	0	0	26	0	0	0	Straight	0.0	8907.07	8933.07	LINESTRING(474.310000 509.010000,480.730000 517.610000)
0	81	172	525	1	0	0	0	0	25	0	0	0	Straight	0.0	8933.07	8958.07	LINESTRING(480.730000 517.610000,485.630000 527.700000)
0	82	525	1530	1	0	0	0	0	26	0	0	0	Straight	0.0	8958.07	8984.07	LINESTRING(485.630000 527.700000,490.010000 537.450000)
0	83	1530	149	1	0	0	0	0	26	0	0	0	Straight	0.0	8984.07	9010.07	LINESTRING(490.010000 537.450000,490.870000 547.690000)
0	84	149	480	1	0	0	0	0	51	0	0	0	Straight	0.0	9010.07	9061.07	LINESTRING(490.870000 547.690000,490.990000 555.560000)
0	85	480	481	1	0	0	0	0	26	0	0	0	Right	7.158	9068.22	9094.22	LINESTRING(490.990000 555.560000,498.310000 557.620000)
0	86	481	430	1	1	146	146	0	26	166	1	0	Straight	0.0	9094.22	9260.22	LINESTRING(498.310000 557.620000,505.260000 556.290000)
0	87	430	114	1	1	151	151	0	27	177	1	0	Straight	0.0	9260.22	9437.22	LINESTRING(505.260000 556.290000,510.940000 552.990000)
0	88	114	445	1	1	396	396	0	71	461	1	0	Right	7.158	9444.38	9905.38	LINESTRING(510.940000 552.990000,510.370000 545.070000)
0	89	445	446	1	1	146	146	0	26	166	1	0	Left	14.316	9919.7	10085.7	LINESTRING(510.370000 545.070000,516.480000 545.890000)
0	90	446	1176	1	1	141	141	0	25	165	1	0	Straight	0.0	10085.7	10250.7	LINESTRING(516.480000 545.890000,521.860000 543.300000)
0	91	1176	1177	1	1	395	395	0	71	461	1	0	Left	14.316	10265.0	10726.0	LINESTRING(521.860000 543.300000,524.780000 547.420000)
0	92	1177	102	1	1	12	12	0	2	12	1	0	Right	7.158	10733.2	10745.2	LINESTRING(524.780000 547.420000,528.690000 544.160000)
0	93	102	103	1	1	192	192	0	35	225	1	0	Right	7.158	10752.3	10977.3	LINESTRING(528.690000 544.160000,527.730000 539.650000)
0	94	103	2133	1	1	347	347	0	62	402	1	0	Straight	0.0	10977.3	11379.3	LINESTRING(527.730000 539.650000,527.640000 536.540000)
0	95	2133	1171	1	1	235	235	0	42	272	1	0	Right	7.158	11386.5	11658.5	LINESTRING(527.640000 536.540000,523.040000 537.340000)
0	96	1171	1176	1	1	142	142	0	26	166	1	0	Right	7.158	11665.6	11831.6	LINESTRING(523.040000 537.340000,521.860000 543.300000)
0	97	1176	446	1	1	141	141	0	25	165	0	0	Left	14.316	11846.0	11871.0	LINESTRING(521.860000 543.300000,516.480000 545.890000)
0	98	446	105	1	1	434	434	0	78	508	1	0	Right	7.158	11878.1	12386.1	LINESTRING(516.480000 545.890000,516.200000 550.720000)
0	99	105	106	1	0	0	0	0	14	0	0	0	Right	7.158	12393.3	12407.3	LINESTRING(516.200000 550.720000,521.010000 552.320000)
0	100	106	1177	1	1	122	122	0	22	142	1	0	Right	7.158	12414.4	12556.4	LINESTRING(521.010000 552.320000,524.780000 547.420000)
0	101	1177	102	1	1	12	12	0	2	12	0	0	Straight	0.0	12556.4	12558.4	LINESTRING(524.780000 547.420000,528.690000 544.160000)
0	102	102	103	1	1	192	192	0	35	225	0	0	Right	7.158	12565.6	12600.6	LINESTRING(528.690000 544.160000,527.730000 539.650000)
0	103	103	1171	1	1	252	252	0	45	295	1	0	Right	7.158	12607.8	12902.8	LINESTRING(527.730000 539.650000,523.040000 537.340000)
0	104	1171	1715	1	1	139	139	0	25	155	1	0	Straight	0.0	12902.8	13057.8	LINESTRING(523.040000 537.340000,516.940000 532.520000)
0	105	1715	1409	1	1	178	178	0	32	202	1	0	Straight	0.0	13057.8	13259.8	LINESTRING(516.940000 532.520000,514.130000 525.050000)
0	106	1409	1402	1	1	74	74	0	13	83	1	0	Straight	0.0	13259.8	13342.8	LINESTRING(514.130000 525.050000,516.430000 514.670000)
0	107	1402	1400	1	1	131	131	0	24	154	1	0	Left	14.316	13357.1	13511.1	LINESTRING(516.430000 514.670000,522.790000 513.510000)
0	108	1400	1401	1	1	259	259	0	47	297	0	0	Straight	0.0	13511.1	13558.1	LINESTRING(522.790000 513.510000,526.710000 510.720000)
0	109	1401	1400	1	1	259	259	0	47	297	1	0	U	57.264	13615.3	13912.3	LINESTRING(526.710000 510.720000,522.790000 513.510000)
0	110	1400	2122	1	1	72	72	0	13	83	0	0	Right	7.158	13919.5	13932.5	LINESTRING(522.790000 513.510000,527.170000 514.730000)
0	111	2122	1400	1	1	72	72	0	13	83	1	0	U	57.264	13989.8	14072.8	LINESTRING(527.170000 514.730000,522.790000 513.510000)
0	112	1400	1402	1	1	131	131	0	24	154	0	0	Straight	0.0	14072.8	14096.8	LINESTRING(522.790000 513.510000,516.430000 514.670000)
0	113	1402	1670	1	1	35	35	0	6	36	1	0	Left	14.316	14111.1	14147.1	LINESTRING(516.430000 514.670000,514.080000 504.690000)
0	114	1670	1160	1	1	181	181	0	33	213	1	0	Straight	0.0	14147.1	14360.1	LINESTRING(514.080000 504.690000,521.430000 492.300000)
0	115	1160	1159	1	0	0	0	0	54	0	0	0	Left	14.316	14374.4	14428.4	LINESTRING(521.430000 492.300000,539.710000 492.950000)
0	116	1159	1174	0	0	0	0	0	9	0	0	0	Straight	0.0	14428.4	14437.4	LINESTRING(539.710000 492.950000,553.710000 499.300000)
0	117	1174	1175	0	1	4	4	0	1	1	0	0	Straight	0.0	14437.4	14438.4	LINESTRING(553.710000 499.300000,564.220000 513.380000)
0	118	1175	1169	0	0	0	0	0	49	0	0	0	Straight	0.0	14438.4	14487.4	LINESTRING(564.220000 513.380000,567.250000 533.080000)
0	119	1169	1170	0	0	0	0	0	8	0	0	0	Right	7.158	14494.5	14502.5	LINESTRING(567.250000 533.080000,577.940000 535.120000)
0	120	1170	1390	0	0	0	0	0	1	0	0	0	Straight	0.0	14502.5	14503.5	LINESTRING(577.940000 535.120000,590.940000 538.410000)
0	121	1390	1168	0	0	0	0	0	6	0	0	0	Left	14.316	14517.9	14523.9	LINESTRING(590.940000 538.410000,595.630000 547.920000)
0	122	1168	1163	0	0	0	0	0	3	0	0	0	Straight	0.0	14523.9	14526.9	LINESTRING(595.630000 547.920000,604.200000 555.860000)
0	123	1163	1164	0	0	0	0	0	7	0	0	0	Straight	0.0	14526.9	14533.9	LINESTRING(604.200000 555.860000,616.380000 560.090000)
0	124	1164	1980	0	0	0	0	0	47	0	0	0	Straight	0.0	14533.9	14580.9	LINESTRING(616.380000 560.090000,635.720000 561.930000)
0	125	1980	1306	0	0	0	0	0	154	0	0	0	Straight	0.0	14580.9	14734.9	LINESTRING(635.720000 561.930000,654.820000 566.300000)
0	126	1306	1307	0	0	0	0	0	37	0	0	0	Right	7.158	14742.0	14779.0	LINESTRING(654.820000 566.300000,667.430000 553.850000)
0	127	1307	1732	0	0	0	0	0	18	0	0	0	Straight	0.0	14779.0	14797.0	LINESTRING(667.430000 553.850000,676.830000 553.640000)
0	128	1732	1508	0	0	0	0	0	24	0	0	0	Right	7.158	14804.2	14828.2	LINESTRING(676.830000 553.640000,679.330000 550.700000)
1	0	1508	1509	0	0	0	0	0	23	0	0	300		0.0	15128.2	15151.2	LINESTRING(679.330000 550.700000,677.610000 547.310000)
1	1	1509	1507	0	0	0	0	0	18	0	0	0	Straight	0.0	15151.2	15169.2	LINESTRING(677.610000 547.310000,676.530000 540.560000)
1	2	1507	1846	1	0	0	0	0	76	0	0	0	Left	14.316	15183.5	15259.5	LINESTRING(676.530000 540.560000,696.470000 524.120000)
1	3	1846	1492	1	0	0	0	0	62	0	0	0	Straight	0.0	15259.5	15321.5	LINESTRING(696.470000 524.120000,698.310000 510.220000)
1	4	1492	1279	1	0	0	0	0	37	0	0	0	Left	14.316	15335.8	15372.8	LINESTRING(698.310000 510.220000,713.920000 502.410000)
1	5	1279	1280	1	0	0	0	0	22	0	0	0	Straight	0.0	15372.8	15394.8	LINESTRING(713.920000 502.410000,723.330000 493.370000)
1	6	1280	1807	1	1	74	74	0	13	83	0	0	Straight	0.0	15394.8	15407.8	LINESTRING(723.330000 493.370000,726.180000 484.820000)
1	7	1807	1481	1	1	30	30	0	5	35	1	0	Straight	0.0	15407.8	15442.8	LINESTRING(726.180000 484.820000,727.440000 477.920000)
1	8	1481	2185	1	1	60	60	0	11	71	0	0	Straight	0.0	15442.8	15453.8	LINESTRING(727.440000 477.920000,725.660000 474.020000)
1	9	2185	1481	1	1	60	60	0	11	71	1	0	U	57.264	15511.1	15582.1	LINESTRING(725.660000 474.020000,727.440000 477.920000)
1	10	1481	1278	1	1	54	54	0	10	60	1	0	Right	7.158	15589.2	15649.2	LINESTRING(727.440000 477.920000,731.740000 473.150000)
1	11	1278	2348	1	1	60	60	0	11	71	0	0	Straight	0.0	15649.2	15660.2	LINESTRING(731.740000 473.150000,734.880000 469.410000)
1	12	2348	1278	1	1	60	60	0	11	71	1	0	U	57.264	15717.5	15788.5	LINESTRING(734.880000 469.410000,731.740000 473.150000)
1	13	1278	1277	1	1	289	289	0	52	332	1	0	Right	7.158	15795.7	16127.7	LINESTRING(731.740000 473.150000,732.830000 476.310000)
1	14	1277	1671	1	1	59	59	0	11	61	0	0	Right	7.158	16134.8	16145.8	LINESTRING(732.830000 476.310000,737.420000 474.270000)
1	15	1671	1277	1	1	59	59	0	11	61	1	0	U	57.264	16203.1	16264.1	LINESTRING(737.420000 474.270000,732.830000 476.310000)
1	16	1277	1527	1	1	79	79	0	14	84	1	0	Straight	0.0	16264.1	16348.1	LINESTRING(732.830000 476.310000,729.410000 480.140000)
1	17	1527	1526	1	1	47	47	0	8	48	0	0	Left	14.316	16362.4	16370.4	LINESTRING(729.410000 480.140000,729.130000 476.210000)
1	18	1526	1527	1	1	47	47	0	8	48	1	0	U	57.264	16427.7	16475.7	LINESTRING(729.130000 476.210000,729.410000 480.140000)
1	19	1527	1807	1	1	191	191	0	34	224	1	0	Straight	0.0	16475.7	16699.7	LINESTRING(729.410000 480.140000,726.180000 484.820000)
1	20	1807	1280	1	1	74	74	0	13	83	1	0	Straight	0.0	16699.7	16782.7	LINESTRING(726.180000 484.820000,723.330000 493.370000)
1	21	1280	1926	1	0	0	0	0	33	0	0	0	Right	7.158	16789.8	16822.8	LINESTRING(723.330000 493.370000,732.690000 489.570000)
1	22	1926	1267	1	0	0	0	0	11	0	0	0	Straight	0.0	16822.8	16833.8	LINESTRING(732.690000 489.570000,741.560000 485.630000)
1	23	1267	1806	1	0	0	0	0	10	0	0	0	Straight	0.0	16833.8	16843.8	LINESTRING(741.560000 485.630000,749.450000 482.340000)
1	24	1806	1262	1	0	0	0	0	10	0	0	0	Straight	0.0	16843.8	16853.8	LINESTRING(749.450000 482.340000,756.950000 481.730000)
1	25	1262	1263	1	1	56	56	0	10	60	1	0	Straight	0.0	16853.8	16913.8	LINESTRING(756.950000 481.730000,762.500000 484.820000)
1	26	1263	1564	1	1	73	73	0	13	83	0	0	Right	7.158	16921.0	16934.0	LINESTRING(762.500000 484.820000,767.460000 482.990000)
1	27	1564	1263	1	1	73	73	0	13	83	1	0	U	57.264	16991.2	17074.2	LINESTRING(767.460000 482.990000,762.500000 484.820000)
1	28	1263	1467	1	1	354	354	0	64	414	1	0	Right	7.158	17081.4	17495.4	LINESTRING(762.500000 484.820000,761.570000 490.830000)
1	29	1467	1915	1	1	73	73	0	13	83	0	0	Right	7.158	17502.5	17515.5	LINESTRING(761.570000 490.830000,767.000000 490.550000)
1	30	1915	1467	1	1	73	73	0	13	83	1	0	U	57.264	17572.8	17655.8	LINESTRING(767.000000 490.550000,761.570000 490.830000)
1	31	1467	1845	1	1	56	56	0	10	60	1	0	Straight	0.0	17655.8	17715.8	LINESTRING(761.570000 490.830000,756.180000 496.540000)
1	32	1845	2061	1	1	73	73	0	13	83	0	0	Right	7.158	17723.0	17736.0	LINESTRING(756.180000 496.540000,760.310000 499.600000)
1	33	2061	1845	1	1	73	73	0	13	83	1	0	U	57.264	17793.2	17876.2	LINESTRING(760.310000 499.600000,756.180000 496.540000)
1	34	1845	1570	1	1	56	56	0	10	60	1	0	Right	7.158	17883.4	17943.4	LINESTRING(756.180000 496.540000,748.040000 499.480000)
1	35	1570	2362	1	1	73	73	0	13	83	0	0	Right	7.158	17950.6	17963.6	LINESTRING(748.040000 499.480000,751.980000 502.060000)
1	36	2362	1570	1	1	73	73	0	13	83	1	0	U	57.264	18020.8	18103.8	LINESTRING(751.980000 502.060000,748.040000 499.480000)
1	37	1570	1479	1	1	55	55	0	10	60	1	0	Straight	0.0	18103.8	18163.8	LINESTRING(748.040000 499.480000,737.860000 500.630000)
1	38	1479	1808	1	1	73	73	0	13	83	0	0	U	57.264	18221.1	18234.1	LINESTRING(737.860000 500.630000,742.220000 501.320000)
1	39	1808	1479	1	1	73	73	0	13	83	1	0	U	57.264	18291.3	18374.3	LINESTRING(742.220000 501.320000,737.860000 500.630000)
1	40	1479	1480	1	1	40	40	0	7	47	1	0	Straight	0.0	18374.3	18421.3	LINESTRING(737.860000 500.630000,726.240000 501.640000)
1	41	1480	1279	1	1	54	54	0	10	60	1	0	Straight	0.0	18421.3	18481.3	LINESTRING(726.240000 501.640000,713.920000 502.410000)
1	42	1279	1617	1	1	66	66	0	12	72	0	0	Straight	0.0	18481.3	18493.3	LINESTRING(713.920000 502.410000,710.790000 499.890000)
1	43	1617	1477	1	1	135	135	0	24	154	1	0	Right	7.158	18500.5	18654.5	LINESTRING(710.790000 499.890000,708.830000 501.720000)
1	44	1477	1569	1	1	59	59	0	11	61	0	0	Right	7.158	18661.7	18672.7	LINESTRING(708.830000 501.720000,709.900000 505.540000)
1	45	1569	1477	1	1	59	59	0	11	61	1	0	U	57.264	18729.9	18790.9	LINESTRING(709.900000 505.540000,708.830000 501.720000)
1	46	1477	1478	1	1	296	296	0	53	343	1	0	Straight	0.0	18790.9	19133.9	LINESTRING(708.830000 501.720000,708.270000 497.540000)
1	47	1478	2267	1	1	59	59	0	11	61	0	0	Straight	0.0	19133.9	19144.9	LINESTRING(708.270000 497.540000,709.500000 493.640000)
1	48	2267	1478	1	1	59	59	0	11	61	1	0	U	57.264	19202.2	19263.2	LINESTRING(709.500000 493.640000,708.270000 497.540000)
1	49	1478	1617	1	1	158	158	0	28	178	1	0	Right	7.158	19270.3	19448.3	LINESTRING(708.270000 497.540000,710.790000 499.890000)
1	50	1617	1279	1	1	66	66	0	12	72	1	0	Straight	0.0	19448.3	19520.3	LINESTRING(710.790000 499.890000,713.920000 502.410000)
1	51	1279	1480	1	1	54	54	0	10	60	0	0	Straight	0.0	19520.3	19530.3	LINESTRING(713.920000 502.410000,726.240000 501.640000)
1	52	1480	2135	1	1	72	72	0	13	83	0	0	Straight	0.0	19530.3	19543.3	LINESTRING(726.240000 501.640000,730.120000 502.430000)
1	53	2135	1480	1	1	72	72	0	13	83	1	0	U	57.264	19600.6	19683.6	LINESTRING(730.120000 502.430000,726.240000 501.640000)
1	54	1480	1279	1	1	54	54	0	10	60	0	0	Straight	0.0	19683.6	19693.6	LINESTRING(726.240000 501.640000,713.920000 502.410000)
1	55	1279	1492	1	0	0	0	0	37	0	0	0	Straight	0.0	19693.6	19730.6	LINESTRING(713.920000 502.410000,698.310000 510.220000)
1	56	1492	1491	1	0	0	0	0	28	0	0	0	Straight	0.0	19730.6	19758.6	LINESTRING(698.310000 510.220000,683.710000 508.240000)
1	57	1491	2100	1	0	0	0	0	93	0	0	0	Straight	0.0	19758.6	19851.6	LINESTRING(683.710000 508.240000,668.950000 506.670000)
1	58	2100	1157	1	0	0	0	0	33	0	0	0	Straight	0.0	19851.6	19884.6	LINESTRING(668.950000 506.670000,646.850000 500.850000)
1	59	1157	1394	1	1	358	358	0	65	415	1	0	Straight	0.0	19884.6	20299.6	LINESTRING(646.850000 500.850000,620.210000 487.490000)
1	60	1394	1398	1	1	80	80	0	14	94	1	0	Right	7.158	20306.8	20400.8	LINESTRING(620.210000 487.490000,606.000000 503.990000)
1	61	1398	1399	0	1	265	265	0	48	308	1	0	Straight	0.0	20400.8	20708.8	LINESTRING(606.000000 503.990000,588.790000 516.590000)
1	62	1399	1170	0	0	0	0	0	2	0	0	0	Straight	0.0	20708.8	20710.8	LINESTRING(588.790000 516.590000,577.940000 535.120000)
1	63	1170	1390	0	0	0	0	0	1	0	0	0	Right	7.158	20717.9	20718.9	LINESTRING(577.940000 535.120000,590.940000 538.410000)
1	64	1390	1166	0	0	0	0	0	2	0	0	0	Right	7.158	20726.1	20728.1	LINESTRING(590.940000 538.410000,600.820000 526.780000)
1	65	1166	1403	0	1	104	104	0	19	119	1	0	Straight	0.0	20728.1	20847.1	LINESTRING(600.820000 526.780000,609.540000 520.360000)
1	66	1403	1726	0	1	41	41	0	7	47	1	0	Straight	0.0	20847.1	20894.1	LINESTRING(609.540000 520.360000,611.200000 513.180000)
1	67	1726	1398	0	1	121	121	0	22	142	1	0	Straight	0.0	20894.1	21036.1	LINESTRING(611.200000 513.180000,606.000000 503.990000)
1	68	1398	1399	0	1	265	265	0	48	308	0	0	Right	7.158	21043.2	21091.2	LINESTRING(606.000000 503.990000,588.790000 516.590000)
1	69	1399	1839	0	0	0	0	0	56	0	0	0	Left	14.316	21105.6	21161.6	LINESTRING(588.790000 516.590000,573.160000 502.950000)
1	70	1839	1656	0	1	2	2	0	1	1	1	0	Straight	0.0	21161.6	21162.6	LINESTRING(573.160000 502.950000,563.420000 483.440000)
1	71	1656	1172	0	0	0	0	0	9	0	0	0	Straight	0.0	21162.6	21171.6	LINESTRING(563.420000 483.440000,556.050000 462.690000)
1	72	1172	1173	0	1	21	21	0	4	24	1	0	U	57.264	21228.8	21252.8	LINESTRING(556.050000 462.690000,554.000000 476.660000)
1	73	1173	1396	0	1	30	30	0	5	35	1	0	Straight	0.0	21252.8	21287.8	LINESTRING(554.000000 476.660000,555.480000 487.090000)
1	74	1396	1174	0	1	6	6	0	2	12	1	0	Straight	0.0	21287.8	21299.8	LINESTRING(555.480000 487.090000,553.710000 499.300000)
1	75	1174	1175	0	1	4	4	0	1	1	1	0	Straight	0.0	21299.8	21300.8	LINESTRING(553.710000 499.300000,564.220000 513.380000)
1	76	1175	1839	0	1	6	6	0	2	12	1	0	Right	7.158	21308.0	21320.0	LINESTRING(564.220000 513.380000,573.160000 502.950000)
1	77	1839	1656	0	1	2	2	0	1	1	0	0	Right	7.158	21327.1	21328.1	LINESTRING(573.160000 502.950000,563.420000 483.440000)
1	78	1656	1396	0	1	5	5	0	2	12	1	0	Right	7.158	21335.3	21347.3	LINESTRING(563.420000 483.440000,555.480000 487.090000)
1	79	1396	1397	0	0	0	0	0	3	0	0	0	Straight	0.0	21347.3	21350.3	LINESTRING(555.480000 487.090000,548.870000 485.640000)
1	80	1397	1159	0	0	0	0	0	6	0	0	0	Right	7.158	21357.5	21363.5	LINESTRING(548.870000 485.640000,539.710000 492.950000)
1	81	1159	1160	1	0	0	0	0	54	0	0	0	Straight	0.0	21363.5	21417.5	LINESTRING(539.710000 492.950000,521.430000 492.300000)
1	82	1160	1181	1	0	0	0	0	45	0	0	0	Straight	0.0	21417.5	21462.5	LINESTRING(521.430000 492.300000,507.660000 481.540000)
1	83	1181	1725	1	0	0	0	0	39	0	0	0	Straight	0.0	21462.5	21501.5	LINESTRING(507.660000 481.540000,495.860000 469.210000)
1	84	1725	565	1	0	0	0	0	63	0	0	0	Right	7.158	21508.6	21571.6	LINESTRING(495.860000 469.210000,476.240000 482.630000)
1	85	565	206	1	1	64	64	0	12	72	1	0	Left	14.316	21585.9	21657.9	LINESTRING(476.240000 482.630000,467.920000 477.340000)
1	86	206	219	1	0	0	0	0	19	0	0	0	Straight	0.0	21657.9	21676.9	LINESTRING(467.920000 477.340000,463.470000 470.170000)
1	87	219	218	1	0	0	0	0	28	0	0	0	Straight	0.0	21676.9	21704.9	LINESTRING(463.470000 470.170000,464.710000 461.600000)
1	88	218	1644	1	1	62	62	0	11	71	1	0	Left	14.316	21719.2	21790.2	LINESTRING(464.710000 461.600000,471.840000 456.560000)
1	89	1644	570	1	0	0	0	0	7	0	0	0	Straight	0.0	21790.2	21797.2	LINESTRING(471.840000 456.560000,475.000000 449.640000)
1	90	570	571	1	0	0	0	0	30	0	0	0	Straight	0.0	21797.2	21827.2	LINESTRING(475.000000 449.640000,479.650000 447.490000)
1	91	571	601	1	0	0	0	0	17	0	0	0	Right	7.158	21834.4	21851.4	LINESTRING(479.650000 447.490000,478.510000 441.190000)
1	92	601	636	1	0	0	0	0	18	0	0	0	Straight	0.0	21851.4	21869.4	LINESTRING(478.510000 441.190000,476.860000 434.890000)
1	93	636	635	1	1	95	95	0	17	107	1	0	Straight	0.0	21869.4	21976.4	LINESTRING(476.860000 434.890000,475.490000 428.350000)
1	94	635	638	1	0	0	0	0	11	0	0	0	Straight	0.0	21976.4	21987.4	LINESTRING(475.490000 428.350000,479.820000 418.660000)
1	95	638	2042	1	0	0	0	0	54	0	0	0	Straight	0.0	21987.4	22041.4	LINESTRING(479.820000 418.660000,486.010000 408.880000)
1	96	2042	2107	1	1	19	19	0	3	13	1	0	Straight	0.0	22041.4	22054.4	LINESTRING(486.010000 408.880000,491.180000 398.640000)
1	97	2107	288	1	0	0	0	0	24	0	0	0	Straight	0.0	22054.4	22078.4	LINESTRING(491.180000 398.640000,493.330000 387.690000)
1	98	288	715	1	0	0	0	0	49	0	0	0	Right	7.158	22085.6	22134.6	LINESTRING(493.330000 387.690000,470.620000 391.450000)
1	99	715	311	1	0	0	0	0	10	0	0	0	Straight	0.0	22134.6	22144.6	LINESTRING(470.620000 391.450000,447.990000 396.050000)
1	100	311	355	1	0	0	0	0	41	0	0	0	Straight	0.0	22144.6	22185.6	LINESTRING(447.990000 396.050000,426.410000 393.740000)
1	101	355	777	1	0	0	0	0	121	0	0	0	Straight	0.0	22185.6	22306.6	LINESTRING(426.410000 393.740000,405.630000 390.460000)
1	102	777	1820	1	1	332	332	0	60	390	1	0	Straight	0.0	22306.6	22696.6	LINESTRING(405.630000 390.460000,383.950000 386.980000)
1	103	1820	1752	1	1	206	206	0	37	237	0	0	Straight	0.0	22696.6	22733.6	LINESTRING(383.950000 386.980000,362.670000 372.890000)
1	104	1752	420	1	1	71	71	0	13	83	0	0	Straight	0.0	22733.6	22746.6	LINESTRING(362.670000 372.890000,341.770000 358.890000)
1	105	420	1753	1	1	15	15	0	3	13	0	0	Straight	0.0	22746.6	22749.6	LINESTRING(341.770000 358.890000,322.810000 349.830000)
1	106	1753	820	1	1	88	88	0	16	96	0	0	Straight	0.0	22749.6	22765.6	LINESTRING(322.810000 349.830000,302.800000 343.060000)
1	107	820	925	1	1	664	664	0	120	780	0	0	Straight	0.0	22765.6	22885.6	LINESTRING(302.800000 343.060000,283.040000 336.760000)
1	108	925	1687	1	1	108	108	0	19	119	0	0	Straight	0.0	22885.6	22904.6	LINESTRING(283.040000 336.760000,263.280000 331.000000)
1	109	1687	935	0	0	0	0	0	4	0	0	0	Straight	0.0	22904.6	22908.6	LINESTRING(263.280000 331.000000,247.980000 320.810000)
1	110	935	936	0	0	0	0	0	2	0	0	0	Right	7.158	22915.7	22917.7	LINESTRING(247.980000 320.810000,239.870000 327.110000)
1	111	936	591	0	0	0	0	0	4	0	0	0	Right	7.158	22924.9	22928.9	LINESTRING(239.870000 327.110000,243.650000 348.460000)
1	112	591	590	1	1	212	212	0	38	248	0	0	Straight	0.0	22928.9	22966.9	LINESTRING(243.650000 348.460000,241.200000 373.740000)
1	113	590	1624	0	0	0	0	0	4	0	0	0	Straight	0.0	22966.9	22970.9	LINESTRING(241.200000 373.740000,240.210000 385.110000)
1	114	1624	1625	0	0	0	0	0	7	0	0	0	Straight	0.0	22970.9	22977.9	LINESTRING(240.210000 385.110000,238.330000 396.480000)
1	115	1625	1965	1	1	161	161	0	29	189	1	0	Straight	0.0	22977.9	23166.9	LINESTRING(238.330000 396.480000,235.220000 422.080000)
1	116	1965	2313	1	0	0	0	0	155	0	0	0	U	57.264	23224.1	23379.1	LINESTRING(235.220000 422.080000,258.180000 400.590000)
1	117	2313	2251	1	1	133	133	0	24	154	1	0	Right	7.158	23386.3	23540.3	LINESTRING(258.180000 400.590000,247.400000 390.060000)
1	118	2251	903	1	1	64	64	0	12	72	0	0	Straight	0.0	23540.3	23552.3	LINESTRING(247.400000 390.060000,235.870000 381.160000)
1	119	903	905	0	1	16	16	0	3	13	1	0	Straight	0.0	23552.3	23565.3	LINESTRING(235.870000 381.160000,229.490000 373.220000)
1	120	905	1559	1	1	182	182	0	33	213	1	0	Straight	0.0	23565.3	23778.3	LINESTRING(229.490000 373.220000,225.180000 365.730000)
1	121	1559	1541	1	1	103	103	0	19	119	1	0	Straight	0.0	23778.3	23897.3	LINESTRING(225.180000 365.730000,223.650000 362.650000)
1	122	1541	1558	1	1	62	62	0	11	71	1	0	Straight	0.0	23897.3	23968.3	LINESTRING(223.650000 362.650000,220.600000 359.780000)
1	123	1558	1784	1	1	75	75	0	14	84	0	0	Straight	0.0	23968.3	23982.3	LINESTRING(220.600000 359.780000,214.610000 355.380000)
1	124	1784	2322	1	1	208	208	0	37	237	1	0	Right	7.158	23989.5	24226.5	LINESTRING(214.610000 355.380000,211.580000 357.980000)
1	125	2322	1598	1	1	62	62	0	11	71	1	0	Right	7.158	24233.6	24304.6	LINESTRING(211.580000 357.980000,214.610000 362.350000)
1	126	1598	892	1	1	231	231	0	42	272	1	0	Straight	0.0	24304.6	24576.6	LINESTRING(214.610000 362.350000,219.240000 363.940000)
1	127	892	890	1	1	57	57	0	10	60	1	0	Left	14.316	24590.9	24650.9	LINESTRING(219.240000 363.940000,219.760000 368.190000)
1	128	890	906	1	1	58	58	0	10	60	0	0	Straight	0.0	24650.9	24660.9	LINESTRING(219.760000 368.190000,224.600000 372.330000)
1	129	906	902	0	1	3	3	0	1	1	1	0	Straight	0.0	24660.9	24661.9	LINESTRING(224.600000 372.330000,227.000000 377.030000)
1	130	902	1909	1	1	110	110	0	20	130	0	0	Left	14.316	24676.2	24696.2	LINESTRING(227.000000 377.030000,219.120000 374.900000)
1	131	1909	1667	1	1	213	213	0	38	248	1	0	Straight	0.0	24696.2	24944.2	LINESTRING(219.120000 374.900000,214.250000 374.400000)
1	132	1667	1572	1	1	116	116	0	21	131	1	0	Left	14.316	24958.6	25089.6	LINESTRING(214.250000 374.400000,214.720000 371.460000)
1	133	1572	891	1	1	63	63	0	11	71	0	0	Straight	0.0	25089.6	25100.6	LINESTRING(214.720000 371.460000,214.660000 366.890000)
1	134	891	1598	1	1	61	61	0	11	71	1	0	Straight	0.0	25100.6	25171.6	LINESTRING(214.660000 366.890000,214.610000 362.350000)
1	135	1598	892	1	1	231	231	0	42	272	0	0	Left	14.316	25185.9	25227.9	LINESTRING(214.610000 362.350000,219.240000 363.940000)
1	136	892	1541	1	1	6	6	0	1	1	1	0	Straight	0.0	25227.9	25228.9	LINESTRING(219.240000 363.940000,223.650000 362.650000)
1	137	1541	1558	1	1	62	62	0	11	71	0	0	Right	7.158	25236.0	25247.0	LINESTRING(223.650000 362.650000,220.600000 359.780000)
1	138	1558	1784	1	1	75	75	0	14	84	0	0	Straight	0.0	25247.0	25261.0	LINESTRING(220.600000 359.780000,214.610000 355.380000)
1	139	1784	1783	1	1	90	90	0	16	106	0	0	Straight	0.0	25261.0	25277.0	LINESTRING(214.610000 355.380000,210.690000 351.590000)
1	140	1783	1784	1	1	90	90	0	16	106	1	0	U	57.264	25334.3	25440.3	LINESTRING(210.690000 351.590000,214.610000 355.380000)
1	141	1784	1558	1	1	75	75	0	14	84	1	0	Straight	0.0	25440.3	25524.3	LINESTRING(214.610000 355.380000,220.600000 359.780000)
1	142	1558	1559	1	1	159	159	0	29	179	1	0	Straight	0.0	25524.3	25703.3	LINESTRING(220.600000 359.780000,225.180000 365.730000)
1	143	1559	905	1	1	182	182	0	33	213	0	0	Straight	0.0	25703.3	25736.3	LINESTRING(225.180000 365.730000,229.490000 373.220000)
1	144	905	906	0	1	23	23	0	4	24	1	0	Left	14.316	25750.6	25774.6	LINESTRING(229.490000 373.220000,224.600000 372.330000)
1	145	906	890	1	1	58	58	0	10	60	1	0	Straight	0.0	25774.6	25834.6	LINESTRING(224.600000 372.330000,219.760000 368.190000)
1	146	890	891	1	1	231	231	0	42	272	1	0	Straight	0.0	25834.6	26106.6	LINESTRING(219.760000 368.190000,214.660000 366.890000)
1	147	891	1572	1	1	63	63	0	11	71	1	0	Right	7.158	26113.8	26184.8	LINESTRING(214.660000 366.890000,214.720000 371.460000)
1	148	1572	1909	1	1	125	125	0	22	142	1	0	Right	7.158	26191.9	26333.9	LINESTRING(214.720000 371.460000,219.120000 374.900000)
1	149	1909	902	1	1	110	110	0	20	130	1	0	Straight	0.0	26333.9	26463.9	LINESTRING(219.120000 374.900000,227.000000 377.030000)
1	150	902	903	0	1	17	17	0	3	13	1	0	Straight	0.0	26463.9	26476.9	LINESTRING(227.000000 377.030000,235.870000 381.160000)
1	151	903	2251	1	1	64	64	0	12	72	1	0	Straight	0.0	26476.9	26548.9	LINESTRING(235.870000 381.160000,247.400000 390.060000)
1	152	2251	2249	1	1	105	105	0	19	119	0	0	Right	7.158	26556.1	26575.1	LINESTRING(247.400000 390.060000,249.280000 384.960000)
1	153	2249	2250	1	1	162	162	0	29	189	0	0	Straight	0.0	26575.1	26604.1	LINESTRING(249.280000 384.960000,248.350000 380.810000)
1	154	2250	2249	1	1	162	162	0	29	189	1	0	U	57.264	26661.4	26850.4	LINESTRING(248.350000 380.810000,249.280000 384.960000)
1	155	2249	2149	1	1	189	189	0	34	214	0	0	Right	7.158	26857.5	26891.5	LINESTRING(249.280000 384.960000,252.680000 382.690000)
1	156	2149	2249	1	1	189	189	0	34	214	1	0	U	57.264	26948.8	27162.8	LINESTRING(252.680000 382.690000,249.280000 384.960000)
1	157	2249	2251	1	1	105	105	0	19	119	1	0	Straight	0.0	27162.8	27281.8	LINESTRING(249.280000 384.960000,247.400000 390.060000)
1	158	2251	2313	1	1	133	133	0	24	154	0	0	Right	7.158	27288.9	27312.9	LINESTRING(247.400000 390.060000,258.180000 400.590000)
1	159	2313	1553	1	0	0	0	0	55	0	0	0	Right	7.158	27320.1	27375.1	LINESTRING(258.180000 400.590000,285.870000 384.490000)
1	160	1553	1554	1	1	645	645	0	116	756	0	0	Right	7.158	27382.2	27498.2	LINESTRING(285.870000 384.490000,283.170000 381.200000)
1	161	1554	1553	1	1	645	645	0	116	756	1	0	U	57.264	27555.5	28311.5	LINESTRING(283.170000 381.200000,285.870000 384.490000)
1	162	1553	900	1	0	0	0	0	42	0	0	0	Right	7.158	28318.7	28360.7	LINESTRING(285.870000 384.490000,313.770000 368.790000)
1	163	900	561	1	0	0	0	0	83	0	0	0	Straight	0.0	28360.7	28443.7	LINESTRING(313.770000 368.790000,341.600000 352.600000)
1	164	561	951	1	0	0	0	0	65	0	0	0	Straight	0.0	28443.7	28508.7	LINESTRING(341.600000 352.600000,362.600000 336.160000)
1	165	951	610	1	0	0	0	0	5	0	0	0	Straight	0.0	28508.7	28513.7	LINESTRING(362.600000 336.160000,383.270000 322.520000)
1	166	610	611	1	0	0	0	0	13	0	0	0	Straight	0.0	28513.7	28526.7	LINESTRING(383.270000 322.520000,386.970000 314.450000)
1	167	611	957	1	0	0	0	0	12	0	0	0	Straight	0.0	28526.7	28538.7	LINESTRING(386.970000 314.450000,393.420000 311.130000)
1	168	957	1528	1	0	0	0	0	9	0	0	0	Right	7.158	28545.8	28554.8	LINESTRING(393.420000 311.130000,385.690000 307.890000)
1	169	1528	1004	1	0	0	0	0	24	0	0	0	Straight	0.0	28554.8	28578.8	LINESTRING(385.690000 307.890000,378.590000 301.430000)
1	170	1004	2011	1	0	0	0	0	249	0	0	0	Straight	0.0	28578.8	28827.8	LINESTRING(378.590000 301.430000,372.780000 294.490000)
1	171	2011	923	1	0	0	0	0	100	0	0	0	Straight	0.0	28827.8	28927.8	LINESTRING(372.780000 294.490000,367.720000 288.770000)
1	172	923	922	1	0	0	0	0	20	0	0	0	Straight	0.0	28927.8	28947.8	LINESTRING(367.720000 288.770000,363.400000 284.320000)
1	173	922	2277	1	0	0	0	0	91	0	0	0	Straight	0.0	28947.8	29038.8	LINESTRING(363.400000 284.320000,360.380000 280.330000)
2	0	2277	2277	-1	-1	0	0	0	0	0	0	300		0.0	29038.8	29338.8	LINESTRING(360.380000 280.330000,360.380000 280.330000)
