Problem Type	Solution Method	Vehicle Capacity (Weight)	Vehicle Capacity(Volume)	Disposal Trips	Route Time	Route Time wo Turns	Computational Time(Sec)	Clustering Time(Sec)	VA(NHO)	VA(ATD)	VA(CCI)	VA(DMT)	VA(ROI)	VA(AOI)	Optimal
MCARPTIF-TP	GPM	10000	10000	2	31760.8	28959	723.906	2.593	0.00578939	800.514	1.07692	17905.5	0.18122	0.200232	0
Load No	Sequence No	From Node ID	To Node ID	IsEdge	Required	Weight	Volume	Travel Miles	Travel Time	Service Time	Served	Dumped	Turn Type	Turn Cost	Depart Time	Arrival Time	Shape
0	0	1083	2085	1	0	0	0	0	71	0	0	300		0.0	300.0	371.0	LINESTRING(446.000000 251.770000,421.880000 250.660000)
0	1	2085	1825	0	0	0	0	0	21	0	0	0	Straight	0.0	371.0	392.0	LINESTRING(421.880000 250.660000,401.590000 256.480000)
0	2	1825	615	1	0	0	0	0	27	0	0	0	Straight	0.0	392.0	419.0	LINESTRING(401.590000 256.480000,379.090000 271.730000)
0	3	615	616	1	0	0	0	0	3	0	0	0	Straight	0.0	419.0	422.0	LINESTRING(379.090000 271.730000,363.030000 281.580000)
0	4	616	607	1	0	0	0	0	22	0	0	0	Straight	0.0	422.0	444.0	LINESTRING(363.030000 281.580000,341.470000 281.280000)
0	5	607	606	1	0	0	0	0	27	0	0	0	Right	5.695	449.695	476.695	LINESTRING(341.470000 281.280000,340.370000 289.020000)
0	6	606	563	1	0	0	0	0	19	0	0	0	Right	5.695	482.39	501.39	LINESTRING(340.370000 289.020000,351.450000 293.730000)
0	7	563	558	0	1	78	78	0	14	84	1	0	Straight	0.0	501.39	585.39	LINESTRING(351.450000 293.730000,362.770000 297.070000)
0	8	558	554	1	1	56	56	0	10	60	1	0	U	45.557	630.947	690.947	LINESTRING(362.770000 297.070000,347.040000 297.520000)
0	9	554	1553	1	0	0	0	0	36	0	0	0	Straight	0.0	690.947	726.947	LINESTRING(347.040000 297.520000,331.400000 298.100000)
0	10	1553	957	1	0	0	0	0	51	0	0	0	Straight	0.0	726.947	777.947	LINESTRING(331.400000 298.100000,316.930000 302.600000)
0	11	957	557	1	0	0	0	0	28	0	0	0	Straight	0.0	777.947	805.947	LINESTRING(316.930000 302.600000,303.930000 309.490000)
0	12	557	1971	1	0	0	0	0	16	0	0	0	Right	5.695	811.642	827.642	LINESTRING(303.930000 309.490000,305.810000 320.420000)
0	13	1971	458	1	0	0	0	0	15	0	0	0	Left	11.389	839.031	854.031	LINESTRING(305.810000 320.420000,292.810000 327.990000)
0	14	458	459	1	0	0	0	0	34	0	0	0	Right	5.695	859.726	893.726	LINESTRING(292.810000 327.990000,290.760000 342.770000)
0	15	459	1678	1	0	0	0	0	11	0	0	0	Right	5.695	899.421	910.421	LINESTRING(290.760000 342.770000,302.470000 357.350000)
0	16	1678	413	1	0	0	0	0	18	0	0	0	Left	11.389	921.81	939.81	LINESTRING(302.470000 357.350000,289.670000 363.760000)
0	17	413	396	1	0	0	0	0	28	0	0	0	Straight	0.0	939.81	967.81	LINESTRING(289.670000 363.760000,284.820000 374.870000)
0	18	396	395	1	0	0	0	0	28	0	0	0	Straight	0.0	967.81	995.81	LINESTRING(284.820000 374.870000,280.370000 386.230000)
0	19	395	352	1	0	0	0	0	33	0	0	0	Straight	0.0	995.81	1028.81	LINESTRING(280.370000 386.230000,275.860000 397.770000)
0	20	352	348	1	0	0	0	0	2	0	0	0	Straight	0.0	1028.81	1030.81	LINESTRING(275.860000 397.770000,278.310000 408.080000)
0	21	348	347	1	1	375	375	0	67	437	1	0	Straight	0.0	1030.81	1467.81	LINESTRING(278.310000 408.080000,290.110000 418.850000)
0	22	347	249	1	0	0	0	0	73	0	0	0	Straight	0.0	1467.81	1540.81	LINESTRING(290.110000 418.850000,295.020000 431.030000)
0	23	249	248	1	0	0	0	0	6	0	0	0	Straight	0.0	1540.81	1546.81	LINESTRING(295.020000 431.030000,302.750000 437.830000)
0	24	248	235	0	0	0	0	0	8	0	0	0	Straight	0.0	1546.81	1554.81	LINESTRING(302.750000 437.830000,310.880000 442.530000)
0	25	235	236	0	0	0	0	0	24	0	0	0	Straight	0.0	1554.81	1578.81	LINESTRING(310.880000 442.530000,323.050000 445.110000)
0	26	236	1675	0	0	0	0	0	32	0	0	0	Straight	0.0	1578.81	1610.81	LINESTRING(323.050000 445.110000,334.850000 453.490000)
0	27	1675	180	0	0	0	0	0	32	0	0	0	Straight	0.0	1610.81	1642.81	LINESTRING(334.850000 453.490000,348.050000 459.750000)
0	28	180	178	0	0	0	0	0	31	0	0	0	Straight	0.0	1642.81	1673.81	LINESTRING(348.050000 459.750000,360.880000 464.360000)
0	29	178	1647	1	0	0	0	0	12	0	0	0	Straight	0.0	1673.81	1685.81	LINESTRING(360.880000 464.360000,378.350000 466.910000)
0	30	1647	158	1	0	0	0	0	5	0	0	0	Straight	0.0	1685.81	1690.81	LINESTRING(378.350000 466.910000,395.610000 469.280000)
0	31	158	157	1	0	0	0	0	2	0	0	0	Straight	0.0	1690.81	1692.81	LINESTRING(395.610000 469.280000,412.480000 468.730000)
0	32	157	583	1	0	0	0	0	5	0	0	0	Straight	0.0	1692.81	1697.81	LINESTRING(412.480000 468.730000,434.100000 466.020000)
0	33	583	584	0	0	0	0	0	55	0	0	0	Left	11.389	1709.2	1764.2	LINESTRING(434.100000 466.020000,423.020000 484.940000)
0	34	584	1967	0	0	0	0	0	5	0	0	0	Straight	0.0	1764.2	1769.2	LINESTRING(423.020000 484.940000,412.260000 497.200000)
0	35	1967	542	0	0	0	0	0	1	0	0	0	Straight	0.0	1769.2	1770.2	LINESTRING(412.260000 497.200000,401.670000 509.500000)
0	36	542	147	0	0	0	0	0	3	0	0	0	Straight	0.0	1770.2	1773.2	LINESTRING(401.670000 509.500000,394.260000 523.730000)
0	37	147	1519	0	0	0	0	0	1	0	0	0	Straight	0.0	1773.2	1774.2	LINESTRING(394.260000 523.730000,392.150000 541.140000)
0	38	1519	1338	0	0	0	0	0	106	0	0	0	Straight	0.0	1774.2	1880.2	LINESTRING(392.150000 541.140000,390.110000 558.220000)
0	39	1338	1311	0	0	0	0	0	200	0	0	0	Left	11.389	1891.59	2091.59	LINESTRING(390.110000 558.220000,371.290000 572.050000)
0	40	1311	2252	1	0	0	0	0	4	0	0	0	Right	5.695	2097.28	2101.28	LINESTRING(371.290000 572.050000,384.810000 591.140000)
0	41	2252	1368	1	0	0	0	0	16	0	0	0	Straight	0.0	2101.28	2117.28	LINESTRING(384.810000 591.140000,398.500000 609.900000)
0	42	1368	1369	1	0	0	0	0	55	0	0	0	Straight	0.0	2117.28	2172.28	LINESTRING(398.500000 609.900000,414.530000 621.460000)
0	43	1369	1943	1	1	197	197	0	35	225	0	0	Left	11.389	2183.67	2218.67	LINESTRING(414.530000 621.460000,413.530000 631.960000)
0	44	1943	1369	1	1	197	197	0	35	225	1	0	U	45.557	2264.23	2489.23	LINESTRING(413.530000 631.960000,414.530000 621.460000)
0	45	1369	1367	1	1	300	300	0	54	354	1	0	Right	5.695	2494.92	2848.92	LINESTRING(414.530000 621.460000,398.780000 623.930000)
0	46	1367	1333	1	1	137	137	0	25	155	1	0	Straight	0.0	2848.92	3003.92	LINESTRING(398.780000 623.930000,386.620000 632.510000)
0	47	1333	285	1	1	234	234	0	42	272	1	0	Straight	0.0	3003.92	3275.92	LINESTRING(386.620000 632.510000,378.140000 639.650000)
0	48	285	15	0	0	0	0	0	3	0	0	0	Straight	0.0	3275.92	3278.92	LINESTRING(378.140000 639.650000,371.990000 646.100000)
0	49	15	277	1	1	86	86	0	15	95	1	0	Straight	0.0	3278.92	3373.92	LINESTRING(371.990000 646.100000,367.030000 649.530000)
0	50	277	15	1	1	86	86	0	15	95	0	0	U	45.557	3419.48	3434.48	LINESTRING(367.030000 649.530000,371.990000 646.100000)
0	51	15	16	0	0	0	0	0	4	0	0	0	Left	11.389	3445.87	3449.87	LINESTRING(371.990000 646.100000,373.420000 651.220000)
0	52	16	1673	1	1	110	110	0	20	130	1	0	Straight	0.0	3449.87	3579.87	LINESTRING(373.420000 651.220000,375.650000 658.090000)
0	53	1673	1753	1	1	103	103	0	18	118	1	0	Straight	0.0	3579.87	3697.87	LINESTRING(375.650000 658.090000,379.250000 665.080000)
0	54	1753	218	0	1	57	57	0	10	60	1	0	Right	5.695	3703.57	3763.57	LINESTRING(379.250000 665.080000,386.250000 667.180000)
0	55	218	227	0	1	132	132	0	24	154	1	0	Straight	0.0	3763.57	3917.57	LINESTRING(386.250000 667.180000,393.870000 664.850000)
0	56	227	1362	0	1	41	41	0	7	47	1	0	Straight	0.0	3917.57	3964.57	LINESTRING(393.870000 664.850000,401.110000 659.530000)
0	57	1362	1363	1	1	196	196	0	35	225	1	0	Straight	0.0	3964.57	4189.57	LINESTRING(401.110000 659.530000,408.250000 651.290000)
0	58	1363	1355	1	1	233	233	0	42	272	1	0	Straight	0.0	4189.57	4461.57	LINESTRING(408.250000 651.290000,417.490000 643.160000)
0	59	1355	1354	1	1	242	242	0	43	283	1	0	U	45.557	4507.12	4790.12	LINESTRING(417.490000 643.160000,411.080000 648.480000)
0	60	1354	1548	1	1	150	150	0	27	177	1	0	Straight	0.0	4790.12	4967.12	LINESTRING(411.080000 648.480000,405.210000 651.220000)
0	61	1548	214	1	1	193	193	0	35	225	1	0	Straight	0.0	4967.12	5192.12	LINESTRING(405.210000 651.220000,401.780000 654.710000)
0	62	214	2	1	1	231	231	0	42	272	1	0	Straight	0.0	5192.12	5464.12	LINESTRING(401.780000 654.710000,397.650000 661.610000)
0	63	2	3	0	1	42	42	0	8	48	1	0	Straight	0.0	5464.12	5512.12	LINESTRING(397.650000 661.610000,392.160000 667.020000)
0	64	3	219	0	1	132	132	0	24	154	1	0	Straight	0.0	5512.12	5666.12	LINESTRING(392.160000 667.020000,386.540000 670.590000)
0	65	219	1335	0	0	0	0	0	4	0	0	0	Left	11.389	5677.51	5681.51	LINESTRING(386.540000 670.590000,381.390000 667.840000)
0	66	1335	1753	0	1	31	31	0	6	36	1	0	Straight	0.0	5681.51	5717.51	LINESTRING(381.390000 667.840000,379.250000 665.080000)
0	67	1753	218	0	1	57	57	0	10	60	0	0	U	45.557	5763.07	5773.07	LINESTRING(379.250000 665.080000,386.250000 667.180000)
0	68	218	219	0	1	12	12	0	2	12	1	0	Left	11.389	5784.46	5796.46	LINESTRING(386.250000 667.180000,386.540000 670.590000)
0	69	219	1335	0	0	0	0	0	4	0	0	0	Left	11.389	5807.85	5811.85	LINESTRING(386.540000 670.590000,381.390000 667.840000)
0	70	1335	1334	1	1	233	233	0	42	272	1	0	Left	11.389	5823.24	6095.24	LINESTRING(381.390000 667.840000,381.100000 660.690000)
0	71	1334	1672	1	1	230	230	0	41	271	1	0	Left	11.389	6106.62	6377.62	LINESTRING(381.100000 660.690000,385.960000 656.730000)
0	72	1672	1848	1	1	121	121	0	22	142	1	0	Right	5.695	6383.32	6525.32	LINESTRING(385.960000 656.730000,382.780000 655.760000)
0	73	1848	1418	1	1	173	173	0	31	201	1	0	Left	11.389	6536.71	6737.71	LINESTRING(382.780000 655.760000,384.000000 650.810000)
0	74	1418	1546	1	1	164	164	0	30	190	0	0	Straight	0.0	6737.71	6767.71	LINESTRING(384.000000 650.810000,389.410000 644.170000)
0	75	1546	1418	1	1	164	164	0	30	190	1	0	U	45.557	6813.27	7003.27	LINESTRING(389.410000 644.170000,384.000000 650.810000)
0	76	1418	1309	1	1	144	144	0	26	166	1	0	Straight	0.0	7003.27	7169.27	LINESTRING(384.000000 650.810000,379.140000 653.960000)
0	77	1309	1673	1	1	337	337	0	61	391	1	0	Straight	0.0	7169.27	7560.27	LINESTRING(379.140000 653.960000,375.650000 658.090000)
0	78	1673	16	1	1	110	110	0	20	130	0	0	Left	11.389	7571.65	7591.65	LINESTRING(375.650000 658.090000,373.420000 651.220000)
0	79	16	1364	0	1	24	24	0	4	24	1	0	Straight	0.0	7591.65	7615.65	LINESTRING(373.420000 651.220000,376.170000 644.650000)
0	80	1364	285	0	1	19	19	0	4	14	1	0	Straight	0.0	7615.65	7629.65	LINESTRING(376.170000 644.650000,378.140000 639.650000)
0	81	285	1333	1	1	234	234	0	42	272	0	0	Straight	0.0	7629.65	7671.65	LINESTRING(378.140000 639.650000,386.620000 632.510000)
0	82	1333	1301	1	1	203	203	0	37	237	1	0	Right	5.695	7677.35	7914.35	LINESTRING(386.620000 632.510000,382.830000 629.450000)
0	83	1301	1333	1	1	203	203	0	37	237	0	0	U	45.557	7959.91	7996.91	LINESTRING(382.830000 629.450000,386.620000 632.510000)
0	84	1333	1308	1	1	481	481	0	86	566	1	0	Left	11.389	8008.3	8574.3	LINESTRING(386.620000 632.510000,381.140000 640.590000)
0	85	1308	1307	1	1	215	215	0	39	249	1	0	Straight	0.0	8574.3	8823.3	LINESTRING(381.140000 640.590000,379.140000 647.320000)
0	86	1307	1309	1	1	123	123	0	22	142	1	0	Straight	0.0	8823.3	8965.3	LINESTRING(379.140000 647.320000,379.140000 653.960000)
0	87	1309	1334	1	1	125	125	0	23	143	1	0	Straight	0.0	8965.3	9108.3	LINESTRING(379.140000 653.960000,381.100000 660.690000)
0	88	1334	1672	1	1	230	230	0	41	271	0	0	Right	5.695	9113.99	9154.99	LINESTRING(381.100000 660.690000,385.960000 656.730000)
0	89	1672	1306	1	1	187	187	0	34	214	1	0	Straight	0.0	9154.99	9368.99	LINESTRING(385.960000 656.730000,390.910000 650.870000)
0	90	1306	1305	1	1	170	170	0	31	201	0	0	Straight	0.0	9368.99	9399.99	LINESTRING(390.910000 650.870000,397.950000 649.630000)
0	91	1305	1417	1	1	171	171	0	31	201	1	0	Straight	0.0	9399.99	9600.99	LINESTRING(397.950000 649.630000,401.520000 649.040000)
0	92	1417	1416	1	1	297	297	0	53	343	1	0	Right	5.695	9606.68	9949.68	LINESTRING(401.520000 649.040000,402.430000 644.360000)
0	93	1416	1769	1	1	160	160	0	29	189	0	0	Straight	0.0	9949.68	9978.68	LINESTRING(402.430000 644.360000,408.440000 638.880000)
0	94	1769	1416	1	1	160	160	0	29	189	1	0	U	45.557	10024.2	10213.2	LINESTRING(408.440000 638.880000,402.430000 644.360000)
0	95	1416	1305	1	1	338	338	0	61	391	1	0	Straight	0.0	10213.2	10604.2	LINESTRING(402.430000 644.360000,397.950000 649.630000)
0	96	1305	214	1	1	206	206	0	37	237	1	0	Right	5.695	10609.9	10846.9	LINESTRING(397.950000 649.630000,401.780000 654.710000)
0	97	214	1363	1	1	174	174	0	31	201	1	0	Right	5.695	10852.6	11053.6	LINESTRING(401.780000 654.710000,408.250000 651.290000)
0	98	1363	1354	1	1	126	126	0	23	143	1	0	Straight	0.0	11053.6	11196.6	LINESTRING(408.250000 651.290000,411.080000 648.480000)
0	99	1354	1548	1	1	150	150	0	27	177	0	0	U	45.557	11242.2	11269.2	LINESTRING(411.080000 648.480000,405.210000 651.220000)
0	100	1548	1417	1	1	139	139	0	25	155	1	0	Left	11.389	11280.6	11435.6	LINESTRING(405.210000 651.220000,401.520000 649.040000)
0	101	1417	1305	1	1	171	171	0	31	201	0	0	Straight	0.0	11435.6	11466.6	LINESTRING(401.520000 649.040000,397.950000 649.630000)
0	102	1305	1306	1	1	170	170	0	31	201	1	0	Straight	0.0	11466.6	11667.6	LINESTRING(397.950000 649.630000,390.910000 650.870000)
0	103	1306	1546	1	1	502	502	0	90	590	1	0	Left	11.389	11679.0	12269.0	LINESTRING(390.910000 650.870000,389.410000 644.170000)
0	104	1546	1547	1	1	163	163	0	29	189	0	0	Right	5.695	12274.7	12303.7	LINESTRING(389.410000 644.170000,386.510000 646.680000)
0	105	1547	1546	1	1	163	163	0	29	189	1	0	U	45.557	12349.2	12538.2	LINESTRING(386.510000 646.680000,389.410000 644.170000)
0	106	1546	1671	1	1	409	409	0	74	474	1	0	Straight	0.0	12538.2	13012.2	LINESTRING(389.410000 644.170000,393.760000 634.180000)
0	107	1671	1991	1	1	98	98	0	18	108	1	0	U	45.557	13057.8	13165.8	LINESTRING(393.760000 634.180000,390.600000 636.100000)
0	108	1991	1671	1	1	98	98	0	18	108	0	0	U	45.557	13211.3	13229.3	LINESTRING(390.600000 636.100000,393.760000 634.180000)
0	109	1671	1367	1	0	0	0	0	107	0	0	0	Straight	0.0	13229.3	13336.3	LINESTRING(393.760000 634.180000,398.780000 623.930000)
0	110	1367	1368	1	0	0	0	0	71	0	0	0	Straight	0.0	13336.3	13407.3	LINESTRING(398.780000 623.930000,398.500000 609.900000)
0	111	1368	2252	1	0	0	0	0	16	0	0	0	Straight	0.0	13407.3	13423.3	LINESTRING(398.500000 609.900000,384.810000 591.140000)
0	112	2252	1311	1	0	0	0	0	4	0	0	0	Straight	0.0	13423.3	13427.3	LINESTRING(384.810000 591.140000,371.290000 572.050000)
0	113	1311	1310	1	0	0	0	0	6	0	0	0	Straight	0.0	13427.3	13433.3	LINESTRING(371.290000 572.050000,346.040000 564.610000)
0	114	1310	2251	1	0	0	0	0	2	0	0	0	Straight	0.0	13433.3	13435.3	LINESTRING(346.040000 564.610000,320.670000 578.130000)
0	115	2251	1490	1	0	0	0	0	62	0	0	0	Straight	0.0	13435.3	13497.3	LINESTRING(320.670000 578.130000,295.200000 590.930000)
0	116	1490	133	1	0	0	0	0	66	0	0	0	Straight	0.0	13497.3	13563.3	LINESTRING(295.200000 590.930000,280.830000 596.150000)
0	117	133	132	1	0	0	0	0	19	0	0	0	Straight	0.0	13563.3	13582.3	LINESTRING(280.830000 596.150000,268.970000 603.040000)
0	118	132	129	1	0	0	0	0	33	0	0	0	Straight	0.0	13582.3	13615.3	LINESTRING(268.970000 603.040000,257.720000 609.090000)
0	119	129	1866	1	0	0	0	0	65	0	0	0	Straight	0.0	13615.3	13680.3	LINESTRING(257.720000 609.090000,247.620000 612.840000)
0	120	1866	167	1	0	0	0	0	29	0	0	0	Straight	0.0	13680.3	13709.3	LINESTRING(247.620000 612.840000,239.560000 611.300000)
0	121	167	189	1	0	0	0	0	47	0	0	0	Left	11.389	13720.7	13767.7	LINESTRING(239.560000 611.300000,236.850000 603.560000)
0	122	189	2193	1	1	49	49	0	9	49	1	0	Right	5.695	13773.4	13822.4	LINESTRING(236.850000 603.560000,232.210000 608.050000)
0	123	2193	189	1	1	49	49	0	9	49	0	0	U	45.557	13868.0	13877.0	LINESTRING(232.210000 608.050000,236.850000 603.560000)
0	124	189	1890	1	1	98	98	0	18	108	1	0	Straight	0.0	13877.0	13985.0	LINESTRING(236.850000 603.560000,240.850000 594.990000)
0	125	1890	1941	1	1	75	75	0	13	83	0	0	U	45.557	14030.5	14043.5	LINESTRING(240.850000 594.990000,238.380000 598.920000)
0	126	1941	1890	1	1	75	75	0	13	83	1	0	U	45.557	14089.1	14172.1	LINESTRING(238.380000 598.920000,240.850000 594.990000)
0	127	1890	672	1	1	107	107	0	19	119	1	0	Straight	0.0	14172.1	14291.1	LINESTRING(240.850000 594.990000,245.210000 585.390000)
0	128	672	671	1	0	0	0	0	24	0	0	0	Straight	0.0	14291.1	14315.1	LINESTRING(245.210000 585.390000,254.830000 573.320000)
0	129	671	701	1	0	0	0	0	45	0	0	0	Straight	0.0	14315.1	14360.1	LINESTRING(254.830000 573.320000,253.870000 554.330000)
0	130	701	700	1	0	0	0	0	4	0	0	0	Straight	0.0	14360.1	14364.1	LINESTRING(253.870000 554.330000,251.280000 542.490000)
0	131	700	702	1	0	0	0	0	9	0	0	0	Straight	0.0	14364.1	14373.1	LINESTRING(251.280000 542.490000,248.620000 532.840000)
0	132	702	730	1	0	0	0	0	48	0	0	0	Straight	0.0	14373.1	14421.1	LINESTRING(248.620000 532.840000,236.620000 522.980000)
0	133	730	753	1	0	0	0	0	34	0	0	0	Straight	0.0	14421.1	14455.1	LINESTRING(236.620000 522.980000,230.590000 511.140000)
0	134	753	774	1	0	0	0	0	34	0	0	0	Straight	0.0	14455.1	14489.1	LINESTRING(230.590000 511.140000,224.570000 496.730000)
0	135	774	775	1	0	0	0	0	22	0	0	0	Left	11.389	14500.5	14522.5	LINESTRING(224.570000 496.730000,236.870000 501.040000)
0	136	775	279	1	0	0	0	0	70	0	0	0	Straight	0.0	14522.5	14592.5	LINESTRING(236.870000 501.040000,249.070000 496.590000)
0	137	279	727	1	0	0	0	0	17	0	0	0	Straight	0.0	14592.5	14609.5	LINESTRING(249.070000 496.590000,259.710000 490.350000)
0	138	727	290	0	0	0	0	0	11	0	0	0	Right	5.695	14615.2	14626.2	LINESTRING(259.710000 490.350000,256.630000 479.340000)
0	139	290	289	0	0	0	0	0	13	0	0	0	Straight	0.0	14626.2	14639.2	LINESTRING(256.630000 479.340000,253.340000 468.030000)
0	140	289	335	0	0	0	0	0	53	0	0	0	Straight	0.0	14639.2	14692.2	LINESTRING(253.340000 468.030000,245.130000 456.300000)
0	141	335	317	0	0	0	0	0	4	0	0	0	Straight	0.0	14692.2	14696.2	LINESTRING(245.130000 456.300000,241.260000 443.730000)
0	142	317	815	0	0	0	0	0	68	0	0	0	Straight	0.0	14696.2	14764.2	LINESTRING(241.260000 443.730000,240.330000 429.250000)
0	143	815	2070	0	0	0	0	0	49	0	0	0	Straight	0.0	14764.2	14813.2	LINESTRING(240.330000 429.250000,240.270000 415.950000)
0	144	2070	412	0	0	0	0	0	22	0	0	0	Straight	0.0	14813.2	14835.2	LINESTRING(240.270000 415.950000,244.880000 405.620000)
0	145	412	893	0	0	0	0	0	2	0	0	0	Straight	0.0	14835.2	14837.2	LINESTRING(244.880000 405.620000,241.320000 390.940000)
0	146	893	477	0	0	0	0	0	23	0	0	0	Straight	0.0	14837.2	14860.2	LINESTRING(241.320000 390.940000,247.760000 376.520000)
0	147	477	478	1	0	0	0	0	61	0	0	0	Straight	0.0	14860.2	14921.2	LINESTRING(247.760000 376.520000,250.630000 358.810000)
0	148	478	506	1	0	0	0	0	25	0	0	0	Straight	0.0	14921.2	14946.2	LINESTRING(250.630000 358.810000,262.850000 344.550000)
0	149	506	969	1	0	0	0	0	43	0	0	0	Straight	0.0	14946.2	14989.2	LINESTRING(262.850000 344.550000,267.880000 330.780000)
0	150	969	2097	1	0	0	0	0	24	0	0	0	Straight	0.0	14989.2	15013.2	LINESTRING(267.880000 330.780000,279.580000 320.460000)
0	151	2097	556	1	0	0	0	0	25	0	0	0	Straight	0.0	15013.2	15038.2	LINESTRING(279.580000 320.460000,289.600000 308.420000)
0	152	556	564	1	0	0	0	0	27	0	0	0	Straight	0.0	15038.2	15065.2	LINESTRING(289.600000 308.420000,297.850000 297.270000)
0	153	564	594	1	0	0	0	0	26	0	0	0	Straight	0.0	15065.2	15091.2	LINESTRING(297.850000 297.270000,307.380000 288.170000)
0	154	594	593	1	0	0	0	0	34	0	0	0	Straight	0.0	15091.2	15125.2	LINESTRING(307.380000 288.170000,320.190000 279.470000)
0	155	593	607	1	0	0	0	0	30	0	0	0	Straight	0.0	15125.2	15155.2	LINESTRING(320.190000 279.470000,341.470000 281.280000)
0	156	607	616	1	0	0	0	0	22	0	0	0	Straight	0.0	15155.2	15177.2	LINESTRING(341.470000 281.280000,363.030000 281.580000)
0	157	616	615	1	0	0	0	0	3	0	0	0	Straight	0.0	15177.2	15180.2	LINESTRING(363.030000 281.580000,379.090000 271.730000)
0	158	615	1825	1	0	0	0	0	27	0	0	0	Straight	0.0	15180.2	15207.2	LINESTRING(379.090000 271.730000,401.590000 256.480000)
0	159	1825	690	1	0	0	0	0	12	0	0	0	Straight	0.0	15207.2	15219.2	LINESTRING(401.590000 256.480000,411.190000 240.760000)
0	160	690	2085	1	0	0	0	0	15	0	0	0	Left	11.389	15230.6	15245.6	LINESTRING(411.190000 240.760000,421.880000 250.660000)
0	161	2085	1083	1	0	0	0	0	71	0	0	0	Straight	0.0	15245.6	15316.6	LINESTRING(421.880000 250.660000,446.000000 251.770000)
1	0	1083	2085	1	0	0	0	0	71	0	0	300		0.0	15616.6	15687.6	LINESTRING(446.000000 251.770000,421.880000 250.660000)
1	1	2085	1825	0	0	0	0	0	21	0	0	0	Straight	0.0	15687.6	15708.6	LINESTRING(421.880000 250.660000,401.590000 256.480000)
1	2	1825	615	1	0	0	0	0	27	0	0	0	Straight	0.0	15708.6	15735.6	LINESTRING(401.590000 256.480000,379.090000 271.730000)
1	3	615	1684	0	0	0	0	0	58	0	0	0	Right	5.695	15741.3	15799.3	LINESTRING(379.090000 271.730000,393.810000 293.840000)
1	4	1684	1721	0	0	0	0	0	152	0	0	0	Straight	0.0	15799.3	15951.3	LINESTRING(393.810000 293.840000,413.370000 313.350000)
1	5	1721	1587	0	0	0	0	0	121	0	0	0	Straight	0.0	15951.3	16072.3	LINESTRING(413.370000 313.350000,435.110000 331.040000)
1	6	1587	281	0	0	0	0	0	54	0	0	0	Straight	0.0	16072.3	16126.3	LINESTRING(435.110000 331.040000,459.710000 345.200000)
1	7	281	707	0	0	0	0	0	8	0	0	0	Straight	0.0	16126.3	16134.3	LINESTRING(459.710000 345.200000,472.620000 354.790000)
1	8	707	703	0	0	0	0	0	5	0	0	0	Straight	0.0	16134.3	16139.3	LINESTRING(472.620000 354.790000,485.130000 364.600000)
1	9	703	698	0	0	0	0	0	5	0	0	0	Straight	0.0	16139.3	16144.3	LINESTRING(485.130000 364.600000,504.740000 377.850000)
1	10	698	1946	0	0	0	0	0	6	0	0	0	Straight	0.0	16144.3	16150.3	LINESTRING(504.740000 377.850000,513.150000 392.610000)
1	11	1946	1607	0	0	0	0	0	13	0	0	0	Straight	0.0	16150.3	16163.3	LINESTRING(513.150000 392.610000,521.020000 407.560000)
1	12	1607	1326	0	0	0	0	0	24	0	0	0	Straight	0.0	16163.3	16187.3	LINESTRING(521.020000 407.560000,530.550000 425.070000)
1	13	1326	641	1	0	0	0	0	21	0	0	0	Straight	0.0	16187.3	16208.3	LINESTRING(530.550000 425.070000,540.530000 441.930000)
1	14	641	627	1	0	0	0	0	29	0	0	0	Straight	0.0	16208.3	16237.3	LINESTRING(540.530000 441.930000,541.640000 454.290000)
1	15	627	628	1	0	0	0	0	6	0	0	0	Straight	0.0	16237.3	16243.3	LINESTRING(541.640000 454.290000,539.320000 463.330000)
1	16	628	2024	1	0	0	0	0	30	0	0	0	Straight	0.0	16243.3	16273.3	LINESTRING(539.320000 463.330000,540.110000 472.160000)
1	17	2024	626	1	0	0	0	0	36	0	0	0	Straight	0.0	16273.3	16309.3	LINESTRING(540.110000 472.160000,535.130000 480.110000)
1	18	626	190	1	0	0	0	0	29	0	0	0	Straight	0.0	16309.3	16338.3	LINESTRING(535.130000 480.110000,526.260000 488.210000)
1	19	190	612	1	0	0	0	0	23	0	0	0	Straight	0.0	16338.3	16361.3	LINESTRING(526.260000 488.210000,525.920000 494.640000)
1	20	612	191	1	0	0	0	0	5	0	0	0	Left	11.389	16372.6	16377.6	LINESTRING(525.920000 494.640000,517.170000 494.040000)
1	21	191	1352	1	0	0	0	0	44	0	0	0	Right	5.695	16383.3	16427.3	LINESTRING(517.170000 494.040000,513.690000 505.610000)
1	22	1352	1324	1	0	0	0	0	52	0	0	0	Straight	0.0	16427.3	16479.3	LINESTRING(513.690000 505.610000,511.560000 524.030000)
1	23	1324	1325	1	0	0	0	0	121	0	0	0	Straight	0.0	16479.3	16600.3	LINESTRING(511.560000 524.030000,512.600000 545.320000)
1	24	1325	1341	1	0	0	0	0	37	0	0	0	Straight	0.0	16600.3	16637.3	LINESTRING(512.600000 545.320000,513.870000 566.310000)
1	25	1341	1566	1	0	0	0	0	103	0	0	0	Left	11.389	16648.7	16751.7	LINESTRING(513.870000 566.310000,494.120000 577.990000)
1	26	1566	101	0	0	0	0	0	4	0	0	0	Straight	0.0	16751.7	16755.7	LINESTRING(494.120000 577.990000,487.520000 592.890000)
1	27	101	102	0	0	0	0	0	4	0	0	0	Straight	0.0	16755.7	16759.7	LINESTRING(487.520000 592.890000,481.160000 608.080000)
1	28	102	79	0	0	0	0	0	78	0	0	0	Straight	0.0	16759.7	16837.7	LINESTRING(481.160000 608.080000,475.660000 625.840000)
1	29	79	436	0	1	141	141	0	25	165	1	0	Straight	0.0	16837.7	17002.7	LINESTRING(475.660000 625.840000,465.490000 635.450000)
1	30	436	60	1	1	252	252	0	45	295	1	0	Straight	0.0	17002.7	17297.7	LINESTRING(465.490000 635.450000,455.600000 639.830000)
1	31	60	1500	1	1	423	423	0	76	496	1	0	Straight	0.0	17297.7	17793.7	LINESTRING(455.600000 639.830000,449.510000 645.730000)
1	32	1500	1711	1	1	339	339	0	61	391	1	0	Straight	0.0	17793.7	18184.7	LINESTRING(449.510000 645.730000,449.080000 650.280000)
1	33	1711	69	1	1	113	113	0	20	130	1	0	Left	11.389	18196.1	18326.1	LINESTRING(449.080000 650.280000,443.000000 653.160000)
1	34	69	70	1	1	64	64	0	12	72	1	0	Right	5.695	18331.8	18403.8	LINESTRING(443.000000 653.160000,442.780000 657.280000)
1	35	70	69	1	1	64	64	0	12	72	0	0	U	45.557	18449.4	18461.4	LINESTRING(442.780000 657.280000,443.000000 653.160000)
1	36	69	397	1	1	178	178	0	32	202	1	0	Right	5.695	18467.1	18669.1	LINESTRING(443.000000 653.160000,437.020000 654.510000)
1	37	397	1433	1	1	74	74	0	13	83	1	0	Right	5.695	18674.8	18757.8	LINESTRING(437.020000 654.510000,434.110000 659.490000)
1	38	1433	397	1	1	74	74	0	13	83	0	0	U	45.557	18803.3	18816.3	LINESTRING(434.110000 659.490000,437.020000 654.510000)
1	39	397	324	1	1	172	172	0	31	201	1	0	Straight	0.0	18816.3	19017.3	LINESTRING(437.020000 654.510000,438.060000 648.020000)
1	40	324	35	1	1	117	117	0	21	131	0	0	Straight	0.0	19017.3	19038.3	LINESTRING(438.060000 648.020000,440.570000 639.970000)
1	41	35	305	1	1	104	104	0	19	119	1	0	Straight	0.0	19038.3	19157.3	LINESTRING(440.570000 639.970000,438.560000 632.250000)
1	42	305	2177	1	1	127	127	0	23	143	0	0	Right	5.695	19163.0	19186.0	LINESTRING(438.560000 632.250000,435.020000 634.410000)
1	43	2177	305	1	1	127	127	0	23	143	1	0	U	45.557	19231.6	19374.6	LINESTRING(435.020000 634.410000,438.560000 632.250000)
1	44	305	35	1	1	104	104	0	19	119	0	0	Left	11.389	19386.0	19405.0	LINESTRING(438.560000 632.250000,440.570000 639.970000)
1	45	35	324	1	1	117	117	0	21	131	1	0	Straight	0.0	19405.0	19536.0	LINESTRING(440.570000 639.970000,438.060000 648.020000)
1	46	324	2127	1	1	91	91	0	16	106	0	0	Straight	0.0	19536.0	19552.0	LINESTRING(438.060000 648.020000,433.870000 650.840000)
1	47	2127	324	1	1	91	91	0	16	106	1	0	U	45.557	19597.5	19703.5	LINESTRING(433.870000 650.840000,438.060000 648.020000)
1	48	324	325	1	1	69	69	0	12	72	1	0	Left	11.389	19714.9	19786.9	LINESTRING(438.060000 648.020000,443.040000 649.230000)
1	49	325	1663	1	1	19	19	0	3	13	0	0	Left	11.389	19798.3	19801.3	LINESTRING(443.040000 649.230000,440.130000 654.130000)
1	50	1663	325	1	1	19	19	0	3	13	1	0	U	45.557	19846.8	19859.8	LINESTRING(440.130000 654.130000,443.040000 649.230000)
1	51	325	1500	1	1	170	170	0	31	201	1	0	Straight	0.0	19859.8	20060.8	LINESTRING(443.040000 649.230000,449.510000 645.730000)
1	52	1500	1711	1	1	339	339	0	61	391	0	0	Left	11.389	20072.2	20133.2	LINESTRING(449.510000 645.730000,449.080000 650.280000)
1	53	1711	1765	1	1	173	173	0	31	201	1	0	Right	5.695	20138.9	20339.9	LINESTRING(449.080000 650.280000,455.790000 648.810000)
1	54	1765	81	0	1	15	15	0	3	13	1	0	Left	11.389	20351.3	20364.3	LINESTRING(455.790000 648.810000,457.890000 653.200000)
1	55	81	83	0	1	20	20	0	4	24	1	0	Right	5.695	20370.0	20394.0	LINESTRING(457.890000 653.200000,460.110000 650.670000)
1	56	83	441	0	1	31	31	0	6	36	1	0	Right	5.695	20399.7	20435.7	LINESTRING(460.110000 650.670000,458.860000 646.030000)
1	57	441	84	0	1	100	100	0	18	118	1	0	Straight	0.0	20435.7	20553.7	LINESTRING(458.860000 646.030000,464.500000 633.350000)
1	58	84	80	0	1	133	133	0	24	154	1	0	Straight	0.0	20553.7	20707.7	LINESTRING(464.500000 633.350000,468.430000 619.580000)
1	59	80	79	1	1	23	23	0	4	24	1	0	Left	11.389	20719.1	20743.1	LINESTRING(468.430000 619.580000,475.660000 625.840000)
1	60	79	403	1	0	0	0	0	47	0	0	0	Straight	0.0	20743.1	20790.1	LINESTRING(475.660000 625.840000,482.420000 641.940000)
1	61	403	57	1	1	531	531	0	95	625	1	0	Right	5.695	20795.8	21420.8	LINESTRING(482.420000 641.940000,492.310000 637.680000)
1	62	57	1836	1	1	111	111	0	20	130	1	0	Straight	0.0	21420.8	21550.8	LINESTRING(492.310000 637.680000,499.680000 638.190000)
1	63	1836	1837	1	1	90	90	0	16	106	1	0	Straight	0.0	21550.8	21656.8	LINESTRING(499.680000 638.190000,506.900000 638.550000)
1	64	1837	321	1	1	98	98	0	18	108	1	0	Straight	0.0	21656.8	21764.8	LINESTRING(506.900000 638.550000,513.690000 637.420000)
1	65	321	25	1	0	0	0	0	67	0	0	0	Left	11.389	21776.2	21843.2	LINESTRING(513.690000 637.420000,516.190000 648.840000)
1	66	25	1580	1	1	147	147	0	27	167	1	0	Straight	0.0	21843.2	22010.2	LINESTRING(516.190000 648.840000,515.200000 659.000000)
1	67	1580	21	1	0	0	0	0	23	0	0	0	Left	11.389	22021.6	22044.6	LINESTRING(515.200000 659.000000,507.690000 664.970000)
1	68	21	22	1	1	74	74	0	13	83	1	0	Right	5.695	22050.3	22133.3	LINESTRING(507.690000 664.970000,507.440000 669.590000)
1	69	22	21	1	1	74	74	0	13	83	0	0	U	45.557	22178.8	22191.8	LINESTRING(507.440000 669.590000,507.690000 664.970000)
1	70	21	38	1	1	192	192	0	35	225	1	0	Right	5.695	22197.5	22422.5	LINESTRING(507.690000 664.970000,498.770000 658.220000)
1	71	38	46	1	0	0	0	0	18	0	0	0	Straight	0.0	22422.5	22440.5	LINESTRING(498.770000 658.220000,495.180000 648.130000)
1	72	46	57	1	1	200	200	0	36	236	0	0	Straight	0.0	22440.5	22476.5	LINESTRING(495.180000 648.130000,492.310000 637.680000)
1	73	57	2016	1	1	117	117	0	21	131	1	0	Straight	0.0	22476.5	22607.5	LINESTRING(492.310000 637.680000,493.940000 624.740000)
1	74	2016	1699	1	1	36	36	0	7	37	1	0	Straight	0.0	22607.5	22644.5	LINESTRING(493.940000 624.740000,499.090000 615.690000)
1	75	1699	411	1	1	25	25	0	4	24	1	0	Straight	0.0	22644.5	22668.5	LINESTRING(499.090000 615.690000,499.360000 604.810000)
1	76	411	1699	1	1	25	25	0	4	24	0	0	U	45.557	22714.1	22718.1	LINESTRING(499.360000 604.810000,499.090000 615.690000)
1	77	1699	2016	1	1	36	36	0	7	37	0	0	Straight	0.0	22718.1	22725.1	LINESTRING(499.090000 615.690000,493.940000 624.740000)
1	78	2016	57	1	1	117	117	0	21	131	0	0	Straight	0.0	22725.1	22746.1	LINESTRING(493.940000 624.740000,492.310000 637.680000)
1	79	57	46	1	1	200	200	0	36	236	1	0	Straight	0.0	22746.1	22982.1	LINESTRING(492.310000 637.680000,495.180000 648.130000)
1	80	46	1906	1	1	32	32	0	6	36	0	0	Straight	0.0	22982.1	22988.1	LINESTRING(495.180000 648.130000,497.870000 651.710000)
1	81	1906	46	1	1	32	32	0	6	36	1	0	U	45.557	23033.6	23069.6	LINESTRING(497.870000 651.710000,495.180000 648.130000)
1	82	46	45	1	1	35	35	0	6	36	1	0	Right	5.695	23075.3	23111.3	LINESTRING(495.180000 648.130000,492.620000 651.820000)
1	83	45	46	1	1	35	35	0	6	36	0	0	U	45.557	23156.9	23162.9	LINESTRING(492.620000 651.820000,495.180000 648.130000)
1	84	46	38	1	0	0	0	0	18	0	0	0	Left	11.389	23174.3	23192.3	LINESTRING(495.180000 648.130000,498.770000 658.220000)
1	85	38	43	1	1	83	83	0	15	95	1	0	Left	11.389	23203.7	23298.7	LINESTRING(498.770000 658.220000,490.770000 660.120000)
1	86	43	1508	1	1	31	31	0	6	36	0	0	Right	5.695	23304.4	23310.4	LINESTRING(490.770000 660.120000,490.740000 664.840000)
1	87	1508	43	1	1	31	31	0	6	36	1	0	U	45.557	23355.9	23391.9	LINESTRING(490.740000 664.840000,490.770000 660.120000)
1	88	43	392	1	1	78	78	0	14	84	1	0	Right	5.695	23397.6	23481.6	LINESTRING(490.770000 660.120000,483.080000 659.900000)
1	89	392	320	1	0	0	0	0	60	0	0	0	Right	5.695	23487.3	23547.3	LINESTRING(483.080000 659.900000,481.090000 677.710000)
1	90	320	1835	1	1	74	74	0	13	83	1	0	Straight	0.0	23547.3	23630.3	LINESTRING(481.090000 677.710000,478.650000 687.980000)
1	91	1835	1883	1	1	251	251	0	45	295	1	0	Straight	0.0	23630.3	23925.3	LINESTRING(478.650000 687.980000,479.390000 694.420000)
1	92	1883	1626	1	1	168	168	0	30	190	1	0	Left	11.389	23936.7	24126.7	LINESTRING(479.390000 694.420000,475.450000 694.970000)
1	93	1626	1627	1	1	81	81	0	15	95	0	0	Right	5.695	24132.4	24147.4	LINESTRING(475.450000 694.970000,471.970000 699.800000)
1	94	1627	1626	1	1	81	81	0	15	95	1	0	U	45.557	24192.9	24287.9	LINESTRING(471.970000 699.800000,475.450000 694.970000)
1	95	1626	1835	1	1	58	58	0	10	60	1	0	Straight	0.0	24287.9	24347.9	LINESTRING(475.450000 694.970000,478.650000 687.980000)
1	96	1835	1626	1	1	58	58	0	10	60	0	0	U	45.557	24393.5	24403.5	LINESTRING(478.650000 687.980000,475.450000 694.970000)
1	97	1626	1883	1	1	168	168	0	30	190	0	0	Right	5.695	24409.2	24439.2	LINESTRING(475.450000 694.970000,479.390000 694.420000)
1	98	1883	299	1	1	253	253	0	45	295	1	0	Straight	0.0	24439.2	24734.2	LINESTRING(479.390000 694.420000,484.830000 696.590000)
1	99	299	298	1	1	98	98	0	18	108	0	0	U	45.557	24779.8	24797.8	LINESTRING(484.830000 696.590000,480.520000 691.690000)
1	100	298	30	1	0	0	0	0	18	0	0	0	Right	5.695	24803.5	24821.5	LINESTRING(480.520000 691.690000,477.610000 703.990000)
1	101	30	1978	1	1	77	77	0	14	84	0	0	Straight	0.0	24821.5	24835.5	LINESTRING(477.610000 703.990000,475.440000 714.110000)
1	102	1978	2056	1	1	41	41	0	7	47	0	0	Straight	0.0	24835.5	24842.5	LINESTRING(475.440000 714.110000,472.280000 719.410000)
1	103	2056	1978	1	1	41	41	0	7	47	1	0	U	45.557	24888.0	24935.0	LINESTRING(472.280000 719.410000,475.440000 714.110000)
1	104	1978	30	1	1	77	77	0	14	84	1	0	Straight	0.0	24935.0	25019.0	LINESTRING(475.440000 714.110000,477.610000 703.990000)
1	105	30	29	1	1	76	76	0	14	84	0	0	Right	5.695	25024.7	25038.7	LINESTRING(477.610000 703.990000,473.130000 706.840000)
1	106	29	30	1	1	76	76	0	14	84	1	0	U	45.557	25084.3	25168.3	LINESTRING(473.130000 706.840000,477.610000 703.990000)
1	107	30	1978	1	1	77	77	0	14	84	0	0	Left	11.389	25179.7	25193.7	LINESTRING(477.610000 703.990000,475.440000 714.110000)
1	108	1978	1979	1	1	97	97	0	17	107	0	0	Straight	0.0	25193.7	25210.7	LINESTRING(475.440000 714.110000,476.000000 720.610000)
1	109	1979	1978	1	1	97	97	0	17	107	1	0	U	45.557	25256.2	25363.2	LINESTRING(476.000000 720.610000,475.440000 714.110000)
1	110	1978	30	1	1	77	77	0	14	84	0	0	Straight	0.0	25363.2	25377.2	LINESTRING(475.440000 714.110000,477.610000 703.990000)
1	111	30	298	1	0	0	0	0	18	0	0	0	Straight	0.0	25377.2	25395.2	LINESTRING(477.610000 703.990000,480.520000 691.690000)
1	112	298	299	1	1	98	98	0	18	108	1	0	Left	11.389	25406.6	25514.6	LINESTRING(480.520000 691.690000,484.830000 696.590000)
1	113	299	284	1	1	74	74	0	13	83	1	0	Straight	0.0	25514.6	25597.6	LINESTRING(484.830000 696.590000,492.280000 699.010000)
1	114	284	1728	1	0	0	0	0	27	0	0	0	U	45.557	25643.2	25670.2	LINESTRING(492.280000 699.010000,490.040000 696.270000)
1	115	1728	6	1	0	0	0	0	23	0	0	0	Left	11.389	25681.5	25704.5	LINESTRING(490.040000 696.270000,492.450000 688.100000)
1	116	6	7	1	1	6	6	0	1	1	1	0	Right	5.695	25710.2	25711.2	LINESTRING(492.450000 688.100000,480.620000 682.640000)
1	117	7	10	1	0	0	0	0	17	0	0	0	Straight	0.0	25711.2	25728.2	LINESTRING(480.620000 682.640000,469.010000 676.070000)
1	118	10	1370	1	0	0	0	0	32	0	0	0	Right	5.695	25733.9	25765.9	LINESTRING(469.010000 676.070000,462.800000 677.920000)
1	119	1370	257	1	1	200	200	0	36	236	1	0	Left	11.389	25777.3	26013.3	LINESTRING(462.800000 677.920000,459.690000 675.170000)
1	120	257	258	1	0	0	0	0	9	0	0	0	Left	11.389	26024.7	26033.7	LINESTRING(459.690000 675.170000,459.900000 666.970000)
1	121	258	275	1	1	85	85	0	15	95	1	0	Straight	0.0	26033.7	26128.7	LINESTRING(459.900000 666.970000,452.400000 653.360000)
1	122	275	274	1	0	0	0	0	31	0	0	0	Straight	0.0	26128.7	26159.7	LINESTRING(452.400000 653.360000,445.360000 638.870000)
1	123	274	1337	1	0	0	0	0	50	0	0	0	Straight	0.0	26159.7	26209.7	LINESTRING(445.360000 638.870000,438.560000 624.710000)
1	124	1337	1369	1	0	0	0	0	145	0	0	0	Right	5.695	26215.4	26360.4	LINESTRING(438.560000 624.710000,414.530000 621.460000)
1	125	1369	1943	1	1	197	197	0	35	225	0	0	Right	5.695	26366.1	26401.1	LINESTRING(414.530000 621.460000,413.530000 631.960000)
1	126	1943	2120	1	1	90	90	0	16	106	1	0	Left	11.389	26412.5	26518.5	LINESTRING(413.530000 631.960000,409.390000 631.260000)
1	127	2120	1943	1	1	90	90	0	16	106	0	0	U	45.557	26564.0	26580.0	LINESTRING(409.390000 631.260000,413.530000 631.960000)
1	128	1943	433	1	1	156	156	0	28	178	1	0	Left	11.389	26591.4	26769.4	LINESTRING(413.530000 631.960000,414.770000 642.860000)
1	129	433	432	1	1	171	171	0	31	201	1	0	Straight	0.0	26769.4	26970.4	LINESTRING(414.770000 642.860000,414.970000 647.630000)
1	130	432	433	1	1	171	171	0	31	201	0	0	U	45.557	27016.0	27047.0	LINESTRING(414.970000 647.630000,414.770000 642.860000)
1	131	433	89	1	1	68	68	0	12	72	1	0	U	45.557	27092.5	27164.5	LINESTRING(414.770000 642.860000,417.590000 652.410000)
1	132	89	88	1	1	105	105	0	19	119	1	0	Straight	0.0	27164.5	27283.5	LINESTRING(417.590000 652.410000,421.000000 660.550000)
1	133	88	443	1	1	10	10	0	2	12	1	0	Straight	0.0	27283.5	27295.5	LINESTRING(421.000000 660.550000,425.800000 668.810000)
1	134	443	1565	1	1	121	121	0	22	142	1	0	Left	11.389	27306.9	27448.9	LINESTRING(425.800000 668.810000,423.490000 674.850000)
1	135	1565	443	1	1	121	121	0	22	142	0	0	U	45.557	27494.5	27516.5	LINESTRING(423.490000 674.850000,425.800000 668.810000)
1	136	443	100	1	1	255	255	0	46	296	1	0	Left	11.389	27527.9	27823.9	LINESTRING(425.800000 668.810000,434.240000 670.490000)
1	137	100	99	1	1	80	80	0	14	94	1	0	Left	11.389	27835.3	27929.3	LINESTRING(434.240000 670.490000,432.200000 676.040000)
1	138	99	100	1	1	80	80	0	14	94	0	0	U	45.557	27974.8	27988.8	LINESTRING(432.200000 676.040000,434.240000 670.490000)
1	139	100	486	1	1	285	285	0	51	331	1	0	Straight	0.0	27988.8	28319.8	LINESTRING(434.240000 670.490000,443.380000 665.810000)
1	140	486	1997	1	1	184	184	0	33	213	1	0	Left	11.389	28331.2	28544.2	LINESTRING(443.380000 665.810000,442.660000 672.120000)
1	141	1997	486	1	1	184	184	0	33	213	0	0	U	45.557	28589.8	28622.8	LINESTRING(442.660000 672.120000,443.380000 665.810000)
1	142	486	440	1	1	395	395	0	71	461	1	0	Straight	0.0	28622.8	29083.8	LINESTRING(443.380000 665.810000,452.020000 656.960000)
1	143	440	441	0	1	53	53	0	10	60	1	0	Straight	0.0	29083.8	29143.8	LINESTRING(452.020000 656.960000,458.860000 646.030000)
1	144	441	84	0	1	100	100	0	18	118	0	0	Straight	0.0	29143.8	29161.8	LINESTRING(458.860000 646.030000,464.500000 633.350000)
1	145	84	436	1	1	22	22	0	4	24	1	0	Left	11.389	29173.2	29197.2	LINESTRING(464.500000 633.350000,465.490000 635.450000)
1	146	436	437	0	1	34	34	0	6	36	1	0	Left	11.389	29208.6	29244.6	LINESTRING(465.490000 635.450000,461.480000 643.960000)
1	147	437	1765	0	1	124	124	0	22	142	1	0	Straight	0.0	29244.6	29386.6	LINESTRING(461.480000 643.960000,455.790000 648.810000)
1	148	1765	81	0	1	15	15	0	3	13	0	0	Right	5.695	29392.2	29395.2	LINESTRING(455.790000 648.810000,457.890000 653.200000)
1	149	81	82	0	1	27	27	0	5	25	1	0	Straight	0.0	29395.2	29420.2	LINESTRING(457.890000 653.200000,457.160000 656.280000)
1	150	82	440	0	1	22	22	0	4	24	1	0	Left	11.389	29431.6	29455.6	LINESTRING(457.160000 656.280000,452.020000 656.960000)
1	151	440	441	0	1	53	53	0	10	60	0	0	Left	11.389	29467.0	29477.0	LINESTRING(452.020000 656.960000,458.860000 646.030000)
1	152	441	84	0	1	100	100	0	18	118	0	0	Straight	0.0	29477.0	29495.0	LINESTRING(458.860000 646.030000,464.500000 633.350000)
1	153	84	436	1	1	22	22	0	4	24	0	0	Left	11.389	29506.4	29510.4	LINESTRING(464.500000 633.350000,465.490000 635.450000)
1	154	436	437	0	1	34	34	0	6	36	0	0	Left	11.389	29521.8	29527.8	LINESTRING(465.490000 635.450000,461.480000 643.960000)
1	155	437	83	0	1	98	98	0	18	108	1	0	Straight	0.0	29527.8	29635.8	LINESTRING(461.480000 643.960000,460.110000 650.670000)
1	156	83	82	0	1	15	15	0	3	13	1	0	Straight	0.0	29635.8	29648.8	LINESTRING(460.110000 650.670000,457.160000 656.280000)
1	157	82	440	0	1	22	22	0	4	24	0	0	Left	11.389	29660.2	29664.2	LINESTRING(457.160000 656.280000,452.020000 656.960000)
1	158	440	441	0	1	53	53	0	10	60	0	0	Left	11.389	29675.6	29685.6	LINESTRING(452.020000 656.960000,458.860000 646.030000)
1	159	441	84	0	1	100	100	0	18	118	0	0	Straight	0.0	29685.6	29703.6	LINESTRING(458.860000 646.030000,464.500000 633.350000)
1	160	84	439	1	1	67	67	0	12	72	1	0	Left	11.389	29715.0	29787.0	LINESTRING(464.500000 633.350000,468.660000 639.250000)
1	161	439	442	1	1	46	46	0	8	48	1	0	Straight	0.0	29787.0	29835.0	LINESTRING(468.660000 639.250000,472.700000 640.800000)
1	162	442	439	1	1	46	46	0	8	48	0	0	U	45.557	29880.5	29888.5	LINESTRING(472.700000 640.800000,468.660000 639.250000)
1	163	439	2169	1	1	46	46	0	8	48	1	0	Right	5.695	29894.2	29942.2	LINESTRING(468.660000 639.250000,470.290000 644.290000)
1	164	2169	439	1	1	46	46	0	8	48	0	0	U	45.557	29987.8	29995.8	LINESTRING(470.290000 644.290000,468.660000 639.250000)
1	165	439	84	1	1	67	67	0	12	72	0	0	Straight	0.0	29995.8	30007.8	LINESTRING(468.660000 639.250000,464.500000 633.350000)
1	166	84	80	0	1	133	133	0	24	154	0	0	Left	11.389	30019.2	30043.2	LINESTRING(464.500000 633.350000,468.430000 619.580000)
1	167	80	105	0	1	377	377	0	68	438	1	0	Straight	0.0	30043.2	30481.2	LINESTRING(468.430000 619.580000,468.170000 604.310000)
1	168	105	1645	0	1	48	48	0	9	49	1	0	Straight	0.0	30481.2	30530.2	LINESTRING(468.170000 604.310000,473.460000 595.750000)
1	169	1645	467	0	1	25	25	0	4	24	1	0	Straight	0.0	30530.2	30554.2	LINESTRING(473.460000 595.750000,475.890000 580.340000)
1	170	467	101	0	0	0	0	0	3	0	0	0	Left	11.389	30565.6	30568.6	LINESTRING(475.890000 580.340000,487.520000 592.890000)
1	171	101	102	0	0	0	0	0	4	0	0	0	Left	11.389	30579.9	30583.9	LINESTRING(487.520000 592.890000,481.160000 608.080000)
1	172	102	1645	0	0	0	0	0	4	0	0	0	Left	11.389	30595.3	30599.3	LINESTRING(481.160000 608.080000,473.460000 595.750000)
1	173	1645	106	0	0	0	0	0	8	0	0	0	Straight	0.0	30599.3	30607.3	LINESTRING(473.460000 595.750000,463.870000 592.580000)
1	174	106	491	0	0	0	0	0	24	0	0	0	Straight	0.0	30607.3	30631.3	LINESTRING(463.870000 592.580000,454.210000 580.680000)
1	175	491	494	0	0	0	0	0	8	0	0	0	Straight	0.0	30631.3	30639.3	LINESTRING(454.210000 580.680000,448.800000 571.000000)
1	176	494	1405	0	0	0	0	0	10	0	0	0	Straight	0.0	30639.3	30649.3	LINESTRING(448.800000 571.000000,437.880000 566.990000)
1	177	1405	130	0	0	0	0	0	21	0	0	0	Straight	0.0	30649.3	30670.3	LINESTRING(437.880000 566.990000,424.450000 558.960000)
1	178	130	131	0	0	0	0	0	19	0	0	0	Left	11.389	30681.7	30700.7	LINESTRING(424.450000 558.960000,424.080000 549.750000)
1	179	131	141	0	0	0	0	0	1	0	0	0	Straight	0.0	30700.7	30701.7	LINESTRING(424.080000 549.750000,421.030000 538.540000)
1	180	141	143	0	0	0	0	0	12	0	0	0	Straight	0.0	30701.7	30713.7	LINESTRING(421.030000 538.540000,413.950000 531.300000)
1	181	143	144	0	0	0	0	0	9	0	0	0	Straight	0.0	30713.7	30722.7	LINESTRING(413.950000 531.300000,407.090000 523.350000)
1	182	144	147	0	0	0	0	0	1	0	0	0	Right	5.695	30728.4	30729.4	LINESTRING(407.090000 523.350000,394.260000 523.730000)
1	183	147	571	0	0	0	0	0	6	0	0	0	Straight	0.0	30729.4	30735.4	LINESTRING(394.260000 523.730000,378.900000 519.260000)
1	184	571	156	0	0	0	0	0	3	0	0	0	Left	11.389	30746.8	30749.8	LINESTRING(378.900000 519.260000,388.320000 503.710000)
1	185	156	162	0	0	0	0	0	4	0	0	0	Straight	0.0	30749.8	30753.8	LINESTRING(388.320000 503.710000,400.430000 486.300000)
1	186	162	157	0	0	0	0	0	57	0	0	0	Straight	0.0	30753.8	30810.8	LINESTRING(400.430000 486.300000,412.480000 468.730000)
1	187	157	158	1	0	0	0	0	2	0	0	0	Right	5.695	30816.5	30818.5	LINESTRING(412.480000 468.730000,395.610000 469.280000)
1	188	158	1647	1	0	0	0	0	5	0	0	0	Straight	0.0	30818.5	30823.5	LINESTRING(395.610000 469.280000,378.350000 466.910000)
1	189	1647	178	1	0	0	0	0	12	0	0	0	Straight	0.0	30823.5	30835.5	LINESTRING(378.350000 466.910000,360.880000 464.360000)
1	190	178	179	0	0	0	0	0	32	0	0	0	Straight	0.0	30835.5	30867.5	LINESTRING(360.880000 464.360000,349.240000 465.280000)
1	191	179	1521	0	0	0	0	0	8	0	0	0	Straight	0.0	30867.5	30875.5	LINESTRING(349.240000 465.280000,339.840000 463.860000)
1	192	1521	222	0	0	0	0	0	25	0	0	0	Straight	0.0	30875.5	30900.5	LINESTRING(339.840000 463.860000,330.240000 457.470000)
1	193	222	223	0	0	0	0	0	32	0	0	0	Straight	0.0	30900.5	30932.5	LINESTRING(330.240000 457.470000,319.420000 451.510000)
1	194	223	236	1	0	0	0	0	3	0	0	0	Left	11.389	30943.9	30946.9	LINESTRING(319.420000 451.510000,323.050000 445.110000)
1	195	236	635	1	0	0	0	0	38	0	0	0	Straight	0.0	30946.9	30984.9	LINESTRING(323.050000 445.110000,323.740000 433.050000)
1	196	635	1842	1	0	0	0	0	51	0	0	0	Straight	0.0	30984.9	31035.9	LINESTRING(323.740000 433.050000,317.250000 422.990000)
1	197	1842	765	1	0	0	0	0	59	0	0	0	Straight	0.0	31035.9	31094.9	LINESTRING(317.250000 422.990000,308.120000 413.910000)
1	198	765	766	1	0	0	0	0	55	0	0	0	Left	11.389	31106.3	31161.3	LINESTRING(308.120000 413.910000,312.040000 400.610000)
1	199	766	788	1	0	0	0	0	18	0	0	0	Straight	0.0	31161.3	31179.3	LINESTRING(312.040000 400.610000,320.960000 384.390000)
1	200	788	388	1	0	0	0	0	83	0	0	0	Straight	0.0	31179.3	31262.3	LINESTRING(320.960000 384.390000,321.760000 366.070000)
1	201	388	1678	1	0	0	0	0	35	0	0	0	Right	5.695	31268.0	31303.0	LINESTRING(321.760000 366.070000,302.470000 357.350000)
1	202	1678	459	1	0	0	0	0	11	0	0	0	Straight	0.0	31303.0	31314.0	LINESTRING(302.470000 357.350000,290.760000 342.770000)
1	203	459	507	1	0	0	0	0	23	0	0	0	Straight	0.0	31314.0	31337.0	LINESTRING(290.760000 342.770000,275.170000 339.790000)
1	204	507	969	1	0	0	0	0	85	0	0	0	Straight	0.0	31337.0	31422.0	LINESTRING(275.170000 339.790000,267.880000 330.780000)
1	205	969	2097	1	0	0	0	0	24	0	0	0	Left	11.389	31433.4	31457.4	LINESTRING(267.880000 330.780000,279.580000 320.460000)
1	206	2097	556	1	0	0	0	0	25	0	0	0	Straight	0.0	31457.4	31482.4	LINESTRING(279.580000 320.460000,289.600000 308.420000)
1	207	556	564	1	0	0	0	0	27	0	0	0	Straight	0.0	31482.4	31509.4	LINESTRING(289.600000 308.420000,297.850000 297.270000)
1	208	564	594	1	0	0	0	0	26	0	0	0	Straight	0.0	31509.4	31535.4	LINESTRING(297.850000 297.270000,307.380000 288.170000)
1	209	594	593	1	0	0	0	0	34	0	0	0	Straight	0.0	31535.4	31569.4	LINESTRING(307.380000 288.170000,320.190000 279.470000)
1	210	593	607	1	0	0	0	0	30	0	0	0	Straight	0.0	31569.4	31599.4	LINESTRING(320.190000 279.470000,341.470000 281.280000)
1	211	607	616	1	0	0	0	0	22	0	0	0	Straight	0.0	31599.4	31621.4	LINESTRING(341.470000 281.280000,363.030000 281.580000)
1	212	616	615	1	0	0	0	0	3	0	0	0	Straight	0.0	31621.4	31624.4	LINESTRING(363.030000 281.580000,379.090000 271.730000)
1	213	615	1825	1	0	0	0	0	27	0	0	0	Straight	0.0	31624.4	31651.4	LINESTRING(379.090000 271.730000,401.590000 256.480000)
1	214	1825	690	1	0	0	0	0	12	0	0	0	Straight	0.0	31651.4	31663.4	LINESTRING(401.590000 256.480000,411.190000 240.760000)
1	215	690	2085	1	0	0	0	0	15	0	0	0	Left	11.389	31674.8	31689.8	LINESTRING(411.190000 240.760000,421.880000 250.660000)
1	216	2085	1083	1	0	0	0	0	71	0	0	0	Straight	0.0	31689.8	31760.8	LINESTRING(421.880000 250.660000,446.000000 251.770000)
2	0	1083	1083	-1	-1	0	0	0	0	0	0	300		0.0	31760.8	32060.8	LINESTRING(446.000000 251.770000,446.000000 251.770000)
