Problem Type	Solution Method	Vehicle Capacity (Weight)	Vehicle Capacity(Volume)	Disposal Trips	Route Time	Route Time wo Turns	Computational Time(Sec)	Clustering Time(Sec)	VA(NHO)	VA(ATD)	VA(CCI)	VA(DMT)	VA(ROI)	VA(AOI)	Optimal
MCARPTIF-TP	GPM	10000	10000	2	29736.9	26918	62.608	2.289	1.17507e-06	832.534	1	17049	0.0916656	0.117784	1
Load No	Sequence No	From Node ID	To Node ID	IsEdge	Required	Weight	Volume	Travel Miles	Travel Time	Service Time	Served	Dumped	Turn Type	Turn Cost	Depart Time	Arrival Time	Shape
0	0	1083	2085	1	0	0	0	0	71	0	0	300		0.0	300.0	371.0	LINESTRING(446.000000 251.770000,421.880000 250.660000)
0	1	2085	1825	0	0	0	0	0	21	0	0	0	Straight	0.0	371.0	392.0	LINESTRING(421.880000 250.660000,401.590000 256.480000)
0	2	1825	615	1	0	0	0	0	27	0	0	0	Straight	0.0	392.0	419.0	LINESTRING(401.590000 256.480000,379.090000 271.730000)
0	3	615	616	1	0	0	0	0	3	0	0	0	Straight	0.0	419.0	422.0	LINESTRING(379.090000 271.730000,363.030000 281.580000)
0	4	616	607	1	0	0	0	0	22	0	0	0	Straight	0.0	422.0	444.0	LINESTRING(363.030000 281.580000,341.470000 281.280000)
0	5	607	593	1	0	0	0	0	30	0	0	0	Straight	0.0	444.0	474.0	LINESTRING(341.470000 281.280000,320.190000 279.470000)
0	6	593	594	1	0	0	0	0	34	0	0	0	Straight	0.0	474.0	508.0	LINESTRING(320.190000 279.470000,307.380000 288.170000)
0	7	594	1043	1	1	295	295	0	53	343	0	0	Straight	0.0	508.0	561.0	LINESTRING(307.380000 288.170000,294.740000 287.290000)
0	8	1043	621	1	0	0	0	0	26	0	0	0	Right	5.695	566.695	592.695	LINESTRING(294.740000 287.290000,286.130000 294.790000)
0	9	621	622	1	0	0	0	0	26	0	0	0	Straight	0.0	592.695	618.695	LINESTRING(286.130000 294.790000,276.780000 304.600000)
0	10	622	1483	1	0	0	0	0	25	0	0	0	Straight	0.0	618.695	643.695	LINESTRING(276.780000 304.600000,266.840000 314.480000)
0	11	1483	648	1	0	0	0	0	24	0	0	0	Straight	0.0	643.695	667.695	LINESTRING(266.840000 314.480000,255.650000 321.780000)
0	12	648	969	1	1	301	301	0	54	354	1	0	Right	5.695	673.39	1027.39	LINESTRING(255.650000 321.780000,267.880000 330.780000)
0	13	969	506	1	1	237	237	0	43	273	1	0	Left	11.389	1038.78	1311.78	LINESTRING(267.880000 330.780000,262.850000 344.550000)
0	14	506	478	1	0	0	0	0	25	0	0	0	Straight	0.0	1311.78	1336.78	LINESTRING(262.850000 344.550000,250.630000 358.810000)
0	15	478	500	1	1	86	86	0	15	95	1	0	Left	11.389	1348.17	1443.17	LINESTRING(250.630000 358.810000,235.350000 357.540000)
0	16	500	971	1	1	17	17	0	3	13	1	0	Straight	0.0	1443.17	1456.17	LINESTRING(235.350000 357.540000,221.110000 357.760000)
0	17	971	970	1	1	368	368	0	66	426	1	0	Straight	0.0	1456.17	1882.17	LINESTRING(221.110000 357.760000,211.400000 361.910000)
0	18	970	980	1	0	0	0	0	36	0	0	0	Left	11.389	1893.56	1929.56	LINESTRING(211.400000 361.910000,200.540000 354.200000)
0	19	980	1460	1	0	0	0	0	10	0	0	0	Straight	0.0	1929.56	1939.56	LINESTRING(200.540000 354.200000,181.620000 351.410000)
0	20	1460	568	1	0	0	0	0	15	0	0	0	Straight	0.0	1939.56	1954.56	LINESTRING(181.620000 351.410000,166.360000 352.320000)
0	21	568	566	1	0	0	0	0	45	0	0	0	Straight	0.0	1954.56	1999.56	LINESTRING(166.360000 352.320000,153.990000 356.210000)
0	22	566	567	1	1	213	213	0	38	248	1	0	Straight	0.0	1999.56	2247.56	LINESTRING(153.990000 356.210000,144.170000 353.960000)
0	23	567	996	1	1	13	13	0	2	12	1	0	Straight	0.0	2247.56	2259.56	LINESTRING(144.170000 353.960000,135.740000 351.740000)
0	24	996	997	1	1	86	86	0	15	95	1	0	Straight	0.0	2259.56	2354.56	LINESTRING(135.740000 351.740000,130.830000 348.390000)
0	25	997	996	1	1	86	86	0	15	95	0	0	U	45.557	2400.11	2415.11	LINESTRING(130.830000 348.390000,135.740000 351.740000)
0	26	996	1531	1	1	37	37	0	7	37	1	0	Left	11.389	2426.5	2463.5	LINESTRING(135.740000 351.740000,131.980000 353.860000)
0	27	1531	1532	1	1	55	55	0	10	60	1	0	Straight	0.0	2463.5	2523.5	LINESTRING(131.980000 353.860000,126.560000 355.230000)
0	28	1532	1531	1	1	55	55	0	10	60	0	0	U	45.557	2569.06	2579.06	LINESTRING(126.560000 355.230000,131.980000 353.860000)
0	29	1531	1446	1	1	12	12	0	2	12	1	0	Straight	0.0	2579.06	2591.06	LINESTRING(131.980000 353.860000,138.830000 353.430000)
0	30	1446	1447	1	1	109	109	0	20	120	1	0	Right	5.695	2596.75	2716.75	LINESTRING(138.830000 353.430000,140.860000 349.700000)
0	31	1447	1533	1	1	88	88	0	16	96	0	0	Right	5.695	2722.45	2738.45	LINESTRING(140.860000 349.700000,123.440000 351.590000)
0	32	1533	613	1	1	182	182	0	33	213	1	0	Straight	0.0	2738.45	2951.45	LINESTRING(123.440000 351.590000,115.000000 349.770000)
0	33	613	614	1	1	62	62	0	11	71	1	0	Straight	0.0	2951.45	3022.45	LINESTRING(115.000000 349.770000,109.540000 350.200000)
0	34	614	613	1	1	62	62	0	11	71	0	0	U	45.557	3068.01	3079.01	LINESTRING(109.540000 350.200000,115.000000 349.770000)
0	35	613	2196	1	1	85	85	0	15	95	1	0	U	45.557	3124.56	3219.56	LINESTRING(115.000000 349.770000,110.050000 346.640000)
0	36	2196	613	1	1	85	85	0	15	95	0	0	U	45.557	3265.12	3280.12	LINESTRING(110.050000 346.640000,115.000000 349.770000)
0	37	613	1533	1	1	182	182	0	33	213	0	0	Straight	0.0	3280.12	3313.12	LINESTRING(115.000000 349.770000,123.440000 351.590000)
0	38	1533	1034	1	1	67	67	0	12	72	0	0	U	45.557	3358.68	3370.68	LINESTRING(123.440000 351.590000,109.660000 355.530000)
0	39	1034	1033	1	1	32	32	0	6	36	0	0	Straight	0.0	3370.68	3376.68	LINESTRING(109.660000 355.530000,105.380000 358.110000)
0	40	1033	1034	1	1	32	32	0	6	36	1	0	U	45.557	3422.23	3458.23	LINESTRING(105.380000 358.110000,109.660000 355.530000)
0	41	1034	1045	1	1	43	43	0	8	48	0	0	U	45.557	3503.79	3511.79	LINESTRING(109.660000 355.530000,97.621000 358.460000)
0	42	1045	638	1	1	43	43	0	8	48	0	0	Straight	0.0	3511.79	3519.79	LINESTRING(97.621000 358.460000,88.856000 361.580000)
0	43	638	637	1	1	29	29	0	5	25	0	0	Straight	0.0	3519.79	3524.79	LINESTRING(88.856000 361.580000,83.882000 364.560000)
0	44	637	638	1	1	29	29	0	5	25	1	0	U	45.557	3570.35	3595.35	LINESTRING(83.882000 364.560000,88.856000 361.580000)
0	45	638	1534	1	1	18	18	0	3	13	1	0	U	45.557	3640.91	3653.91	LINESTRING(88.856000 361.580000,82.451000 360.880000)
0	46	1534	638	1	1	18	18	0	3	13	0	0	U	45.557	3699.46	3702.46	LINESTRING(82.451000 360.880000,88.856000 361.580000)
0	47	638	1045	1	1	43	43	0	8	48	1	0	Straight	0.0	3702.46	3750.46	LINESTRING(88.856000 361.580000,97.621000 358.460000)
0	48	1045	1044	1	1	39	39	0	7	37	0	0	U	45.557	3796.02	3803.02	LINESTRING(97.621000 358.460000,93.398000 361.200000)
0	49	1044	1045	1	1	39	39	0	7	37	1	0	U	45.557	3848.58	3885.58	LINESTRING(93.398000 361.200000,97.621000 358.460000)
0	50	1045	1824	1	1	29	29	0	5	25	0	0	Right	5.695	3891.27	3896.27	LINESTRING(97.621000 358.460000,92.243000 356.670000)
0	51	1824	1045	1	1	29	29	0	5	25	1	0	U	45.557	3941.83	3966.83	LINESTRING(92.243000 356.670000,97.621000 358.460000)
0	52	1045	1034	1	1	43	43	0	8	48	1	0	Straight	0.0	3966.83	4014.83	LINESTRING(97.621000 358.460000,109.660000 355.530000)
0	53	1034	1533	1	1	67	67	0	12	72	1	0	Straight	0.0	4014.83	4086.83	LINESTRING(109.660000 355.530000,123.440000 351.590000)
0	54	1533	1447	1	1	88	88	0	16	96	1	0	Straight	0.0	4086.83	4182.83	LINESTRING(123.440000 351.590000,140.860000 349.700000)
0	55	1447	623	1	1	241	241	0	43	283	1	0	Straight	0.0	4182.83	4465.83	LINESTRING(140.860000 349.700000,159.170000 347.900000)
0	56	623	659	1	1	207	207	0	37	237	1	0	Straight	0.0	4465.83	4702.83	LINESTRING(159.170000 347.900000,176.130000 344.040000)
0	57	659	658	1	1	12	12	0	2	12	1	0	Right	5.695	4708.52	4720.52	LINESTRING(176.130000 344.040000,166.540000 334.580000)
0	58	658	1071	1	1	52	52	0	9	59	1	0	Straight	0.0	4720.52	4779.52	LINESTRING(166.540000 334.580000,147.170000 324.600000)
0	59	1071	1435	1	1	75	75	0	13	83	1	0	Straight	0.0	4779.52	4862.52	LINESTRING(147.170000 324.600000,128.850000 315.200000)
0	60	1435	1434	1	0	0	0	0	5	0	0	0	Straight	0.0	4862.52	4867.52	LINESTRING(128.850000 315.200000,111.050000 305.750000)
0	61	1434	1917	1	1	50	50	0	9	59	1	0	Right	5.695	4873.22	4932.22	LINESTRING(111.050000 305.750000,104.920000 307.820000)
0	62	1917	2140	1	1	183	183	0	33	213	1	0	Straight	0.0	4932.22	5145.22	LINESTRING(104.920000 307.820000,100.910000 310.760000)
0	63	2140	1917	1	1	183	183	0	33	213	0	0	U	45.557	5190.78	5223.78	LINESTRING(100.910000 310.760000,104.920000 307.820000)
0	64	1917	1918	1	1	188	188	0	34	214	1	0	Right	5.695	5229.47	5443.47	LINESTRING(104.920000 307.820000,100.250000 306.590000)
0	65	1918	1917	1	1	188	188	0	34	214	0	0	U	45.557	5489.03	5523.03	LINESTRING(100.250000 306.590000,104.920000 307.820000)
0	66	1917	1434	1	1	50	50	0	9	59	0	0	Straight	0.0	5523.03	5532.03	LINESTRING(104.920000 307.820000,111.050000 305.750000)
0	67	1434	1786	1	0	0	0	0	7	0	0	0	Right	5.695	5537.72	5544.72	LINESTRING(111.050000 305.750000,93.625000 295.190000)
0	68	1786	1930	1	0	0	0	0	43	0	0	0	Straight	0.0	5544.72	5587.72	LINESTRING(93.625000 295.190000,86.067000 296.510000)
0	69	1930	2197	1	1	216	216	0	39	249	0	0	Straight	0.0	5587.72	5626.72	LINESTRING(86.067000 296.510000,81.710000 295.220000)
0	70	2197	1930	1	1	216	216	0	39	249	1	0	U	45.557	5672.28	5921.28	LINESTRING(81.710000 295.220000,86.067000 296.510000)
0	71	1930	1786	1	0	0	0	0	43	0	0	0	Straight	0.0	5921.28	5964.28	LINESTRING(86.067000 296.510000,93.625000 295.190000)
0	72	1786	1434	1	0	0	0	0	7	0	0	0	Straight	0.0	5964.28	5971.28	LINESTRING(93.625000 295.190000,111.050000 305.750000)
0	73	1434	1435	1	0	0	0	0	5	0	0	0	Straight	0.0	5971.28	5976.28	LINESTRING(111.050000 305.750000,128.850000 315.200000)
0	74	1435	2160	1	1	221	221	0	40	260	1	0	U	45.557	6021.84	6281.84	LINESTRING(128.850000 315.200000,123.680000 314.460000)
0	75	2160	1435	1	1	221	221	0	40	260	0	0	U	45.557	6327.39	6367.39	LINESTRING(123.680000 314.460000,128.850000 315.200000)
0	76	1435	1071	1	1	75	75	0	13	83	0	0	Straight	0.0	6367.39	6380.39	LINESTRING(128.850000 315.200000,147.170000 324.600000)
0	77	1071	1619	1	1	224	224	0	40	260	1	0	U	45.557	6425.95	6685.95	LINESTRING(147.170000 324.600000,142.430000 322.310000)
0	78	1619	1071	1	1	224	224	0	40	260	0	0	U	45.557	6731.51	6771.51	LINESTRING(142.430000 322.310000,147.170000 324.600000)
0	79	1071	658	1	1	52	52	0	9	59	0	0	Straight	0.0	6771.51	6780.51	LINESTRING(147.170000 324.600000,166.540000 334.580000)
0	80	658	1495	0	1	470	470	0	85	555	1	0	Right	5.695	6786.2	7341.2	LINESTRING(166.540000 334.580000,177.030000 314.050000)
0	81	1495	1953	0	1	200	200	0	36	236	1	0	Straight	0.0	7341.2	7577.2	LINESTRING(177.030000 314.050000,186.050000 296.740000)
0	82	1953	1904	1	0	0	0	0	17	0	0	0	Right	5.695	7582.9	7599.9	LINESTRING(186.050000 296.740000,174.650000 297.320000)
0	83	1904	1903	1	0	0	0	0	26	0	0	0	Straight	0.0	7599.9	7625.9	LINESTRING(174.650000 297.320000,164.960000 299.960000)
0	84	1903	1495	1	1	97	97	0	17	107	1	0	Right	5.695	7631.59	7738.59	LINESTRING(164.960000 299.960000,177.030000 314.050000)
0	85	1495	749	1	1	11	11	0	2	12	1	0	Straight	0.0	7738.59	7750.59	LINESTRING(177.030000 314.050000,193.390000 321.330000)
0	86	749	750	1	1	672	672	0	121	791	1	0	Straight	0.0	7750.59	8541.59	LINESTRING(193.390000 321.330000,212.300000 331.820000)
0	87	750	980	1	0	0	0	0	85	0	0	0	Left	11.389	8552.98	8637.98	LINESTRING(212.300000 331.820000,200.540000 354.200000)
0	88	980	970	1	0	0	0	0	36	0	0	0	Right	5.695	8643.68	8679.68	LINESTRING(200.540000 354.200000,211.400000 361.910000)
0	89	970	1555	1	1	401	401	0	72	472	1	0	Straight	0.0	8679.68	9151.68	LINESTRING(211.400000 361.910000,215.080000 373.770000)
0	90	1555	939	1	1	33	33	0	6	36	1	0	U	45.557	9197.23	9233.23	LINESTRING(215.080000 373.770000,209.510000 368.640000)
0	91	939	940	1	1	67	67	0	12	72	1	0	Right	5.695	9238.93	9310.93	LINESTRING(209.510000 368.640000,205.590000 370.420000)
0	92	940	939	1	1	67	67	0	12	72	0	0	U	45.557	9356.49	9368.49	LINESTRING(205.590000 370.420000,209.510000 368.640000)
0	93	939	1717	1	1	220	220	0	40	260	1	0	Right	5.695	9374.18	9634.18	LINESTRING(209.510000 368.640000,205.060000 362.530000)
0	94	1717	1718	1	1	210	210	0	38	248	1	0	Right	5.695	9639.88	9887.88	LINESTRING(205.060000 362.530000,200.030000 363.050000)
0	95	1718	1717	1	1	210	210	0	38	248	0	0	U	45.557	9933.43	9971.43	LINESTRING(200.030000 363.050000,205.060000 362.530000)
0	96	1717	2011	1	1	39	39	0	7	37	1	0	Right	5.695	9977.13	10014.1	LINESTRING(205.060000 362.530000,204.320000 355.780000)
0	97	2011	1981	1	1	57	57	0	10	60	1	0	Right	5.695	10019.8	10079.8	LINESTRING(204.320000 355.780000,196.980000 352.430000)
0	98	1981	1988	1	1	63	63	0	11	71	0	0	Straight	0.0	10079.8	10090.8	LINESTRING(196.980000 352.430000,191.820000 352.500000)
0	99	1988	1981	1	1	63	63	0	11	71	1	0	U	45.557	10136.4	10207.4	LINESTRING(191.820000 352.500000,196.980000 352.430000)
0	100	1981	1982	1	1	113	113	0	20	130	1	0	Right	5.695	10213.1	10343.1	LINESTRING(196.980000 352.430000,193.460000 348.600000)
0	101	1982	1981	1	1	113	113	0	20	130	0	0	U	45.557	10388.6	10408.6	LINESTRING(193.460000 348.600000,196.980000 352.430000)
0	102	1981	2011	1	1	57	57	0	10	60	0	0	Straight	0.0	10408.6	10418.6	LINESTRING(196.980000 352.430000,204.320000 355.780000)
0	103	2011	2010	1	1	212	212	0	38	248	1	0	Straight	0.0	10418.6	10666.6	LINESTRING(204.320000 355.780000,211.960000 353.940000)
0	104	2010	1851	1	1	68	68	0	12	72	1	0	Right	5.695	10672.3	10744.3	LINESTRING(211.960000 353.940000,207.600000 348.170000)
0	105	1851	1852	1	1	117	117	0	21	131	1	0	Straight	0.0	10744.3	10875.3	LINESTRING(207.600000 348.170000,203.100000 345.690000)
0	106	1852	1851	1	1	117	117	0	21	131	0	0	U	45.557	10920.9	10941.9	LINESTRING(203.100000 345.690000,207.600000 348.170000)
0	107	1851	1972	1	1	25	25	0	5	25	1	0	U	45.557	10987.4	11012.4	LINESTRING(207.600000 348.170000,206.130000 343.430000)
0	108	1972	1851	1	1	25	25	0	5	25	0	0	U	45.557	11058.0	11063.0	LINESTRING(206.130000 343.430000,207.600000 348.170000)
0	109	1851	2010	1	1	68	68	0	12	72	0	0	Straight	0.0	11063.0	11075.0	LINESTRING(207.600000 348.170000,211.960000 353.940000)
0	110	2010	971	1	1	96	96	0	17	107	1	0	Straight	0.0	11075.0	11182.0	LINESTRING(211.960000 353.940000,221.110000 357.760000)
0	111	971	500	1	1	17	17	0	3	13	0	0	Straight	0.0	11182.0	11185.0	LINESTRING(221.110000 357.760000,235.350000 357.540000)
0	112	500	501	1	1	46	46	0	8	48	1	0	U	45.557	11230.6	11278.6	LINESTRING(235.350000 357.540000,230.960000 353.470000)
0	113	501	2034	1	1	132	132	0	24	154	1	0	Straight	0.0	11278.6	11432.6	LINESTRING(230.960000 353.470000,226.660000 352.340000)
0	114	2034	501	1	1	132	132	0	24	154	0	0	U	45.557	11478.1	11502.1	LINESTRING(226.660000 352.340000,230.960000 353.470000)
0	115	501	1992	1	1	16	16	0	3	13	0	0	Right	5.695	11507.8	11510.8	LINESTRING(230.960000 353.470000,229.430000 349.190000)
0	116	1992	501	1	1	16	16	0	3	13	1	0	U	45.557	11556.4	11569.4	LINESTRING(229.430000 349.190000,230.960000 353.470000)
0	117	501	500	1	1	46	46	0	8	48	0	0	Straight	0.0	11569.4	11577.4	LINESTRING(230.960000 353.470000,235.350000 357.540000)
0	118	500	478	1	1	86	86	0	15	95	0	0	Straight	0.0	11577.4	11592.4	LINESTRING(235.350000 357.540000,250.630000 358.810000)
0	119	478	1959	1	1	103	103	0	19	119	1	0	Straight	0.0	11592.4	11711.4	LINESTRING(250.630000 358.810000,257.970000 355.180000)
0	120	1959	1639	1	1	35	35	0	6	36	1	0	Right	5.695	11717.1	11753.1	LINESTRING(257.970000 355.180000,252.770000 348.640000)
0	121	1639	1640	1	1	93	93	0	17	107	1	0	Straight	0.0	11753.1	11860.1	LINESTRING(252.770000 348.640000,249.400000 347.940000)
0	122	1640	1639	1	1	93	93	0	17	107	0	0	U	45.557	11905.6	11922.6	LINESTRING(249.400000 347.940000,252.770000 348.640000)
0	123	1639	925	1	1	12	12	0	2	12	1	0	Right	5.695	11928.3	11940.3	LINESTRING(252.770000 348.640000,248.650000 342.200000)
0	124	925	926	1	1	63	63	0	11	71	1	0	Straight	0.0	11940.3	12011.3	LINESTRING(248.650000 342.200000,244.460000 336.560000)
0	125	926	456	1	1	12	12	0	2	12	1	0	Straight	0.0	12011.3	12023.3	LINESTRING(244.460000 336.560000,239.810000 331.610000)
0	126	456	457	1	1	85	85	0	15	95	1	0	Right	5.695	12029.0	12124.0	LINESTRING(239.810000 331.610000,235.600000 331.900000)
0	127	457	456	1	1	85	85	0	15	95	0	0	U	45.557	12169.6	12184.6	LINESTRING(235.600000 331.900000,239.810000 331.610000)
0	128	456	916	1	1	67	67	0	12	72	1	0	Right	5.695	12190.3	12262.3	LINESTRING(239.810000 331.610000,235.690000 326.680000)
0	129	916	2195	1	1	89	89	0	16	96	1	0	Straight	0.0	12262.3	12358.3	LINESTRING(235.690000 326.680000,231.150000 325.060000)
0	130	2195	916	1	1	89	89	0	16	96	0	0	U	45.557	12403.8	12419.8	LINESTRING(231.150000 325.060000,235.690000 326.680000)
0	131	916	2052	1	1	111	111	0	20	130	1	0	Right	5.695	12425.5	12555.5	LINESTRING(235.690000 326.680000,233.930000 322.440000)
0	132	2052	916	1	1	111	111	0	20	130	0	0	U	45.557	12601.1	12621.1	LINESTRING(233.930000 322.440000,235.690000 326.680000)
0	133	916	456	1	1	67	67	0	12	72	0	0	Straight	0.0	12621.1	12633.1	LINESTRING(235.690000 326.680000,239.810000 331.610000)
0	134	456	926	1	1	12	12	0	2	12	0	0	Straight	0.0	12633.1	12635.1	LINESTRING(239.810000 331.610000,244.460000 336.560000)
0	135	926	925	1	1	63	63	0	11	71	0	0	Straight	0.0	12635.1	12646.1	LINESTRING(244.460000 336.560000,248.650000 342.200000)
0	136	925	1639	1	1	12	12	0	2	12	0	0	Straight	0.0	12646.1	12648.1	LINESTRING(248.650000 342.200000,252.770000 348.640000)
0	137	1639	1959	1	1	35	35	0	6	36	0	0	Straight	0.0	12648.1	12654.1	LINESTRING(252.770000 348.640000,257.970000 355.180000)
0	138	1959	1427	1	1	163	163	0	29	189	1	0	Straight	0.0	12654.1	12843.1	LINESTRING(257.970000 355.180000,268.180000 357.500000)
0	139	1427	2110	1	1	183	183	0	33	213	1	0	U	45.557	12888.6	13101.6	LINESTRING(268.180000 357.500000,265.590000 354.950000)
0	140	2110	1427	1	1	183	183	0	33	213	0	0	U	45.557	13147.2	13180.2	LINESTRING(265.590000 354.950000,268.180000 357.500000)
0	141	1427	900	1	1	112	112	0	20	130	1	0	Straight	0.0	13180.2	13310.2	LINESTRING(268.180000 357.500000,278.940000 360.270000)
0	142	900	901	1	1	608	608	0	109	709	1	0	Right	5.695	13315.9	14024.9	LINESTRING(278.940000 360.270000,277.030000 357.020000)
0	143	901	900	1	1	608	608	0	109	709	0	0	U	45.557	14070.4	14179.4	LINESTRING(277.030000 357.020000,278.940000 360.270000)
0	144	900	413	1	1	182	182	0	33	213	1	0	Straight	0.0	14179.4	14392.4	LINESTRING(278.940000 360.270000,289.670000 363.760000)
0	145	413	1678	1	1	97	97	0	18	108	1	0	Straight	0.0	14392.4	14500.4	LINESTRING(289.670000 363.760000,302.470000 357.350000)
0	146	1678	459	1	0	0	0	0	11	0	0	0	Right	5.695	14506.1	14517.1	LINESTRING(302.470000 357.350000,290.760000 342.770000)
0	147	459	458	1	0	0	0	0	34	0	0	0	Left	11.389	14528.5	14562.5	LINESTRING(290.760000 342.770000,292.810000 327.990000)
0	148	458	1971	1	0	0	0	0	15	0	0	0	Left	11.389	14573.9	14588.9	LINESTRING(292.810000 327.990000,305.810000 320.420000)
0	149	1971	923	1	0	0	0	0	24	0	0	0	Straight	0.0	14588.9	14612.9	LINESTRING(305.810000 320.420000,320.560000 320.930000)
0	150	923	1459	1	1	60	60	0	11	71	1	0	Right	5.695	14618.6	14689.6	LINESTRING(320.560000 320.930000,325.100000 313.120000)
0	151	1459	956	1	0	0	0	0	37	0	0	0	Straight	0.0	14689.6	14726.6	LINESTRING(325.100000 313.120000,332.230000 310.500000)
0	152	956	927	1	1	139	139	0	25	155	1	0	Straight	0.0	14726.6	14881.6	LINESTRING(332.230000 310.500000,339.920000 312.440000)
0	153	927	938	1	0	0	0	0	10	0	0	0	Right	5.695	14887.3	14897.3	LINESTRING(339.920000 312.440000,342.990000 305.370000)
0	154	938	1736	1	0	0	0	0	21	0	0	0	Straight	0.0	14897.3	14918.3	LINESTRING(342.990000 305.370000,344.080000 298.220000)
0	155	1736	1737	1	1	84	84	0	15	95	1	0	Straight	0.0	14918.3	15013.3	LINESTRING(344.080000 298.220000,347.890000 291.310000)
0	156	1737	1738	1	1	54	54	0	10	60	1	0	Straight	0.0	15013.3	15073.3	LINESTRING(347.890000 291.310000,348.660000 286.800000)
0	157	1738	1737	1	1	54	54	0	10	60	0	0	U	45.557	15118.9	15128.9	LINESTRING(348.660000 286.800000,347.890000 291.310000)
0	158	1737	1807	1	1	102	102	0	18	118	1	0	U	45.557	15174.4	15292.4	LINESTRING(347.890000 291.310000,352.030000 287.510000)
0	159	1807	1737	1	1	102	102	0	18	118	0	0	U	45.557	15338.0	15356.0	LINESTRING(352.030000 287.510000,347.890000 291.310000)
0	160	1737	1736	1	1	84	84	0	15	95	0	0	Straight	0.0	15356.0	15371.0	LINESTRING(347.890000 291.310000,344.080000 298.220000)
0	161	1736	555	1	0	0	0	0	23	0	0	0	Straight	0.0	15371.0	15394.0	LINESTRING(344.080000 298.220000,339.960000 300.340000)
0	162	555	554	1	0	0	0	0	44	0	0	0	U	45.557	15439.5	15483.5	LINESTRING(339.960000 300.340000,347.040000 297.520000)
0	163	554	563	1	0	0	0	0	11	0	0	0	Straight	0.0	15483.5	15494.5	LINESTRING(347.040000 297.520000,351.450000 293.730000)
0	164	563	606	1	0	0	0	0	19	0	0	0	Right	5.695	15500.2	15519.2	LINESTRING(351.450000 293.730000,340.370000 289.020000)
0	165	606	607	1	0	0	0	0	27	0	0	0	Left	11.389	15530.6	15557.6	LINESTRING(340.370000 289.020000,341.470000 281.280000)
0	166	607	616	1	0	0	0	0	22	0	0	0	Left	11.389	15569.0	15591.0	LINESTRING(341.470000 281.280000,363.030000 281.580000)
0	167	616	615	1	0	0	0	0	3	0	0	0	Straight	0.0	15591.0	15594.0	LINESTRING(363.030000 281.580000,379.090000 271.730000)
0	168	615	1825	1	0	0	0	0	27	0	0	0	Straight	0.0	15594.0	15621.0	LINESTRING(379.090000 271.730000,401.590000 256.480000)
0	169	1825	690	1	0	0	0	0	12	0	0	0	Straight	0.0	15621.0	15633.0	LINESTRING(401.590000 256.480000,411.190000 240.760000)
0	170	690	2085	1	0	0	0	0	15	0	0	0	Left	11.389	15644.4	15659.4	LINESTRING(411.190000 240.760000,421.880000 250.660000)
0	171	2085	1083	1	0	0	0	0	71	0	0	0	Straight	0.0	15659.4	15730.4	LINESTRING(421.880000 250.660000,446.000000 251.770000)
1	0	1083	2085	1	0	0	0	0	71	0	0	300		0.0	16030.4	16101.4	LINESTRING(446.000000 251.770000,421.880000 250.660000)
1	1	2085	1825	0	0	0	0	0	21	0	0	0	Straight	0.0	16101.4	16122.4	LINESTRING(421.880000 250.660000,401.590000 256.480000)
1	2	1825	615	1	0	0	0	0	27	0	0	0	Straight	0.0	16122.4	16149.4	LINESTRING(401.590000 256.480000,379.090000 271.730000)
1	3	615	616	1	0	0	0	0	3	0	0	0	Straight	0.0	16149.4	16152.4	LINESTRING(379.090000 271.730000,363.030000 281.580000)
1	4	616	607	1	0	0	0	0	22	0	0	0	Straight	0.0	16152.4	16174.4	LINESTRING(363.030000 281.580000,341.470000 281.280000)
1	5	607	593	1	0	0	0	0	30	0	0	0	Straight	0.0	16174.4	16204.4	LINESTRING(341.470000 281.280000,320.190000 279.470000)
1	6	593	594	1	0	0	0	0	34	0	0	0	Straight	0.0	16204.4	16238.4	LINESTRING(320.190000 279.470000,307.380000 288.170000)
1	7	594	1043	1	1	295	295	0	53	343	1	0	Straight	0.0	16238.4	16581.4	LINESTRING(307.380000 288.170000,294.740000 287.290000)
1	8	1043	686	1	0	0	0	0	49	0	0	0	Left	11.389	16592.8	16641.8	LINESTRING(294.740000 287.290000,289.240000 278.950000)
1	9	686	1105	1	1	144	144	0	26	166	1	0	Straight	0.0	16641.8	16807.8	LINESTRING(289.240000 278.950000,277.900000 274.380000)
1	10	1105	803	1	1	257	257	0	46	296	1	0	Straight	0.0	16807.8	17103.8	LINESTRING(277.900000 274.380000,271.480000 265.270000)
1	11	803	841	1	1	394	394	0	71	461	1	0	Straight	0.0	17103.8	17564.8	LINESTRING(271.480000 265.270000,257.160000 258.420000)
1	12	841	1180	1	1	11	11	0	2	12	1	0	Straight	0.0	17564.8	17576.8	LINESTRING(257.160000 258.420000,249.530000 247.990000)
1	13	1180	1725	1	1	274	274	0	49	319	1	0	Straight	0.0	17576.8	17895.8	LINESTRING(249.530000 247.990000,247.570000 236.840000)
1	14	1725	1624	1	1	121	121	0	22	142	1	0	Left	11.389	17907.2	18049.2	LINESTRING(247.570000 236.840000,255.910000 231.570000)
1	15	1624	918	1	1	121	121	0	22	142	1	0	Straight	0.0	18049.2	18191.2	LINESTRING(255.910000 231.570000,262.830000 224.210000)
1	16	918	1219	1	1	134	134	0	24	154	1	0	Straight	0.0	18191.2	18345.2	LINESTRING(262.830000 224.210000,266.470000 219.100000)
1	17	1219	2106	1	1	220	220	0	40	260	0	0	Right	5.695	18350.9	18390.9	LINESTRING(266.470000 219.100000,262.480000 215.090000)
1	18	2106	953	1	1	133	133	0	24	154	1	0	Right	5.695	18396.6	18550.6	LINESTRING(262.480000 215.090000,256.060000 216.250000)
1	19	953	918	1	1	220	220	0	40	260	1	0	Right	5.695	18556.2	18816.2	LINESTRING(256.060000 216.250000,262.830000 224.210000)
1	20	918	917	1	1	123	123	0	22	142	1	0	Straight	0.0	18816.2	18958.2	LINESTRING(262.830000 224.210000,273.490000 227.380000)
1	21	917	1218	1	1	232	232	0	42	272	1	0	Straight	0.0	18958.2	19230.2	LINESTRING(273.490000 227.380000,281.270000 224.110000)
1	22	1218	987	1	1	118	118	0	21	131	1	0	Right	5.695	19235.9	19366.9	LINESTRING(281.270000 224.110000,273.000000 218.300000)
1	23	987	988	1	1	227	227	0	41	261	1	0	Straight	0.0	19366.9	19627.9	LINESTRING(273.000000 218.300000,267.290000 211.950000)
1	24	988	2106	1	1	79	79	0	14	84	1	0	Right	5.695	19633.6	19717.6	LINESTRING(267.290000 211.950000,262.480000 215.090000)
1	25	2106	1219	1	1	220	220	0	40	260	1	0	Right	5.695	19723.3	19983.3	LINESTRING(262.480000 215.090000,266.470000 219.100000)
1	26	1219	987	1	1	95	95	0	17	107	1	0	Right	5.695	19989.0	20096.0	LINESTRING(266.470000 219.100000,273.000000 218.300000)
1	27	987	1218	1	1	118	118	0	21	131	0	0	Straight	0.0	20096.0	20117.0	LINESTRING(273.000000 218.300000,281.270000 224.110000)
1	28	1218	883	1	1	237	237	0	43	273	1	0	Straight	0.0	20117.0	20390.0	LINESTRING(281.270000 224.110000,293.170000 227.630000)
1	29	883	882	1	1	12	12	0	2	12	1	0	Straight	0.0	20390.0	20402.0	LINESTRING(293.170000 227.630000,301.300000 238.560000)
1	30	882	1165	1	0	0	0	0	71	0	0	0	Straight	0.0	20402.0	20473.0	LINESTRING(301.300000 238.560000,308.530000 252.270000)
1	31	1165	812	1	1	186	186	0	33	213	1	0	Left	11.389	20484.4	20697.4	LINESTRING(308.530000 252.270000,291.600000 260.100000)
1	32	812	803	1	1	189	189	0	34	214	1	0	Straight	0.0	20697.4	20911.4	LINESTRING(291.600000 260.100000,271.480000 265.270000)
1	33	803	783	1	1	150	150	0	27	177	1	0	Straight	0.0	20911.4	21088.4	LINESTRING(271.480000 265.270000,255.740000 271.980000)
1	34	783	1957	1	1	146	146	0	26	166	1	0	Straight	0.0	21088.4	21254.4	LINESTRING(255.740000 271.980000,240.720000 278.800000)
1	35	1957	1167	1	1	394	394	0	71	461	1	0	Straight	0.0	21254.4	21715.4	LINESTRING(240.720000 278.800000,224.770000 277.650000)
1	36	1167	1561	1	1	13	13	0	2	12	1	0	Left	11.389	21726.8	21738.8	LINESTRING(224.770000 277.650000,216.370000 263.530000)
1	37	1561	1171	0	1	149	149	0	27	167	1	0	Left	11.389	21750.2	21917.2	LINESTRING(216.370000 263.530000,233.020000 254.180000)
1	38	1171	1180	0	1	146	146	0	26	166	1	0	Straight	0.0	21917.2	22083.2	LINESTRING(233.020000 254.180000,249.530000 247.990000)
1	39	1180	871	0	1	119	119	0	21	131	1	0	Straight	0.0	22083.2	22214.2	LINESTRING(249.530000 247.990000,263.810000 241.090000)
1	40	871	870	0	1	123	123	0	22	142	1	0	Straight	0.0	22214.2	22356.2	LINESTRING(263.810000 241.090000,279.260000 234.550000)
1	41	870	883	0	1	131	131	0	24	154	1	0	Straight	0.0	22356.2	22510.2	LINESTRING(279.260000 234.550000,293.170000 227.630000)
1	42	883	1207	0	1	108	108	0	19	119	1	0	Straight	0.0	22510.2	22629.2	LINESTRING(293.170000 227.630000,306.580000 215.810000)
1	43	1207	1208	0	1	12	12	0	2	12	1	0	Straight	0.0	22629.2	22641.2	LINESTRING(306.580000 215.810000,317.740000 209.320000)
1	44	1208	1858	0	0	0	0	0	2	0	0	0	Left	11.389	22652.6	22654.6	LINESTRING(317.740000 209.320000,324.040000 228.070000)
1	45	1858	1471	0	1	12	12	0	2	12	1	0	Left	11.389	22666.0	22678.0	LINESTRING(324.040000 228.070000,313.380000 232.020000)
1	46	1471	882	0	1	106	106	0	19	119	1	0	Straight	0.0	22678.0	22797.0	LINESTRING(313.380000 232.020000,301.300000 238.560000)
1	47	882	891	0	0	0	0	0	24	0	0	0	Straight	0.0	22797.0	22821.0	LINESTRING(301.300000 238.560000,288.250000 240.990000)
1	48	891	865	0	0	0	0	0	10	0	0	0	Right	5.695	22826.7	22836.7	LINESTRING(288.250000 240.990000,282.070000 250.830000)
1	49	865	1920	0	0	0	0	0	13	0	0	0	Left	11.389	22848.1	22861.1	LINESTRING(282.070000 250.830000,268.080000 250.660000)
1	50	1920	841	0	0	0	0	0	21	0	0	0	Straight	0.0	22861.1	22882.1	LINESTRING(268.080000 250.660000,257.160000 258.420000)
1	51	841	1180	1	1	11	11	0	2	12	0	0	Left	11.389	22893.4	22895.4	LINESTRING(257.160000 258.420000,249.530000 247.990000)
1	52	1180	1725	1	1	274	274	0	49	319	0	0	Straight	0.0	22895.4	22944.4	LINESTRING(249.530000 247.990000,247.570000 236.840000)
1	53	1725	1230	1	1	219	219	0	39	249	1	0	Straight	0.0	22944.4	23193.4	LINESTRING(247.570000 236.840000,238.990000 230.500000)
1	54	1230	954	1	1	123	123	0	22	142	1	0	Left	11.389	23204.8	23346.8	LINESTRING(238.990000 230.500000,248.510000 223.000000)
1	55	954	953	1	1	121	121	0	22	142	1	0	Straight	0.0	23346.8	23488.8	LINESTRING(248.510000 223.000000,256.060000 216.250000)
1	56	953	2106	1	1	133	133	0	24	154	0	0	Straight	0.0	23488.8	23512.8	LINESTRING(256.060000 216.250000,262.480000 215.090000)
1	57	2106	988	1	1	79	79	0	14	84	0	0	Straight	0.0	23512.8	23526.8	LINESTRING(262.480000 215.090000,267.290000 211.950000)
1	58	988	1401	1	1	281	281	0	50	330	1	0	Right	5.695	23532.5	23862.5	LINESTRING(267.290000 211.950000,263.860000 204.900000)
1	59	1401	1603	1	1	509	509	0	92	592	1	0	Straight	0.0	23862.5	24454.5	LINESTRING(263.860000 204.900000,263.740000 199.700000)
1	60	1603	1256	1	1	160	160	0	29	189	1	0	Straight	0.0	24454.5	24643.5	LINESTRING(263.740000 199.700000,261.460000 196.380000)
1	61	1256	1910	1	1	529	529	0	95	615	1	0	Right	5.695	24649.2	25264.2	LINESTRING(261.460000 196.380000,258.670000 201.410000)
1	62	1910	1401	1	1	94	94	0	17	107	1	0	Right	5.695	25269.9	25376.9	LINESTRING(258.670000 201.410000,263.860000 204.900000)
1	63	1401	1603	1	1	509	509	0	92	592	0	0	Right	5.695	25382.6	25474.6	LINESTRING(263.860000 204.900000,263.740000 199.700000)
1	64	1603	1256	1	1	160	160	0	29	189	0	0	Straight	0.0	25474.6	25503.6	LINESTRING(263.740000 199.700000,261.460000 196.380000)
1	65	1256	1255	1	1	67	67	0	12	72	0	0	Left	11.389	25515.0	25527.0	LINESTRING(261.460000 196.380000,263.300000 191.920000)
1	66	1255	1256	1	1	67	67	0	12	72	1	0	U	45.557	25572.6	25644.6	LINESTRING(263.300000 191.920000,261.460000 196.380000)
1	67	1256	1910	1	1	529	529	0	95	615	0	0	Straight	0.0	25644.6	25739.6	LINESTRING(261.460000 196.380000,258.670000 201.410000)
1	68	1910	1234	1	1	132	132	0	24	154	1	0	Straight	0.0	25739.6	25893.6	LINESTRING(258.670000 201.410000,252.750000 204.370000)
1	69	1234	1016	1	0	0	0	0	49	0	0	0	Left	11.389	25905.0	25954.0	LINESTRING(252.750000 204.370000,253.150000 189.690000)
1	70	1016	1695	1	0	0	0	0	54	0	0	0	Straight	0.0	25954.0	26008.0	LINESTRING(253.150000 189.690000,260.430000 170.650000)
1	71	1695	1053	1	0	0	0	0	3	0	0	0	Straight	0.0	26008.0	26011.0	LINESTRING(260.430000 170.650000,260.770000 152.070000)
1	72	1053	1550	1	0	0	0	0	26	0	0	0	Straight	0.0	26011.0	26037.0	LINESTRING(260.770000 152.070000,252.500000 136.160000)
1	73	1550	1605	1	0	0	0	0	32	0	0	0	Straight	0.0	26037.0	26069.0	LINESTRING(252.500000 136.160000,247.170000 123.060000)
1	74	1605	1512	1	1	121	121	0	22	142	1	0	Right	5.695	26074.6	26216.6	LINESTRING(247.170000 123.060000,240.390000 121.020000)
1	75	1512	1606	1	1	91	91	0	16	106	1	0	Straight	0.0	26216.6	26322.6	LINESTRING(240.390000 121.020000,237.090000 117.470000)
1	76	1606	1512	1	1	91	91	0	16	106	0	0	U	45.557	26368.2	26384.2	LINESTRING(237.090000 117.470000,240.390000 121.020000)
1	77	1512	1266	1	1	92	92	0	17	107	1	0	U	45.557	26429.8	26536.8	LINESTRING(240.390000 121.020000,232.900000 115.340000)
1	78	1266	1265	1	1	281	281	0	51	331	0	0	Straight	0.0	26536.8	26587.8	LINESTRING(232.900000 115.340000,226.870000 110.630000)
1	79	1265	2117	1	1	128	128	0	23	143	0	0	Straight	0.0	26587.8	26610.8	LINESTRING(226.870000 110.630000,222.530000 106.550000)
1	80	2117	1265	1	1	128	128	0	23	143	1	0	U	45.557	26656.3	26799.3	LINESTRING(222.530000 106.550000,226.870000 110.630000)
1	81	1265	1266	1	1	281	281	0	51	331	1	0	Straight	0.0	26799.3	27130.3	LINESTRING(226.870000 110.630000,232.900000 115.340000)
1	82	1266	1512	1	1	92	92	0	17	107	0	0	Straight	0.0	27130.3	27147.3	LINESTRING(232.900000 115.340000,240.390000 121.020000)
1	83	1512	1549	1	1	180	180	0	32	212	1	0	Straight	0.0	27147.3	27359.3	LINESTRING(240.390000 121.020000,245.940000 128.280000)
1	84	1549	2113	1	1	115	115	0	21	131	0	0	U	45.557	27404.9	27425.9	LINESTRING(245.940000 128.280000,242.040000 125.990000)
1	85	2113	1549	1	1	115	115	0	21	131	1	0	U	45.557	27471.4	27602.4	LINESTRING(242.040000 125.990000,245.940000 128.280000)
1	86	1549	1550	1	1	118	118	0	21	131	1	0	Straight	0.0	27602.4	27733.4	LINESTRING(245.940000 128.280000,252.500000 136.160000)
1	87	1550	1053	1	0	0	0	0	26	0	0	0	Straight	0.0	27733.4	27759.4	LINESTRING(252.500000 136.160000,260.770000 152.070000)
1	88	1053	1062	0	0	0	0	0	72	0	0	0	Right	5.695	27765.1	27837.1	LINESTRING(260.770000 152.070000,279.630000 153.130000)
1	89	1062	1063	0	0	0	0	0	4	0	0	0	Straight	0.0	27837.1	27841.1	LINESTRING(279.630000 153.130000,296.250000 148.220000)
1	90	1063	1262	0	0	0	0	0	3	0	0	0	Straight	0.0	27841.1	27844.1	LINESTRING(296.250000 148.220000,310.700000 139.520000)
1	91	1262	1061	1	0	0	0	0	4	0	0	0	Left	11.389	27855.5	27859.5	LINESTRING(310.700000 139.520000,315.710000 149.150000)
1	92	1061	1060	1	0	0	0	0	7	0	0	0	Straight	0.0	27859.5	27866.5	LINESTRING(315.710000 149.150000,321.040000 156.190000)
1	93	1060	1258	1	0	0	0	0	32	0	0	0	Straight	0.0	27866.5	27898.5	LINESTRING(321.040000 156.190000,326.660000 163.470000)
1	94	1258	1247	1	0	0	0	0	20	0	0	0	Straight	0.0	27898.5	27918.5	LINESTRING(326.660000 163.470000,332.640000 171.720000)
1	95	1247	1249	1	0	0	0	0	18	0	0	0	Right	5.695	27924.2	27942.2	LINESTRING(332.640000 171.720000,341.750000 159.060000)
1	96	1249	2014	0	1	88	88	0	16	96	1	0	Right	5.695	27947.9	28043.9	LINESTRING(341.750000 159.060000,339.690000 148.740000)
1	97	2014	1250	1	0	0	0	0	10	0	0	0	Left	11.389	28055.3	28065.3	LINESTRING(339.690000 148.740000,349.500000 151.450000)
1	98	1250	1055	1	0	0	0	0	27	0	0	0	Straight	0.0	28065.3	28092.3	LINESTRING(349.500000 151.450000,361.890000 144.760000)
1	99	1055	1054	1	0	0	0	0	36	0	0	0	Straight	0.0	28092.3	28128.3	LINESTRING(361.890000 144.760000,372.230000 140.100000)
1	100	1054	1271	1	0	0	0	0	25	0	0	0	Straight	0.0	28128.3	28153.3	LINESTRING(372.230000 140.100000,378.990000 135.160000)
1	101	1271	1014	1	0	0	0	0	73	0	0	0	Left	11.389	28164.7	28237.7	LINESTRING(378.990000 135.160000,386.390000 140.390000)
1	102	1014	1228	1	1	404	404	0	73	473	1	0	Straight	0.0	28237.7	28710.7	LINESTRING(386.390000 140.390000,396.820000 139.870000)
1	103	1228	944	1	0	0	0	0	28	0	0	0	Left	11.389	28722.1	28750.1	LINESTRING(396.820000 139.870000,398.750000 154.480000)
1	104	944	941	1	0	0	0	0	24	0	0	0	Straight	0.0	28750.1	28774.1	LINESTRING(398.750000 154.480000,396.730000 164.430000)
1	105	941	942	1	0	0	0	0	37	0	0	0	Straight	0.0	28774.1	28811.1	LINESTRING(396.730000 164.430000,391.010000 170.300000)
1	106	942	1181	1	1	395	395	0	71	461	1	0	Right	5.695	28816.8	29277.8	LINESTRING(391.010000 170.300000,396.410000 179.630000)
1	107	1181	1173	1	0	0	0	0	30	0	0	0	Straight	0.0	29277.8	29307.8	LINESTRING(396.410000 179.630000,395.060000 186.710000)
1	108	1173	905	1	1	111	111	0	20	130	1	0	Straight	0.0	29307.8	29437.8	LINESTRING(395.060000 186.710000,393.760000 191.160000)
1	109	905	1131	1	0	0	0	0	71	0	0	0	Straight	0.0	29437.8	29508.8	LINESTRING(393.760000 191.160000,397.240000 198.900000)
1	110	1131	1172	1	0	0	0	0	20	0	0	0	Right	5.695	29514.5	29534.5	LINESTRING(397.240000 198.900000,400.840000 197.070000)
1	111	1172	1787	1	0	0	0	0	53	0	0	0	Left	11.389	29545.9	29598.9	LINESTRING(400.840000 197.070000,404.170000 207.910000)
1	112	1787	720	0	0	0	0	0	3	0	0	0	Straight	0.0	29598.9	29601.9	LINESTRING(404.170000 207.910000,407.790000 216.000000)
1	113	720	691	0	0	0	0	0	2	0	0	0	Straight	0.0	29601.9	29603.9	LINESTRING(407.790000 216.000000,407.970000 225.860000)
1	114	691	690	1	0	0	0	0	47	0	0	0	Straight	0.0	29603.9	29650.9	LINESTRING(407.970000 225.860000,411.190000 240.760000)
1	115	690	2085	1	0	0	0	0	15	0	0	0	Straight	0.0	29650.9	29665.9	LINESTRING(411.190000 240.760000,421.880000 250.660000)
1	116	2085	1083	1	0	0	0	0	71	0	0	0	Straight	0.0	29665.9	29736.9	LINESTRING(421.880000 250.660000,446.000000 251.770000)
2	0	1083	1083	-1	-1	0	0	0	0	0	0	300		0.0	29736.9	30036.9	LINESTRING(446.000000 251.770000,446.000000 251.770000)
