Problem Type	Solution Method	Vehicle Capacity (Weight)	Vehicle Capacity(Volume)	Disposal Trips	Route Time	Route Time wo Turns	Computational Time(Sec)	Clustering Time(Sec)	VA(NHO)	VA(ATD)	VA(CCI)	VA(DMT)	VA(ROI)	VA(AOI)	Optimal
MCARPTIF-TP	GPM	10000	10000	2	29214.6	26726	381.677	3.201	0.0804604	885.608	1.08333	22667	0.377903	0.159008	0
Load No	Sequence No	From Node ID	To Node ID	IsEdge	Required	Weight	Volume	Travel Miles	Travel Time	Service Time	Served	Dumped	Turn Type	Turn Cost	Depart Time	Arrival Time	Shape
0	0	1083	2085	1	0	0	0	0	71	0	0	300		0.0	300.0	371.0	LINESTRING(446.000000 251.770000,421.880000 250.660000)
0	1	2085	1825	0	0	0	0	0	21	0	0	0	Straight	0.0	371.0	392.0	LINESTRING(421.880000 250.660000,401.590000 256.480000)
0	2	1825	615	1	0	0	0	0	27	0	0	0	Straight	0.0	392.0	419.0	LINESTRING(401.590000 256.480000,379.090000 271.730000)
0	3	615	616	1	0	0	0	0	3	0	0	0	Straight	0.0	419.0	422.0	LINESTRING(379.090000 271.730000,363.030000 281.580000)
0	4	616	607	1	0	0	0	0	22	0	0	0	Straight	0.0	422.0	444.0	LINESTRING(363.030000 281.580000,341.470000 281.280000)
0	5	607	593	1	0	0	0	0	30	0	0	0	Straight	0.0	444.0	474.0	LINESTRING(341.470000 281.280000,320.190000 279.470000)
0	6	593	594	1	0	0	0	0	34	0	0	0	Straight	0.0	474.0	508.0	LINESTRING(320.190000 279.470000,307.380000 288.170000)
0	7	594	1043	1	0	0	0	0	53	0	0	0	Straight	0.0	508.0	561.0	LINESTRING(307.380000 288.170000,294.740000 287.290000)
0	8	1043	621	1	1	147	147	0	26	166	0	0	Right	5.695	566.695	592.695	LINESTRING(294.740000 287.290000,286.130000 294.790000)
0	9	621	622	1	1	146	146	0	26	166	0	0	Straight	0.0	592.695	618.695	LINESTRING(286.130000 294.790000,276.780000 304.600000)
0	10	622	1483	1	1	139	139	0	25	155	0	0	Straight	0.0	618.695	643.695	LINESTRING(276.780000 304.600000,266.840000 314.480000)
0	11	1483	648	1	1	132	132	0	24	154	0	0	Straight	0.0	643.695	667.695	LINESTRING(266.840000 314.480000,255.650000 321.780000)
0	12	648	969	1	0	0	0	0	54	0	0	0	Right	5.695	673.39	727.39	LINESTRING(255.650000 321.780000,267.880000 330.780000)
0	13	969	506	1	0	0	0	0	43	0	0	0	Left	11.389	738.779	781.779	LINESTRING(267.880000 330.780000,262.850000 344.550000)
0	14	506	478	1	1	140	140	0	25	165	0	0	Straight	0.0	781.779	806.779	LINESTRING(262.850000 344.550000,250.630000 358.810000)
0	15	478	477	1	1	339	339	0	61	391	0	0	Straight	0.0	806.779	867.779	LINESTRING(250.630000 358.810000,247.760000 376.520000)
0	16	477	425	0	1	21	21	0	4	24	0	0	Straight	0.0	867.779	871.779	LINESTRING(247.760000 376.520000,252.310000 386.310000)
0	17	425	424	0	1	110	110	0	20	130	0	0	Straight	0.0	871.779	891.779	LINESTRING(252.310000 386.310000,257.750000 396.330000)
0	18	424	408	0	0	0	0	0	2	0	0	0	Straight	0.0	891.779	893.779	LINESTRING(257.750000 396.330000,259.570000 409.900000)
0	19	408	1526	0	1	395	395	0	71	461	0	0	Straight	0.0	893.779	964.779	LINESTRING(259.570000 409.900000,253.730000 426.600000)
0	20	1526	312	0	1	375	375	0	67	437	0	0	Straight	0.0	964.779	1031.78	LINESTRING(253.730000 426.600000,254.450000 442.650000)
0	21	312	310	0	0	0	0	0	4	0	0	0	Straight	0.0	1031.78	1035.78	LINESTRING(254.450000 442.650000,257.180000 455.600000)
0	22	310	311	0	1	285	285	0	51	331	1	0	Straight	0.0	1035.78	1366.78	LINESTRING(257.180000 455.600000,261.600000 470.860000)
0	23	311	1984	0	1	157	157	0	28	178	1	0	Straight	0.0	1366.78	1544.78	LINESTRING(261.600000 470.860000,269.750000 485.780000)
0	24	1984	666	0	1	182	182	0	33	213	1	0	Straight	0.0	1544.78	1757.78	LINESTRING(269.750000 485.780000,283.580000 497.100000)
0	25	666	667	1	1	170	170	0	31	201	1	0	Straight	0.0	1757.78	1958.78	LINESTRING(283.580000 497.100000,299.800000 501.290000)
0	26	667	1990	1	1	68	68	0	12	72	1	0	Right	5.695	1964.47	2036.47	LINESTRING(299.800000 501.290000,301.920000 498.590000)
0	27	1990	667	1	1	68	68	0	12	72	0	0	U	45.557	2082.03	2094.03	LINESTRING(301.920000 498.590000,299.800000 501.290000)
0	28	667	197	1	1	135	135	0	24	154	1	0	Right	5.695	2099.73	2253.73	LINESTRING(299.800000 501.290000,315.840000 505.880000)
0	29	197	624	1	1	87	87	0	16	96	0	0	Right	5.695	2259.42	2275.42	LINESTRING(315.840000 505.880000,322.850000 500.700000)
0	30	624	625	1	1	21	21	0	4	24	1	0	Straight	0.0	2275.42	2299.42	LINESTRING(322.850000 500.700000,329.310000 494.420000)
0	31	625	634	1	1	91	91	0	16	106	1	0	Left	11.389	2310.81	2416.81	LINESTRING(329.310000 494.420000,331.160000 497.910000)
0	32	634	625	1	1	91	91	0	16	106	0	0	U	45.557	2462.37	2478.37	LINESTRING(331.160000 497.910000,329.310000 494.420000)
0	33	625	624	1	1	21	21	0	4	24	0	0	Right	5.695	2484.06	2488.06	LINESTRING(329.310000 494.420000,322.850000 500.700000)
0	34	624	1637	1	1	116	116	0	21	131	1	0	Right	5.695	2493.76	2624.76	LINESTRING(322.850000 500.700000,324.310000 504.390000)
0	35	1637	624	1	1	116	116	0	21	131	0	0	U	45.557	2670.31	2691.31	LINESTRING(324.310000 504.390000,322.850000 500.700000)
0	36	624	197	1	1	87	87	0	16	96	1	0	Right	5.695	2697.01	2793.01	LINESTRING(322.850000 500.700000,315.840000 505.880000)
0	37	197	196	1	1	85	85	0	15	95	1	0	Straight	0.0	2793.01	2888.01	LINESTRING(315.840000 505.880000,307.330000 506.220000)
0	38	196	205	1	1	86	86	0	15	95	1	0	Straight	0.0	2888.01	2983.01	LINESTRING(307.330000 506.220000,298.080000 506.750000)
0	39	205	204	1	1	63	63	0	11	71	1	0	Straight	0.0	2983.01	3054.01	LINESTRING(298.080000 506.750000,288.670000 506.890000)
0	40	204	192	0	1	151	151	0	27	177	1	0	Right	5.695	3059.7	3236.7	LINESTRING(288.670000 506.890000,295.280000 514.410000)
0	41	192	1376	1	1	123	123	0	22	142	1	0	Left	11.389	3248.09	3390.09	LINESTRING(295.280000 514.410000,294.510000 518.550000)
0	42	1376	192	1	1	123	123	0	22	142	0	0	U	45.557	3435.65	3457.65	LINESTRING(294.510000 518.550000,295.280000 514.410000)
0	43	192	193	0	1	33	33	0	6	36	1	0	Left	11.389	3469.04	3505.04	LINESTRING(295.280000 514.410000,302.120000 520.810000)
0	44	193	599	0	1	77	77	0	14	84	1	0	Right	5.695	3510.73	3594.73	LINESTRING(302.120000 520.810000,312.430000 520.290000)
0	45	599	600	0	0	0	0	0	45	0	0	0	Straight	0.0	3594.73	3639.73	LINESTRING(312.430000 520.290000,331.580000 513.060000)
0	46	600	590	1	1	28	28	0	5	25	1	0	Left	11.389	3651.12	3676.12	LINESTRING(331.580000 513.060000,328.970000 529.800000)
0	47	590	589	1	1	61	61	0	11	71	0	0	Straight	0.0	3676.12	3687.12	LINESTRING(328.970000 529.800000,324.410000 544.200000)
0	48	589	1867	1	1	445	445	0	80	520	1	0	Straight	0.0	3687.12	4207.12	LINESTRING(324.410000 544.200000,317.560000 555.970000)
0	49	1867	1584	1	1	171	171	0	31	201	0	0	Straight	0.0	4207.12	4238.12	LINESTRING(317.560000 555.970000,309.260000 565.710000)
0	50	1584	1895	1	1	71	71	0	13	83	1	0	Right	5.695	4243.82	4326.82	LINESTRING(309.260000 565.710000,309.700000 570.470000)
0	51	1895	1584	1	1	71	71	0	13	83	0	0	U	45.557	4372.38	4385.38	LINESTRING(309.700000 570.470000,309.260000 565.710000)
0	52	1584	1511	1	1	186	186	0	34	214	0	0	Right	5.695	4391.07	4425.07	LINESTRING(309.260000 565.710000,300.400000 573.270000)
0	53	1511	1510	1	1	283	283	0	51	331	1	0	Straight	0.0	4425.07	4756.07	LINESTRING(300.400000 573.270000,296.360000 577.990000)
0	54	1510	1646	1	1	92	92	0	17	107	1	0	Straight	0.0	4756.07	4863.07	LINESTRING(296.360000 577.990000,293.770000 582.430000)
0	55	1646	1510	1	1	92	92	0	17	107	0	0	U	45.557	4908.63	4925.63	LINESTRING(293.770000 582.430000,296.360000 577.990000)
0	56	1510	1585	1	1	94	94	0	17	107	1	0	Right	5.695	4931.32	5038.32	LINESTRING(296.360000 577.990000,292.120000 578.080000)
0	57	1585	1511	1	1	880	880	0	158	1038	1	0	U	45.557	5083.88	6121.88	LINESTRING(292.120000 578.080000,300.400000 573.270000)
0	58	1511	1584	1	1	186	186	0	34	214	1	0	Straight	0.0	6121.88	6335.88	LINESTRING(300.400000 573.270000,309.260000 565.710000)
0	59	1584	1867	1	1	171	171	0	31	201	1	0	Straight	0.0	6335.88	6536.88	LINESTRING(309.260000 565.710000,317.560000 555.970000)
0	60	1867	1913	1	1	119	119	0	21	131	1	0	Left	11.389	6548.27	6679.27	LINESTRING(317.560000 555.970000,321.680000 560.120000)
0	61	1913	2022	1	1	470	470	0	85	555	1	0	Right	5.695	6684.96	7239.96	LINESTRING(321.680000 560.120000,324.580000 557.060000)
0	62	2022	588	1	1	445	445	0	80	520	1	0	Straight	0.0	7239.96	7759.96	LINESTRING(324.580000 557.060000,325.890000 552.110000)
0	63	588	587	1	1	98	98	0	18	108	1	0	U	45.557	7805.52	7913.52	LINESTRING(325.890000 552.110000,327.250000 558.210000)
0	64	587	2022	1	1	378	378	0	68	438	1	0	Left	11.389	7924.91	8362.91	LINESTRING(327.250000 558.210000,324.580000 557.060000)
0	65	2022	1913	1	1	470	470	0	85	555	0	0	Right	5.695	8368.6	8453.6	LINESTRING(324.580000 557.060000,321.680000 560.120000)
0	66	1913	579	1	1	109	109	0	20	120	1	0	Right	5.695	8459.3	8579.3	LINESTRING(321.680000 560.120000,326.020000 563.150000)
0	67	579	580	1	1	62	62	0	11	71	1	0	Straight	0.0	8579.3	8650.3	LINESTRING(326.020000 563.150000,327.440000 568.020000)
0	68	580	579	1	1	62	62	0	11	71	0	0	U	45.557	8695.86	8706.86	LINESTRING(327.440000 568.020000,326.020000 563.150000)
0	69	579	587	1	1	132	132	0	24	154	1	0	Straight	0.0	8706.86	8860.86	LINESTRING(326.020000 563.150000,327.250000 558.210000)
0	70	587	588	1	1	98	98	0	18	108	0	0	Straight	0.0	8860.86	8878.86	LINESTRING(327.250000 558.210000,325.890000 552.110000)
0	71	588	589	1	1	95	95	0	17	107	1	0	Straight	0.0	8878.86	8985.86	LINESTRING(325.890000 552.110000,324.410000 544.200000)
0	72	589	590	1	1	61	61	0	11	71	1	0	Straight	0.0	8985.86	9056.86	LINESTRING(324.410000 544.200000,328.970000 529.800000)
0	73	590	600	1	1	28	28	0	5	25	0	0	Straight	0.0	9056.86	9061.86	LINESTRING(328.970000 529.800000,331.580000 513.060000)
0	74	600	197	1	1	181	181	0	33	213	1	0	Right	5.695	9067.55	9280.55	LINESTRING(331.580000 513.060000,315.840000 505.880000)
0	75	197	624	1	1	87	87	0	16	96	0	0	Left	11.389	9291.94	9307.94	LINESTRING(315.840000 505.880000,322.850000 500.700000)
0	76	624	625	1	1	21	21	0	4	24	0	0	Straight	0.0	9307.94	9311.94	LINESTRING(322.850000 500.700000,329.310000 494.420000)
0	77	625	1714	1	1	189	189	0	34	214	1	0	Straight	0.0	9311.94	9525.94	LINESTRING(329.310000 494.420000,335.070000 487.360000)
0	78	1714	604	1	0	0	0	0	9	0	0	0	Straight	0.0	9525.94	9534.94	LINESTRING(335.070000 487.360000,339.420000 480.120000)
0	79	604	1520	1	0	0	0	0	8	0	0	0	Straight	0.0	9534.94	9542.94	LINESTRING(339.420000 480.120000,342.900000 470.820000)
0	80	1520	1521	0	0	0	0	0	10	0	0	0	Straight	0.0	9542.94	9552.94	LINESTRING(342.900000 470.820000,339.840000 463.860000)
0	81	1521	222	0	1	140	140	0	25	165	1	0	Straight	0.0	9552.94	9717.94	LINESTRING(339.840000 463.860000,330.240000 457.470000)
0	82	222	223	0	1	177	177	0	32	202	1	0	Straight	0.0	9717.94	9919.94	LINESTRING(330.240000 457.470000,319.420000 451.510000)
0	83	223	669	0	0	0	0	0	16	0	0	0	Straight	0.0	9919.94	9935.94	LINESTRING(319.420000 451.510000,307.010000 448.380000)
0	84	669	670	0	0	0	0	0	11	0	0	0	Straight	0.0	9935.94	9946.94	LINESTRING(307.010000 448.380000,302.080000 443.190000)
0	85	670	248	1	1	25	25	0	5	25	1	0	Left	11.389	9958.33	9983.33	LINESTRING(302.080000 443.190000,302.750000 437.830000)
0	86	248	249	1	0	0	0	0	6	0	0	0	Right	5.695	9989.02	9995.02	LINESTRING(302.750000 437.830000,295.020000 431.030000)
0	87	249	347	1	0	0	0	0	73	0	0	0	Straight	0.0	9995.02	10068.0	LINESTRING(295.020000 431.030000,290.110000 418.850000)
0	88	347	793	1	1	172	172	0	31	201	1	0	Right	5.695	10073.7	10274.7	LINESTRING(290.110000 418.850000,275.780000 425.870000)
0	89	793	772	1	1	36	36	0	7	37	1	0	Straight	0.0	10274.7	10311.7	LINESTRING(275.780000 425.870000,271.020000 434.810000)
0	90	772	773	1	1	34	34	0	6	36	0	0	Left	11.389	10323.1	10329.1	LINESTRING(271.020000 434.810000,269.040000 429.860000)
0	91	773	2131	1	1	31	31	0	6	36	0	0	Right	5.695	10334.8	10340.8	LINESTRING(269.040000 429.860000,266.510000 432.790000)
0	92	2131	773	1	1	31	31	0	6	36	1	0	U	45.557	10386.4	10422.4	LINESTRING(266.510000 432.790000,269.040000 429.860000)
0	93	773	1571	1	1	34	34	0	6	36	0	0	Right	5.695	10428.1	10434.1	LINESTRING(269.040000 429.860000,267.320000 424.260000)
0	94	1571	1899	1	1	39	39	0	7	37	0	0	Straight	0.0	10434.1	10441.1	LINESTRING(267.320000 424.260000,263.780000 421.550000)
0	95	1899	1571	1	1	39	39	0	7	37	1	0	U	45.557	10486.6	10523.6	LINESTRING(263.780000 421.550000,267.320000 424.260000)
0	96	1571	1802	1	1	52	52	0	9	59	0	0	Right	5.695	10529.3	10538.3	LINESTRING(267.320000 424.260000,268.080000 419.920000)
0	97	1802	1571	1	1	52	52	0	9	59	1	0	U	45.557	10583.9	10642.9	LINESTRING(268.080000 419.920000,267.320000 424.260000)
0	98	1571	773	1	1	34	34	0	6	36	1	0	Straight	0.0	10642.9	10678.9	LINESTRING(267.320000 424.260000,269.040000 429.860000)
0	99	773	772	1	1	34	34	0	6	36	1	0	Straight	0.0	10678.9	10714.9	LINESTRING(269.040000 429.860000,271.020000 434.810000)
0	100	772	777	1	1	91	91	0	16	106	1	0	Left	11.389	10726.3	10832.3	LINESTRING(271.020000 434.810000,266.750000 444.380000)
0	101	777	337	1	1	35	35	0	6	36	0	0	Right	5.695	10837.9	10843.9	LINESTRING(266.750000 444.380000,271.190000 450.030000)
0	102	337	1939	1	1	17	17	0	3	13	0	0	Straight	0.0	10843.9	10846.9	LINESTRING(271.190000 450.030000,275.110000 452.720000)
0	103	1939	337	1	1	17	17	0	3	13	1	0	U	45.557	10892.5	10905.5	LINESTRING(275.110000 452.720000,271.190000 450.030000)
0	104	337	338	1	1	55	55	0	10	60	0	0	Right	5.695	10911.2	10921.2	LINESTRING(271.190000 450.030000,271.570000 454.970000)
0	105	338	337	1	1	55	55	0	10	60	1	0	U	45.557	10966.8	11026.8	LINESTRING(271.570000 454.970000,271.190000 450.030000)
0	106	337	777	1	1	35	35	0	6	36	1	0	Straight	0.0	11026.8	11062.8	LINESTRING(271.190000 450.030000,266.750000 444.380000)
0	107	777	1456	1	1	117	117	0	21	131	1	0	Right	5.695	11068.5	11199.5	LINESTRING(266.750000 444.380000,258.850000 451.020000)
0	108	1456	1940	1	1	41	41	0	7	47	0	0	Right	5.695	11205.1	11212.1	LINESTRING(258.850000 451.020000,261.080000 454.930000)
0	109	1940	1456	1	1	41	41	0	7	47	1	0	U	45.557	11257.7	11304.7	LINESTRING(261.080000 454.930000,258.850000 451.020000)
0	110	1456	1457	1	1	74	74	0	13	83	1	0	Right	5.695	11310.4	11393.4	LINESTRING(258.850000 451.020000,250.050000 456.120000)
0	111	1457	1544	1	1	39	39	0	7	37	0	0	Straight	0.0	11393.4	11400.4	LINESTRING(250.050000 456.120000,245.650000 463.760000)
0	112	1544	1438	1	1	33	33	0	6	36	0	0	Straight	0.0	11400.4	11406.4	LINESTRING(245.650000 463.760000,244.000000 470.080000)
0	113	1438	1439	1	1	12	12	0	2	12	0	0	Straight	0.0	11406.4	11408.4	LINESTRING(244.000000 470.080000,244.840000 474.350000)
0	114	1439	1438	1	1	12	12	0	2	12	1	0	U	45.557	11454.0	11466.0	LINESTRING(244.840000 474.350000,244.000000 470.080000)
0	115	1438	2109	1	1	19	19	0	4	14	0	0	Right	5.695	11471.7	11475.7	LINESTRING(244.000000 470.080000,239.540000 473.270000)
0	116	2109	1438	1	1	19	19	0	4	14	1	0	U	45.557	11521.2	11535.2	LINESTRING(239.540000 473.270000,244.000000 470.080000)
0	117	1438	1544	1	1	33	33	0	6	36	1	0	Straight	0.0	11535.2	11571.2	LINESTRING(244.000000 470.080000,245.650000 463.760000)
0	118	1544	1734	1	1	57	57	0	10	60	0	0	Right	5.695	11576.9	11586.9	LINESTRING(245.650000 463.760000,241.070000 466.050000)
0	119	1734	1544	1	1	57	57	0	10	60	1	0	U	45.557	11632.5	11692.5	LINESTRING(241.070000 466.050000,245.650000 463.760000)
0	120	1544	1457	1	1	39	39	0	7	37	1	0	Straight	0.0	11692.5	11729.5	LINESTRING(245.650000 463.760000,250.050000 456.120000)
0	121	1457	817	1	1	99	99	0	18	108	1	0	Right	5.695	11735.2	11843.2	LINESTRING(250.050000 456.120000,242.700000 453.550000)
0	122	817	2049	1	1	26	26	0	5	25	0	0	Right	5.695	11848.8	11853.8	LINESTRING(242.700000 453.550000,239.470000 457.130000)
0	123	2049	817	1	1	26	26	0	5	25	1	0	U	45.557	11899.4	11924.4	LINESTRING(239.470000 457.130000,242.700000 453.550000)
0	124	817	818	1	1	59	59	0	11	61	1	0	Right	5.695	11930.1	11991.1	LINESTRING(242.700000 453.550000,237.630000 448.690000)
0	125	818	1950	1	1	17	17	0	3	13	0	0	Right	5.695	11996.8	11999.8	LINESTRING(237.630000 448.690000,233.870000 451.130000)
0	126	1950	818	1	1	17	17	0	3	13	1	0	U	45.557	12045.4	12058.4	LINESTRING(233.870000 451.130000,237.630000 448.690000)
0	127	818	383	1	1	62	62	0	11	71	1	0	Right	5.695	12064.0	12135.0	LINESTRING(237.630000 448.690000,235.970000 441.670000)
0	128	383	382	1	1	32	32	0	6	36	0	0	Right	5.695	12140.7	12146.7	LINESTRING(235.970000 441.670000,228.000000 441.970000)
0	129	382	1803	1	1	12	12	0	2	12	0	0	Straight	0.0	12146.7	12148.7	LINESTRING(228.000000 441.970000,223.050000 444.280000)
0	130	1803	382	1	1	12	12	0	2	12	1	0	U	45.557	12194.3	12206.3	LINESTRING(223.050000 444.280000,228.000000 441.970000)
0	131	382	2065	1	1	44	44	0	8	48	0	0	U	45.557	12251.9	12259.9	LINESTRING(228.000000 441.970000,223.100000 440.350000)
0	132	2065	382	1	1	44	44	0	8	48	1	0	U	45.557	12305.4	12353.4	LINESTRING(223.100000 440.350000,228.000000 441.970000)
0	133	382	383	1	1	32	32	0	6	36	1	0	Straight	0.0	12353.4	12389.4	LINESTRING(228.000000 441.970000,235.970000 441.670000)
0	134	383	377	1	1	192	192	0	35	225	1	0	Straight	0.0	12389.4	12614.4	LINESTRING(235.970000 441.670000,242.860000 435.920000)
0	135	377	816	1	1	61	61	0	11	71	0	0	U	45.557	12660.0	12671.0	LINESTRING(242.860000 435.920000,238.550000 435.790000)
0	136	816	377	1	1	61	61	0	11	71	1	0	U	45.557	12716.5	12787.5	LINESTRING(238.550000 435.790000,242.860000 435.920000)
0	137	377	376	1	1	206	206	0	37	237	1	0	Straight	0.0	12787.5	13024.5	LINESTRING(242.860000 435.920000,251.200000 430.300000)
0	138	376	791	1	1	59	59	0	11	61	0	0	Right	5.695	13030.2	13041.2	LINESTRING(251.200000 430.300000,246.280000 425.630000)
0	139	791	2020	1	1	32	32	0	6	36	1	0	Straight	0.0	13041.2	13077.2	LINESTRING(246.280000 425.630000,245.970000 421.460000)
0	140	2020	791	1	1	32	32	0	6	36	0	0	U	45.557	13122.8	13128.8	LINESTRING(245.970000 421.460000,246.280000 425.630000)
0	141	791	1948	1	1	65	65	0	12	72	1	0	Left	11.389	13140.2	13212.2	LINESTRING(246.280000 425.630000,242.380000 426.190000)
0	142	1948	791	1	1	65	65	0	12	72	0	0	U	45.557	13257.7	13269.7	LINESTRING(242.380000 426.190000,246.280000 425.630000)
0	143	791	790	1	1	8	8	0	1	1	1	0	Right	5.695	13275.4	13276.4	LINESTRING(246.280000 425.630000,242.210000 422.530000)
0	144	790	791	1	1	8	8	0	1	1	0	0	U	45.557	13322.0	13323.0	LINESTRING(242.210000 422.530000,246.280000 425.630000)
0	145	791	376	1	1	59	59	0	11	61	1	0	Straight	0.0	13323.0	13384.0	LINESTRING(246.280000 425.630000,251.200000 430.300000)
0	146	376	792	1	1	28	28	0	5	25	1	0	Right	5.695	13389.7	13414.7	LINESTRING(251.200000 430.300000,261.840000 427.610000)
0	147	792	793	1	1	219	219	0	39	249	1	0	Straight	0.0	13414.7	13663.7	LINESTRING(261.840000 427.610000,275.780000 425.870000)
0	148	793	768	1	1	71	71	0	13	83	0	0	Straight	0.0	13663.7	13676.7	LINESTRING(275.780000 425.870000,280.160000 425.540000)
0	149	768	2100	1	1	49	49	0	9	49	0	0	Right	5.695	13682.4	13691.4	LINESTRING(280.160000 425.540000,282.280000 422.540000)
0	150	2100	768	1	1	49	49	0	9	49	1	0	U	45.557	13736.9	13785.9	LINESTRING(282.280000 422.540000,280.160000 425.540000)
0	151	768	769	1	1	199	199	0	36	226	0	0	Right	5.695	13791.6	13827.6	LINESTRING(280.160000 425.540000,283.000000 428.120000)
0	152	769	768	1	1	199	199	0	36	226	1	0	U	45.557	13873.2	14099.2	LINESTRING(283.000000 428.120000,280.160000 425.540000)
0	153	768	793	1	1	71	71	0	13	83	1	0	Right	5.695	14104.9	14187.9	LINESTRING(280.160000 425.540000,275.780000 425.870000)
0	154	793	792	1	1	219	219	0	39	249	0	0	Straight	0.0	14187.9	14226.9	LINESTRING(275.780000 425.870000,261.840000 427.610000)
0	155	792	1526	1	1	233	233	0	42	272	1	0	Straight	0.0	14226.9	14498.9	LINESTRING(261.840000 427.610000,253.730000 426.600000)
0	156	1526	815	1	1	14	14	0	3	13	0	0	Straight	0.0	14498.9	14501.9	LINESTRING(253.730000 426.600000,240.330000 429.250000)
0	157	815	2070	0	0	0	0	0	49	0	0	0	Left	11.389	14513.3	14562.3	LINESTRING(240.330000 429.250000,240.270000 415.950000)
0	158	2070	412	0	0	0	0	0	22	0	0	0	Straight	0.0	14562.3	14584.3	LINESTRING(240.270000 415.950000,244.880000 405.620000)
0	159	412	893	0	0	0	0	0	2	0	0	0	Straight	0.0	14584.3	14586.3	LINESTRING(244.880000 405.620000,241.320000 390.940000)
0	160	893	477	0	0	0	0	0	23	0	0	0	Straight	0.0	14586.3	14609.3	LINESTRING(241.320000 390.940000,247.760000 376.520000)
0	161	477	478	1	1	339	339	0	61	391	0	0	Straight	0.0	14609.3	14670.3	LINESTRING(247.760000 376.520000,250.630000 358.810000)
0	162	478	506	1	1	140	140	0	25	165	0	0	Straight	0.0	14670.3	14695.3	LINESTRING(250.630000 358.810000,262.850000 344.550000)
0	163	506	969	1	0	0	0	0	43	0	0	0	Straight	0.0	14695.3	14738.3	LINESTRING(262.850000 344.550000,267.880000 330.780000)
0	164	969	2097	1	0	0	0	0	24	0	0	0	Straight	0.0	14738.3	14762.3	LINESTRING(267.880000 330.780000,279.580000 320.460000)
0	165	2097	556	1	0	0	0	0	25	0	0	0	Straight	0.0	14762.3	14787.3	LINESTRING(279.580000 320.460000,289.600000 308.420000)
0	166	556	564	1	0	0	0	0	27	0	0	0	Straight	0.0	14787.3	14814.3	LINESTRING(289.600000 308.420000,297.850000 297.270000)
0	167	564	594	1	0	0	0	0	26	0	0	0	Straight	0.0	14814.3	14840.3	LINESTRING(297.850000 297.270000,307.380000 288.170000)
0	168	594	593	1	0	0	0	0	34	0	0	0	Straight	0.0	14840.3	14874.3	LINESTRING(307.380000 288.170000,320.190000 279.470000)
0	169	593	607	1	0	0	0	0	30	0	0	0	Straight	0.0	14874.3	14904.3	LINESTRING(320.190000 279.470000,341.470000 281.280000)
0	170	607	616	1	0	0	0	0	22	0	0	0	Straight	0.0	14904.3	14926.3	LINESTRING(341.470000 281.280000,363.030000 281.580000)
0	171	616	615	1	0	0	0	0	3	0	0	0	Straight	0.0	14926.3	14929.3	LINESTRING(363.030000 281.580000,379.090000 271.730000)
0	172	615	1825	1	0	0	0	0	27	0	0	0	Straight	0.0	14929.3	14956.3	LINESTRING(379.090000 271.730000,401.590000 256.480000)
0	173	1825	690	1	0	0	0	0	12	0	0	0	Straight	0.0	14956.3	14968.3	LINESTRING(401.590000 256.480000,411.190000 240.760000)
0	174	690	2085	1	0	0	0	0	15	0	0	0	Left	11.389	14979.7	14994.7	LINESTRING(411.190000 240.760000,421.880000 250.660000)
0	175	2085	1083	1	0	0	0	0	71	0	0	0	Straight	0.0	14994.7	15065.7	LINESTRING(421.880000 250.660000,446.000000 251.770000)
1	0	1083	2085	1	0	0	0	0	71	0	0	300		0.0	15365.7	15436.7	LINESTRING(446.000000 251.770000,421.880000 250.660000)
1	1	2085	1825	0	0	0	0	0	21	0	0	0	Straight	0.0	15436.7	15457.7	LINESTRING(421.880000 250.660000,401.590000 256.480000)
1	2	1825	615	1	0	0	0	0	27	0	0	0	Straight	0.0	15457.7	15484.7	LINESTRING(401.590000 256.480000,379.090000 271.730000)
1	3	615	1684	0	0	0	0	0	58	0	0	0	Right	5.695	15490.3	15548.3	LINESTRING(379.090000 271.730000,393.810000 293.840000)
1	4	1684	984	1	0	0	0	0	3	0	0	0	Left	11.389	15559.7	15562.7	LINESTRING(393.810000 293.840000,381.850000 299.240000)
1	5	984	558	1	0	0	0	0	7	0	0	0	Straight	0.0	15562.7	15569.7	LINESTRING(381.850000 299.240000,362.770000 297.070000)
1	6	558	554	1	0	0	0	0	10	0	0	0	Straight	0.0	15569.7	15579.7	LINESTRING(362.770000 297.070000,347.040000 297.520000)
1	7	554	1553	1	0	0	0	0	36	0	0	0	Straight	0.0	15579.7	15615.7	LINESTRING(347.040000 297.520000,331.400000 298.100000)
1	8	1553	981	1	1	135	135	0	24	154	1	0	Left	11.389	15627.1	15781.1	LINESTRING(331.400000 298.100000,328.530000 291.570000)
1	9	981	982	1	0	0	0	0	26	0	0	0	Right	5.695	15786.8	15812.8	LINESTRING(328.530000 291.570000,316.170000 291.650000)
1	10	982	594	1	0	0	0	0	27	0	0	0	Straight	0.0	15812.8	15839.8	LINESTRING(316.170000 291.650000,307.380000 288.170000)
1	11	594	1043	1	0	0	0	0	53	0	0	0	Straight	0.0	15839.8	15892.8	LINESTRING(307.380000 288.170000,294.740000 287.290000)
1	12	1043	621	1	1	147	147	0	26	166	1	0	Right	5.695	15898.5	16064.5	LINESTRING(294.740000 287.290000,286.130000 294.790000)
1	13	621	622	1	1	146	146	0	26	166	1	0	Straight	0.0	16064.5	16230.5	LINESTRING(286.130000 294.790000,276.780000 304.600000)
1	14	622	1483	1	1	139	139	0	25	155	1	0	Straight	0.0	16230.5	16385.5	LINESTRING(276.780000 304.600000,266.840000 314.480000)
1	15	1483	648	1	1	132	132	0	24	154	1	0	Straight	0.0	16385.5	16539.5	LINESTRING(266.840000 314.480000,255.650000 321.780000)
1	16	648	647	1	1	348	348	0	63	403	1	0	Straight	0.0	16539.5	16942.5	LINESTRING(255.650000 321.780000,237.650000 320.090000)
1	17	647	1501	1	0	0	0	0	26	0	0	0	U	45.557	16988.1	17014.1	LINESTRING(237.650000 320.090000,254.220000 311.800000)
1	18	1501	1483	1	1	309	309	0	56	356	1	0	Straight	0.0	17014.1	17370.1	LINESTRING(254.220000 311.800000,266.840000 314.480000)
1	19	1483	2097	1	1	295	295	0	53	343	1	0	Straight	0.0	17370.1	17713.1	LINESTRING(266.840000 314.480000,279.580000 320.460000)
1	20	2097	458	1	0	0	0	0	92	0	0	0	Straight	0.0	17713.1	17805.1	LINESTRING(279.580000 320.460000,292.810000 327.990000)
1	21	458	459	1	1	191	191	0	34	224	1	0	Left	11.389	17816.5	18040.5	LINESTRING(292.810000 327.990000,290.760000 342.770000)
1	22	459	507	1	1	127	127	0	23	143	1	0	Left	11.389	18051.8	18194.8	LINESTRING(290.760000 342.770000,275.170000 339.790000)
1	23	507	969	1	1	471	471	0	85	555	0	0	Straight	0.0	18194.8	18279.8	LINESTRING(275.170000 339.790000,267.880000 330.780000)
1	24	969	507	1	1	471	471	0	85	555	1	0	U	45.557	18325.4	18880.4	LINESTRING(267.880000 330.780000,275.170000 339.790000)
1	25	507	506	1	1	453	453	0	82	532	1	0	Left	11.389	18891.8	19423.8	LINESTRING(275.170000 339.790000,262.850000 344.550000)
1	26	506	478	1	1	140	140	0	25	165	1	0	Straight	0.0	19423.8	19588.8	LINESTRING(262.850000 344.550000,250.630000 358.810000)
1	27	478	477	1	1	339	339	0	61	391	1	0	Straight	0.0	19588.8	19979.8	LINESTRING(250.630000 358.810000,247.760000 376.520000)
1	28	477	425	0	1	21	21	0	4	24	1	0	Straight	0.0	19979.8	20003.8	LINESTRING(247.760000 376.520000,252.310000 386.310000)
1	29	425	885	1	1	27	27	0	5	25	1	0	U	45.557	20049.4	20074.4	LINESTRING(252.310000 386.310000,247.850000 383.940000)
1	30	885	2033	1	1	76	76	0	14	84	0	0	Straight	0.0	20074.4	20088.4	LINESTRING(247.850000 383.940000,243.320000 383.200000)
1	31	2033	885	1	1	76	76	0	14	84	1	0	U	45.557	20133.9	20217.9	LINESTRING(243.320000 383.200000,247.850000 383.940000)
1	32	885	886	1	1	102	102	0	18	118	0	0	Right	5.695	20223.6	20241.6	LINESTRING(247.850000 383.940000,249.890000 380.760000)
1	33	886	885	1	1	102	102	0	18	118	1	0	U	45.557	20287.2	20405.2	LINESTRING(249.890000 380.760000,247.850000 383.940000)
1	34	885	425	1	1	27	27	0	5	25	0	0	Right	5.695	20410.9	20415.9	LINESTRING(247.850000 383.940000,252.310000 386.310000)
1	35	425	424	0	1	110	110	0	20	130	1	0	Straight	0.0	20415.9	20545.9	LINESTRING(252.310000 386.310000,257.750000 396.330000)
1	36	424	408	0	0	0	0	0	2	0	0	0	Straight	0.0	20545.9	20547.9	LINESTRING(257.750000 396.330000,259.570000 409.900000)
1	37	408	1526	0	1	395	395	0	71	461	1	0	Straight	0.0	20547.9	21008.9	LINESTRING(259.570000 409.900000,253.730000 426.600000)
1	38	1526	312	0	1	375	375	0	67	437	1	0	Straight	0.0	21008.9	21445.9	LINESTRING(253.730000 426.600000,254.450000 442.650000)
1	39	312	310	0	0	0	0	0	4	0	0	0	Straight	0.0	21445.9	21449.9	LINESTRING(254.450000 442.650000,257.180000 455.600000)
1	40	310	335	0	0	0	0	0	1	0	0	0	Left	11.389	21461.2	21462.2	LINESTRING(257.180000 455.600000,245.130000 456.300000)
1	41	335	317	0	0	0	0	0	4	0	0	0	Left	11.389	21473.6	21477.6	LINESTRING(245.130000 456.300000,241.260000 443.730000)
1	42	317	815	0	0	0	0	0	68	0	0	0	Straight	0.0	21477.6	21545.6	LINESTRING(241.260000 443.730000,240.330000 429.250000)
1	43	815	1526	1	1	14	14	0	3	13	1	0	Left	11.389	21557.0	21570.0	LINESTRING(240.330000 429.250000,253.730000 426.600000)
1	44	1526	815	1	1	14	14	0	3	13	0	0	U	45.557	21615.6	21618.6	LINESTRING(253.730000 426.600000,240.330000 429.250000)
1	45	815	1986	1	1	121	121	0	22	142	1	0	Straight	0.0	21618.6	21760.6	LINESTRING(240.330000 429.250000,227.230000 429.130000)
1	46	1986	445	1	1	434	434	0	78	508	1	0	Straight	0.0	21760.6	22268.6	LINESTRING(227.230000 429.130000,214.830000 429.240000)
1	47	445	444	1	1	134	134	0	24	154	1	0	Straight	0.0	22268.6	22422.6	LINESTRING(214.830000 429.240000,203.040000 429.230000)
1	48	444	904	1	1	14	14	0	3	13	1	0	Straight	0.0	22422.6	22435.6	LINESTRING(203.040000 429.230000,188.580000 433.120000)
1	49	904	910	1	1	74	74	0	13	83	0	0	Straight	0.0	22435.6	22448.6	LINESTRING(188.580000 433.120000,169.530000 443.270000)
1	50	910	919	1	1	6	6	0	1	1	0	0	Straight	0.0	22448.6	22449.6	LINESTRING(169.530000 443.270000,151.710000 452.930000)
1	51	919	921	1	1	60	60	0	11	71	1	0	Straight	0.0	22449.6	22520.6	LINESTRING(151.710000 452.930000,138.070000 459.500000)
1	52	921	1969	1	1	78	78	0	14	84	0	0	Straight	0.0	22520.6	22534.6	LINESTRING(138.070000 459.500000,134.940000 464.540000)
1	53	1969	921	1	1	78	78	0	14	84	1	0	U	45.557	22580.1	22664.1	LINESTRING(134.940000 464.540000,138.070000 459.500000)
1	54	921	919	1	1	60	60	0	11	71	0	0	Straight	0.0	22664.1	22675.1	LINESTRING(138.070000 459.500000,151.710000 452.930000)
1	55	919	910	1	1	6	6	0	1	1	1	0	Straight	0.0	22675.1	22676.1	LINESTRING(151.710000 452.930000,169.530000 443.270000)
1	56	910	1999	1	1	157	157	0	28	178	1	0	U	45.557	22721.7	22899.7	LINESTRING(169.530000 443.270000,164.920000 445.790000)
1	57	1999	910	1	1	157	157	0	28	178	0	0	U	45.557	22945.3	22973.3	LINESTRING(164.920000 445.790000,169.530000 443.270000)
1	58	910	904	1	1	74	74	0	13	83	1	0	Straight	0.0	22973.3	23056.3	LINESTRING(169.530000 443.270000,188.580000 433.120000)
1	59	904	952	0	0	0	0	0	72	0	0	0	Right	5.695	23061.9	23133.9	LINESTRING(188.580000 433.120000,186.420000 412.800000)
1	60	952	1742	0	0	0	0	0	2	0	0	0	Straight	0.0	23133.9	23135.9	LINESTRING(186.420000 412.800000,189.970000 392.150000)
1	61	1742	979	0	0	0	0	0	25	0	0	0	Straight	0.0	23135.9	23160.9	LINESTRING(189.970000 392.150000,197.850000 376.830000)
1	62	979	980	1	0	0	0	0	60	0	0	0	Straight	0.0	23160.9	23220.9	LINESTRING(197.850000 376.830000,200.540000 354.200000)
1	63	980	970	1	0	0	0	0	36	0	0	0	Left	11.389	23232.3	23268.3	LINESTRING(200.540000 354.200000,211.400000 361.910000)
1	64	970	1555	1	0	0	0	0	72	0	0	0	Straight	0.0	23268.3	23340.3	LINESTRING(211.400000 361.910000,215.080000 373.770000)
1	65	1555	1554	1	1	145	145	0	26	166	1	0	Straight	0.0	23340.3	23506.3	LINESTRING(215.080000 373.770000,220.860000 386.830000)
1	66	1554	893	0	0	0	0	0	67	0	0	0	Right	5.695	23512.0	23579.0	LINESTRING(220.860000 386.830000,241.320000 390.940000)
1	67	893	424	0	0	0	0	0	2	0	0	0	Straight	0.0	23579.0	23581.0	LINESTRING(241.320000 390.940000,257.750000 396.330000)
1	68	424	352	0	0	0	0	0	107	0	0	0	Straight	0.0	23581.0	23688.0	LINESTRING(257.750000 396.330000,275.860000 397.770000)
1	69	352	348	1	1	11	11	0	2	12	1	0	Left	11.389	23699.4	23711.4	LINESTRING(275.860000 397.770000,278.310000 408.080000)
1	70	348	347	1	0	0	0	0	67	0	0	0	Straight	0.0	23711.4	23778.4	LINESTRING(278.310000 408.080000,290.110000 418.850000)
1	71	347	765	1	0	0	0	0	41	0	0	0	Right	5.695	23784.1	23825.1	LINESTRING(290.110000 418.850000,308.120000 413.910000)
1	72	765	766	1	1	307	307	0	55	355	1	0	Right	5.695	23830.8	24185.8	LINESTRING(308.120000 413.910000,312.040000 400.610000)
1	73	766	788	1	1	102	102	0	18	118	1	0	Straight	0.0	24185.8	24303.8	LINESTRING(312.040000 400.610000,320.960000 384.390000)
1	74	788	350	1	1	99	99	0	18	108	0	0	Left	11.389	24315.2	24333.2	LINESTRING(320.960000 384.390000,333.220000 387.160000)
1	75	350	1870	1	1	69	69	0	12	72	1	0	Straight	0.0	24333.2	24405.2	LINESTRING(333.220000 387.160000,344.310000 391.240000)
1	76	1870	1410	1	1	94	94	0	17	107	1	0	Straight	0.0	24405.2	24512.2	LINESTRING(344.310000 391.240000,355.380000 396.030000)
1	77	1410	283	1	0	0	0	0	17	0	0	0	Straight	0.0	24512.2	24529.2	LINESTRING(355.380000 396.030000,368.950000 396.890000)
1	78	283	308	1	1	276	276	0	50	320	1	0	Straight	0.0	24529.2	24849.2	LINESTRING(368.950000 396.890000,374.300000 393.810000)
1	79	308	309	1	1	100	100	0	18	118	1	0	Left	11.389	24860.6	24978.6	LINESTRING(374.300000 393.810000,378.840000 399.410000)
1	80	309	2099	1	1	128	128	0	23	143	1	0	Straight	0.0	24978.6	25121.6	LINESTRING(378.840000 399.410000,382.500000 403.060000)
1	81	2099	1843	1	1	68	68	0	12	72	1	0	Right	5.695	25127.3	25199.3	LINESTRING(382.500000 403.060000,384.020000 399.450000)
1	82	1843	270	1	1	96	96	0	17	107	1	0	Straight	0.0	25199.3	25306.3	LINESTRING(384.020000 399.450000,384.400000 394.110000)
1	83	270	288	1	0	0	0	0	27	0	0	0	Straight	0.0	25306.3	25333.3	LINESTRING(384.400000 394.110000,384.510000 386.940000)
1	84	288	287	1	0	0	0	0	26	0	0	0	Straight	0.0	25333.3	25359.3	LINESTRING(384.510000 386.940000,382.640000 381.690000)
1	85	287	762	1	1	159	159	0	29	179	1	0	Straight	0.0	25359.3	25538.3	LINESTRING(382.640000 381.690000,378.820000 376.880000)
1	86	762	776	1	0	0	0	0	17	0	0	0	Straight	0.0	25538.3	25555.3	LINESTRING(378.820000 376.880000,373.260000 372.410000)
1	87	776	327	1	1	93	93	0	17	107	1	0	Right	5.695	25561.0	25668.0	LINESTRING(373.260000 372.410000,363.410000 378.720000)
1	88	327	798	1	1	98	98	0	18	108	1	0	Straight	0.0	25668.0	25776.0	LINESTRING(363.410000 378.720000,356.000000 386.130000)
1	89	798	1410	1	1	331	331	0	60	390	1	0	Straight	0.0	25776.0	26166.0	LINESTRING(356.000000 386.130000,355.380000 396.030000)
1	90	1410	1870	1	1	94	94	0	17	107	0	0	Left	11.389	26177.4	26194.4	LINESTRING(355.380000 396.030000,344.310000 391.240000)
1	91	1870	1949	1	1	245	245	0	44	284	1	0	Left	11.389	26205.8	26489.8	LINESTRING(344.310000 391.240000,343.510000 386.480000)
1	92	1949	797	1	1	126	126	0	23	143	1	0	Left	11.389	26501.1	26644.1	LINESTRING(343.510000 386.480000,347.620000 383.370000)
1	93	797	1486	1	1	178	178	0	32	202	1	0	Right	5.695	26649.8	26851.8	LINESTRING(347.620000 383.370000,340.940000 378.750000)
1	94	1486	349	1	1	158	158	0	28	178	1	0	Right	5.695	26857.5	27035.5	LINESTRING(340.940000 378.750000,338.680000 384.290000)
1	95	349	350	1	1	216	216	0	39	249	1	0	Straight	0.0	27035.5	27284.5	LINESTRING(338.680000 384.290000,333.220000 387.160000)
1	96	350	788	1	1	99	99	0	18	108	1	0	Straight	0.0	27284.5	27392.5	LINESTRING(333.220000 387.160000,320.960000 384.390000)
1	97	788	388	1	1	459	459	0	83	533	1	0	Left	11.389	27403.9	27936.9	LINESTRING(320.960000 384.390000,321.760000 366.070000)
1	98	388	1678	1	1	196	196	0	35	225	1	0	Right	5.695	27942.6	28167.6	LINESTRING(321.760000 366.070000,302.470000 357.350000)
1	99	1678	459	1	1	63	63	0	11	71	1	0	Straight	0.0	28167.6	28238.6	LINESTRING(302.470000 357.350000,290.760000 342.770000)
1	100	459	458	1	1	191	191	0	34	224	0	0	Left	11.389	28250.0	28284.0	LINESTRING(290.760000 342.770000,292.810000 327.990000)
1	101	458	1971	1	1	81	81	0	15	95	1	0	Left	11.389	28295.4	28390.4	LINESTRING(292.810000 327.990000,305.810000 320.420000)
1	102	1971	557	1	0	0	0	0	16	0	0	0	Right	5.695	28396.1	28412.1	LINESTRING(305.810000 320.420000,303.930000 309.490000)
1	103	557	556	1	1	430	430	0	77	507	1	0	Right	5.695	28417.8	28924.8	LINESTRING(303.930000 309.490000,289.600000 308.420000)
1	104	556	564	1	0	0	0	0	27	0	0	0	Left	11.389	28936.2	28963.2	LINESTRING(289.600000 308.420000,297.850000 297.270000)
1	105	564	594	1	0	0	0	0	26	0	0	0	Straight	0.0	28963.2	28989.2	LINESTRING(297.850000 297.270000,307.380000 288.170000)
1	106	594	593	1	0	0	0	0	34	0	0	0	Straight	0.0	28989.2	29023.2	LINESTRING(307.380000 288.170000,320.190000 279.470000)
1	107	593	607	1	0	0	0	0	30	0	0	0	Straight	0.0	29023.2	29053.2	LINESTRING(320.190000 279.470000,341.470000 281.280000)
1	108	607	616	1	0	0	0	0	22	0	0	0	Straight	0.0	29053.2	29075.2	LINESTRING(341.470000 281.280000,363.030000 281.580000)
1	109	616	615	1	0	0	0	0	3	0	0	0	Straight	0.0	29075.2	29078.2	LINESTRING(363.030000 281.580000,379.090000 271.730000)
1	110	615	1825	1	0	0	0	0	27	0	0	0	Straight	0.0	29078.2	29105.2	LINESTRING(379.090000 271.730000,401.590000 256.480000)
1	111	1825	690	1	0	0	0	0	12	0	0	0	Straight	0.0	29105.2	29117.2	LINESTRING(401.590000 256.480000,411.190000 240.760000)
1	112	690	2085	1	0	0	0	0	15	0	0	0	Left	11.389	29128.6	29143.6	LINESTRING(411.190000 240.760000,421.880000 250.660000)
1	113	2085	1083	1	0	0	0	0	71	0	0	0	Straight	0.0	29143.6	29214.6	LINESTRING(421.880000 250.660000,446.000000 251.770000)
2	0	1083	1083	-1	-1	0	0	0	0	0	0	300		0.0	29214.6	29514.6	LINESTRING(446.000000 251.770000,446.000000 251.770000)
