Problem Type	Solution Method	Vehicle Capacity (Weight)	Vehicle Capacity(Volume)	Disposal Trips	Route Time	Route Time wo Turns	Computational Time(Sec)	Clustering Time(Sec)	VA(NHO)	VA(ATD)	VA(CCI)	VA(DMT)	VA(ROI)	VA(AOI)	Optimal
MCARPTIF-TP	GPM	10000	10000	2	33793.2	29162	392.635	2.544	0.542851	1507.72	1.05263	27537	2.06529	0.0903498	0
Load No	Sequence No	From Node ID	To Node ID	IsEdge	Required	Weight	Volume	Travel Miles	Travel Time	Service Time	Served	Dumped	Turn Type	Turn Cost	Depart Time	Arrival Time	Shape
0	0	2277	922	1	0	0	0	0	91	0	0	300		0.0	300.0	391.0	LINESTRING(360.380000 280.330000,363.400000 284.320000)
0	1	922	923	1	0	0	0	0	20	0	0	0	Straight	0.0	391.0	411.0	LINESTRING(363.400000 284.320000,367.720000 288.770000)
0	2	923	2011	1	0	0	0	0	100	0	0	0	Straight	0.0	411.0	511.0	LINESTRING(367.720000 288.770000,372.780000 294.490000)
0	3	2011	1004	1	0	0	0	0	249	0	0	0	Straight	0.0	511.0	760.0	LINESTRING(372.780000 294.490000,378.590000 301.430000)
0	4	1004	1528	1	0	0	0	0	24	0	0	0	Straight	0.0	760.0	784.0	LINESTRING(378.590000 301.430000,385.690000 307.890000)
0	5	1528	611	0	0	0	0	0	16	0	0	0	Straight	0.0	784.0	800.0	LINESTRING(385.690000 307.890000,386.970000 314.450000)
0	6	611	610	1	0	0	0	0	13	0	0	0	Straight	0.0	800.0	813.0	LINESTRING(386.970000 314.450000,383.270000 322.520000)
0	7	610	951	1	0	0	0	0	5	0	0	0	Straight	0.0	813.0	818.0	LINESTRING(383.270000 322.520000,362.600000 336.160000)
0	8	951	561	1	0	0	0	0	65	0	0	0	Straight	0.0	818.0	883.0	LINESTRING(362.600000 336.160000,341.600000 352.600000)
0	9	561	900	1	0	0	0	0	83	0	0	0	Straight	0.0	883.0	966.0	LINESTRING(341.600000 352.600000,313.770000 368.790000)
0	10	900	1553	1	0	0	0	0	42	0	0	0	Straight	0.0	966.0	1008.0	LINESTRING(313.770000 368.790000,285.870000 384.490000)
0	11	1553	2313	1	0	0	0	0	55	0	0	0	Straight	0.0	1008.0	1063.0	LINESTRING(285.870000 384.490000,258.180000 400.590000)
0	12	2313	1965	1	0	0	0	0	155	0	0	0	Straight	0.0	1063.0	1218.0	LINESTRING(258.180000 400.590000,235.220000 422.080000)
0	13	1965	1000	1	0	0	0	0	214	0	0	0	Straight	0.0	1218.0	1432.0	LINESTRING(235.220000 422.080000,214.990000 456.270000)
0	14	1000	999	1	0	0	0	0	20	0	0	0	Straight	0.0	1432.0	1452.0	LINESTRING(214.990000 456.270000,212.810000 482.160000)
0	15	999	740	1	0	0	0	0	189	0	0	0	Straight	0.0	1452.0	1641.0	LINESTRING(212.810000 482.160000,201.930000 510.040000)
0	16	740	741	1	0	0	0	0	3	0	0	0	Straight	0.0	1641.0	1644.0	LINESTRING(201.930000 510.040000,196.280000 524.150000)
0	17	741	798	1	0	0	0	0	114	0	0	0	Straight	0.0	1644.0	1758.0	LINESTRING(196.280000 524.150000,184.710000 534.980000)
0	18	798	803	0	1	77	77	0	14	84	1	0	Straight	0.0	1758.0	1842.0	LINESTRING(184.710000 534.980000,175.110000 544.590000)
0	19	803	802	1	1	64	64	0	11	71	0	0	Straight	0.0	1842.0	1853.0	LINESTRING(175.110000 544.590000,164.490000 554.030000)
0	20	802	805	1	1	308	308	0	55	355	1	0	Straight	0.0	1853.0	2208.0	LINESTRING(164.490000 554.030000,155.000000 556.890000)
0	21	805	827	1	0	0	0	0	58	0	0	0	Straight	0.0	2208.0	2266.0	LINESTRING(155.000000 556.890000,146.750000 556.240000)
0	22	827	2279	1	1	302	302	0	54	354	1	0	Straight	0.0	2266.0	2620.0	LINESTRING(146.750000 556.240000,141.540000 558.360000)
0	23	2279	827	1	1	302	302	0	54	354	0	0	U	57.264	2677.26	2731.26	LINESTRING(141.540000 558.360000,146.750000 556.240000)
0	24	827	1038	1	0	0	0	0	24	0	0	0	Right	7.158	2738.42	2762.42	LINESTRING(146.750000 556.240000,142.050000 552.120000)
0	25	1038	1039	1	0	0	0	0	11	0	0	0	U	57.264	2819.69	2830.69	LINESTRING(142.050000 552.120000,144.180000 560.970000)
0	26	1039	856	1	0	0	0	0	14	0	0	0	Straight	0.0	2830.69	2844.69	LINESTRING(144.180000 560.970000,143.050000 568.550000)
0	27	856	857	1	1	240	240	0	43	283	1	0	Straight	0.0	2844.69	3127.69	LINESTRING(143.050000 568.550000,141.680000 573.250000)
0	28	857	853	1	1	262	262	0	47	307	1	0	Right	7.158	3134.84	3441.84	LINESTRING(141.680000 573.250000,146.370000 572.520000)
0	29	853	856	1	1	203	203	0	37	237	1	0	Right	7.158	3449.0	3686.0	LINESTRING(146.370000 572.520000,143.050000 568.550000)
0	30	856	1039	1	0	0	0	0	14	0	0	0	Left	14.316	3700.32	3714.32	LINESTRING(143.050000 568.550000,144.180000 560.970000)
0	31	1039	1660	1	1	299	299	0	54	344	1	0	Left	14.316	3728.63	4072.63	LINESTRING(144.180000 560.970000,151.260000 561.120000)
0	32	1660	1886	1	0	0	0	0	13	0	0	0	Straight	0.0	4072.63	4085.63	LINESTRING(151.260000 561.120000,157.580000 562.660000)
0	33	1886	802	1	1	229	229	0	41	261	1	0	Right	7.158	4092.79	4353.79	LINESTRING(157.580000 562.660000,164.490000 554.030000)
0	34	802	803	1	1	64	64	0	11	71	1	0	Straight	0.0	4353.79	4424.79	LINESTRING(164.490000 554.030000,175.110000 544.590000)
0	35	803	799	1	1	37	37	0	7	37	1	0	Straight	0.0	4424.79	4461.79	LINESTRING(175.110000 544.590000,177.830000 538.920000)
0	36	799	804	1	0	0	0	0	12	0	0	0	Right	7.158	4468.95	4480.95	LINESTRING(177.830000 538.920000,173.420000 539.680000)
0	37	804	1893	0	1	72	72	0	13	83	1	0	Left	14.316	4495.27	4578.27	LINESTRING(173.420000 539.680000,172.510000 535.670000)
0	38	1893	799	1	1	37	37	0	7	37	0	0	Left	14.316	4592.58	4599.58	LINESTRING(172.510000 535.670000,177.830000 538.920000)
0	39	799	1893	1	1	37	37	0	7	37	1	0	U	57.264	4656.85	4693.85	LINESTRING(177.830000 538.920000,172.510000 535.670000)
0	40	1893	1770	1	1	1200	1200	0	216	1416	1	0	Straight	0.0	4693.85	6109.85	LINESTRING(172.510000 535.670000,170.310000 530.700000)
0	41	1770	985	1	1	274	274	0	49	319	1	0	Straight	0.0	6109.85	6428.85	LINESTRING(170.310000 530.700000,164.860000 525.410000)
0	42	985	986	1	1	267	267	0	48	308	1	0	Straight	0.0	6428.85	6736.85	LINESTRING(164.860000 525.410000,160.940000 521.130000)
0	43	986	2344	1	1	55	55	0	10	60	1	0	Right	7.158	6744.0	6804.0	LINESTRING(160.940000 521.130000,156.640000 523.250000)
0	44	2344	986	1	1	55	55	0	10	60	0	0	U	57.264	6861.27	6871.27	LINESTRING(156.640000 523.250000,160.940000 521.130000)
0	45	986	977	1	1	145	145	0	26	166	1	0	Right	7.158	6878.43	7044.43	LINESTRING(160.940000 521.130000,162.590000 515.220000)
0	46	977	978	1	1	147	147	0	26	166	1	0	Right	7.158	7051.58	7217.58	LINESTRING(162.590000 515.220000,155.520000 514.360000)
0	47	978	2191	1	1	219	219	0	39	249	1	0	Straight	0.0	7217.58	7466.58	LINESTRING(155.520000 514.360000,151.020000 515.930000)
0	48	2191	978	1	1	219	219	0	39	249	0	0	U	57.264	7523.85	7562.85	LINESTRING(151.020000 515.930000,155.520000 514.360000)
0	49	978	1966	1	1	84	84	0	15	95	1	0	Right	7.158	7570.01	7665.01	LINESTRING(155.520000 514.360000,151.460000 512.020000)
0	50	1966	978	1	1	84	84	0	15	95	0	0	U	57.264	7722.27	7737.27	LINESTRING(151.460000 512.020000,155.520000 514.360000)
0	51	978	977	1	1	147	147	0	26	166	0	0	Straight	0.0	7737.27	7763.27	LINESTRING(155.520000 514.360000,162.590000 515.220000)
0	52	977	627	1	1	140	140	0	25	165	1	0	Right	7.158	7770.43	7935.43	LINESTRING(162.590000 515.220000,168.020000 508.740000)
0	53	627	628	1	1	160	160	0	29	189	1	0	Straight	0.0	7935.43	8124.43	LINESTRING(168.020000 508.740000,169.590000 499.380000)
0	54	628	2112	1	1	204	204	0	37	237	1	0	Left	14.316	8138.74	8375.74	LINESTRING(169.590000 499.380000,175.540000 504.000000)
0	55	2112	2252	1	1	130	130	0	23	153	1	0	Right	7.158	8382.9	8535.9	LINESTRING(175.540000 504.000000,181.720000 501.480000)
0	56	2252	918	1	1	95	95	0	17	107	0	0	Left	14.316	8550.22	8567.22	LINESTRING(181.720000 501.480000,188.920000 507.190000)
0	57	918	1707	1	1	78	78	0	14	84	1	0	Straight	0.0	8567.22	8651.22	LINESTRING(188.920000 507.190000,196.930000 508.330000)
0	58	1707	1636	1	0	0	0	0	8	0	0	0	Straight	0.0	8651.22	8659.22	LINESTRING(196.930000 508.330000,205.980000 509.550000)
0	59	1636	2065	1	0	0	0	0	21	0	0	0	Right	7.158	8666.38	8687.38	LINESTRING(205.980000 509.550000,203.090000 500.060000)
0	60	2065	488	1	0	0	0	0	11	0	0	0	U	57.264	8744.64	8755.64	LINESTRING(203.090000 500.060000,210.090000 509.610000)
0	61	488	871	1	1	89	89	0	16	96	0	0	Straight	0.0	8755.64	8771.64	LINESTRING(210.090000 509.610000,213.900000 514.880000)
0	62	871	850	1	0	0	0	0	17	0	0	0	Straight	0.0	8771.64	8788.64	LINESTRING(213.900000 514.880000,219.710000 518.100000)
0	63	850	424	1	1	189	189	0	34	214	1	0	Right	7.158	8795.8	9009.8	LINESTRING(219.710000 518.100000,222.310000 514.250000)
0	64	424	423	1	1	193	193	0	35	225	1	0	Straight	0.0	9009.8	9234.8	LINESTRING(222.310000 514.250000,224.580000 511.080000)
0	65	423	424	1	1	193	193	0	35	225	0	0	U	57.264	9292.06	9327.06	LINESTRING(224.580000 511.080000,222.310000 514.250000)
0	66	424	850	1	1	189	189	0	34	214	0	0	Straight	0.0	9327.06	9361.06	LINESTRING(222.310000 514.250000,219.710000 518.100000)
0	67	850	476	1	1	23	23	0	4	24	1	0	Right	7.158	9368.22	9392.22	LINESTRING(219.710000 518.100000,222.480000 524.150000)
0	68	476	475	1	1	96	96	0	17	107	1	0	Straight	0.0	9392.22	9499.22	LINESTRING(222.480000 524.150000,225.040000 530.180000)
0	69	475	474	1	0	0	0	0	32	0	0	0	Straight	0.0	9499.22	9531.22	LINESTRING(225.040000 530.180000,234.050000 544.450000)
0	70	474	509	1	1	128	128	0	23	143	0	0	U	57.264	9588.48	9611.48	LINESTRING(234.050000 544.450000,216.450000 532.730000)
0	71	509	511	1	0	0	0	0	10	0	0	0	Straight	0.0	9611.48	9621.48	LINESTRING(216.450000 532.730000,202.320000 530.150000)
0	72	511	546	1	1	90	90	0	16	106	1	0	Straight	0.0	9621.48	9727.48	LINESTRING(202.320000 530.150000,195.090000 523.990000)
0	73	546	1825	1	0	0	0	0	26	0	0	0	Straight	0.0	9727.48	9753.48	LINESTRING(195.090000 523.990000,186.730000 523.270000)
0	74	1825	2172	1	1	92	92	0	17	107	1	0	Right	7.158	9760.64	9867.64	LINESTRING(186.730000 523.270000,190.860000 531.080000)
0	75	2172	657	1	1	45	45	0	8	48	0	0	Left	14.316	9881.96	9889.96	LINESTRING(190.860000 531.080000,182.330000 537.310000)
0	76	657	2008	1	1	95	95	0	17	107	1	0	Straight	0.0	9889.96	9996.96	LINESTRING(182.330000 537.310000,178.600000 543.900000)
0	77	2008	2213	1	1	32	32	0	6	36	0	0	Straight	0.0	9996.96	10003.0	LINESTRING(178.600000 543.900000,178.120000 549.050000)
0	78	2213	2008	1	1	32	32	0	6	36	1	0	U	57.264	10060.2	10096.2	LINESTRING(178.120000 549.050000,178.600000 543.900000)
0	79	2008	2007	1	1	452	452	0	81	531	1	0	Right	7.158	10103.4	10634.4	LINESTRING(178.600000 543.900000,173.010000 543.790000)
0	80	2007	2302	1	1	80	80	0	14	94	0	0	Right	7.158	10641.5	10655.5	LINESTRING(173.010000 543.790000,169.960000 548.300000)
0	81	2302	2007	1	1	80	80	0	14	94	1	0	U	57.264	10712.8	10806.8	LINESTRING(169.960000 548.300000,173.010000 543.790000)
0	82	2007	656	1	1	111	111	0	20	130	1	0	Straight	0.0	10806.8	10936.8	LINESTRING(173.010000 543.790000,174.710000 537.180000)
0	83	656	657	1	1	445	445	0	80	520	1	0	Left	14.316	10951.1	11471.1	LINESTRING(174.710000 537.180000,182.330000 537.310000)
0	84	657	2172	1	1	45	45	0	8	48	1	0	Straight	0.0	11471.1	11519.1	LINESTRING(182.330000 537.310000,190.860000 531.080000)
0	85	2172	511	1	1	323	323	0	58	378	1	0	Straight	0.0	11519.1	11897.1	LINESTRING(190.860000 531.080000,202.320000 530.150000)
0	86	511	546	1	1	90	90	0	16	106	0	0	Right	7.158	11904.3	11920.3	LINESTRING(202.320000 530.150000,195.090000 523.990000)
0	87	546	547	1	1	174	174	0	31	201	1	0	Left	14.316	11934.6	12135.6	LINESTRING(195.090000 523.990000,197.120000 518.800000)
0	88	547	917	1	1	39	39	0	7	37	1	0	Right	7.158	12142.7	12179.7	LINESTRING(197.120000 518.800000,190.350000 514.060000)
0	89	917	918	1	1	97	97	0	17	107	1	0	Straight	0.0	12179.7	12286.7	LINESTRING(190.350000 514.060000,188.920000 507.190000)
0	90	918	2252	1	1	95	95	0	17	107	1	0	Straight	0.0	12286.7	12393.7	LINESTRING(188.920000 507.190000,181.720000 501.480000)
0	91	2252	2112	1	1	130	130	0	23	153	0	0	Right	7.158	12400.9	12423.9	LINESTRING(181.720000 501.480000,175.540000 504.000000)
0	92	2112	622	1	1	133	133	0	24	154	1	0	Right	7.158	12431.1	12585.1	LINESTRING(175.540000 504.000000,177.560000 511.270000)
0	93	622	943	1	0	0	0	0	22	0	0	0	Straight	0.0	12585.1	12607.1	LINESTRING(177.560000 511.270000,184.040000 516.080000)
0	94	943	917	1	1	143	143	0	26	166	1	0	Right	7.158	12614.2	12780.2	LINESTRING(184.040000 516.080000,190.350000 514.060000)
0	95	917	547	1	1	39	39	0	7	37	0	0	Left	14.316	12794.5	12801.5	LINESTRING(190.350000 514.060000,197.120000 518.800000)
0	96	547	510	1	1	140	140	0	25	165	1	0	Straight	0.0	12801.5	12966.5	LINESTRING(197.120000 518.800000,205.350000 520.530000)
0	97	510	509	1	1	178	178	0	32	202	1	0	Straight	0.0	12966.5	13168.5	LINESTRING(205.350000 520.530000,216.450000 532.730000)
0	98	509	474	1	1	128	128	0	23	143	1	0	Straight	0.0	13168.5	13311.5	LINESTRING(216.450000 532.730000,234.050000 544.450000)
0	99	474	861	1	1	94	94	0	17	107	1	0	Straight	0.0	13311.5	13418.5	LINESTRING(234.050000 544.450000,237.740000 551.340000)
0	100	861	2225	1	1	101	101	0	18	118	1	0	Right	7.158	13425.7	13543.7	LINESTRING(237.740000 551.340000,240.670000 551.730000)
0	101	2225	861	1	1	101	101	0	18	118	0	0	U	57.264	13601.0	13619.0	LINESTRING(240.670000 551.730000,237.740000 551.340000)
0	102	861	809	1	0	0	0	0	30	0	0	0	Straight	0.0	13619.0	13649.0	LINESTRING(237.740000 551.340000,232.210000 553.530000)
0	103	809	454	1	1	198	198	0	36	226	1	0	Right	7.158	13656.1	13882.1	LINESTRING(232.210000 553.530000,237.880000 556.350000)
0	104	454	453	1	1	162	162	0	29	189	1	0	Straight	0.0	13882.1	14071.1	LINESTRING(237.880000 556.350000,244.040000 556.960000)
0	105	453	860	1	0	0	0	0	26	0	0	0	Straight	0.0	14071.1	14097.1	LINESTRING(244.040000 556.960000,252.600000 561.700000)
0	106	860	1782	1	0	0	0	0	44	0	0	0	Straight	0.0	14097.1	14141.1	LINESTRING(252.600000 561.700000,272.840000 579.660000)
0	107	1782	1744	1	0	0	0	0	87	0	0	0	Straight	0.0	14141.1	14228.1	LINESTRING(272.840000 579.660000,294.910000 594.450000)
0	108	1744	2021	1	0	0	0	0	63	0	0	0	Straight	0.0	14228.1	14291.1	LINESTRING(294.910000 594.450000,313.310000 610.930000)
0	109	2021	1648	1	0	0	0	0	60	0	0	0	Straight	0.0	14291.1	14351.1	LINESTRING(313.310000 610.930000,333.020000 623.750000)
0	110	1648	700	1	0	0	0	0	46	0	0	0	Straight	0.0	14351.1	14397.1	LINESTRING(333.020000 623.750000,358.520000 634.190000)
0	111	700	220	1	0	0	0	0	121	0	0	0	Straight	0.0	14397.1	14518.1	LINESTRING(358.520000 634.190000,385.630000 644.200000)
0	112	220	518	1	0	0	0	0	101	0	0	0	Straight	0.0	14518.1	14619.1	LINESTRING(385.630000 644.200000,416.590000 654.350000)
0	113	518	142	1	0	0	0	0	24	0	0	0	Straight	0.0	14619.1	14643.1	LINESTRING(416.590000 654.350000,448.420000 660.270000)
0	114	142	141	1	0	0	0	0	2	0	0	0	Straight	0.0	14643.1	14645.1	LINESTRING(448.420000 660.270000,466.720000 670.500000)
0	115	141	485	0	0	0	0	0	36	0	0	0	Right	7.158	14652.3	14688.3	LINESTRING(466.720000 670.500000,474.080000 649.440000)
0	116	485	135	1	0	0	0	0	32	0	0	0	Straight	0.0	14688.3	14720.3	LINESTRING(474.080000 649.440000,499.720000 626.790000)
0	117	135	104	1	0	0	0	0	182	0	0	0	Straight	0.0	14720.3	14902.3	LINESTRING(499.720000 626.790000,529.460000 605.430000)
0	118	104	92	1	0	0	0	0	38	0	0	0	Left	14.316	14916.6	14954.6	LINESTRING(529.460000 605.430000,547.190000 620.720000)
0	119	92	1535	1	0	0	0	0	11	0	0	0	Straight	0.0	14954.6	14965.6	LINESTRING(547.190000 620.720000,566.300000 625.930000)
0	120	1535	1536	1	0	0	0	0	18	0	0	0	Straight	0.0	14965.6	14983.6	LINESTRING(566.300000 625.930000,577.460000 637.630000)
0	121	1536	2155	1	0	0	0	0	27	0	0	0	Straight	0.0	14983.6	15010.6	LINESTRING(577.460000 637.630000,578.390000 650.730000)
0	122	2155	307	1	0	0	0	0	34	0	0	0	Right	7.158	15017.8	15051.8	LINESTRING(578.390000 650.730000,590.370000 654.040000)
0	123	307	48	1	0	0	0	0	21	0	0	0	Straight	0.0	15051.8	15072.8	LINESTRING(590.370000 654.040000,599.660000 662.980000)
0	124	48	274	1	0	0	0	0	22	0	0	0	Straight	0.0	15072.8	15094.8	LINESTRING(599.660000 662.980000,612.750000 663.230000)
0	125	274	38	1	0	0	0	0	12	0	0	0	Straight	0.0	15094.8	15106.8	LINESTRING(612.750000 663.230000,625.450000 661.250000)
0	126	38	39	1	0	0	0	0	13	0	0	0	Straight	0.0	15106.8	15119.8	LINESTRING(625.450000 661.250000,638.070000 657.560000)
0	127	39	227	1	0	0	0	0	17	0	0	0	Straight	0.0	15119.8	15136.8	LINESTRING(638.070000 657.560000,650.280000 656.620000)
0	128	227	1888	1	0	0	0	0	36	0	0	0	Right	7.158	15143.9	15179.9	LINESTRING(650.280000 656.620000,663.700000 640.650000)
0	129	1888	2314	1	0	0	0	0	93	0	0	0	Straight	0.0	15179.9	15272.9	LINESTRING(663.700000 640.650000,663.790000 616.000000)
0	130	2314	1312	1	0	0	0	0	40	0	0	0	Straight	0.0	15272.9	15312.9	LINESTRING(663.790000 616.000000,659.120000 591.060000)
0	131	1312	1306	1	0	0	0	0	21	0	0	0	Straight	0.0	15312.9	15333.9	LINESTRING(659.120000 591.060000,654.820000 566.300000)
0	132	1306	1307	0	0	0	0	0	37	0	0	0	Left	14.316	15348.2	15385.2	LINESTRING(654.820000 566.300000,667.430000 553.850000)
0	133	1307	1732	0	0	0	0	0	18	0	0	0	Straight	0.0	15385.2	15403.2	LINESTRING(667.430000 553.850000,676.830000 553.640000)
0	134	1732	1508	0	0	0	0	0	24	0	0	0	Right	7.158	15410.4	15434.4	LINESTRING(676.830000 553.640000,679.330000 550.700000)
1	0	1508	1509	0	0	0	0	0	23	0	0	300		0.0	15734.4	15757.4	LINESTRING(679.330000 550.700000,677.610000 547.310000)
1	1	1509	1507	0	0	0	0	0	18	0	0	0	Straight	0.0	15757.4	15775.4	LINESTRING(677.610000 547.310000,676.530000 540.560000)
1	2	1507	1924	0	0	0	0	0	37	0	0	0	Right	7.158	15782.5	15819.5	LINESTRING(676.530000 540.560000,657.710000 548.810000)
1	3	1924	1306	1	0	0	0	0	2	0	0	0	Right	7.158	15826.7	15828.7	LINESTRING(657.710000 548.810000,654.820000 566.300000)
1	4	1306	1312	1	0	0	0	0	21	0	0	0	Straight	0.0	15828.7	15849.7	LINESTRING(654.820000 566.300000,659.120000 591.060000)
1	5	1312	2314	1	0	0	0	0	40	0	0	0	Straight	0.0	15849.7	15889.7	LINESTRING(659.120000 591.060000,663.790000 616.000000)
1	6	2314	1888	1	0	0	0	0	93	0	0	0	Straight	0.0	15889.7	15982.7	LINESTRING(663.790000 616.000000,663.700000 640.650000)
1	7	1888	227	1	0	0	0	0	36	0	0	0	Straight	0.0	15982.7	16018.7	LINESTRING(663.700000 640.650000,650.280000 656.620000)
1	8	227	39	1	0	0	0	0	17	0	0	0	Left	14.316	16033.0	16050.0	LINESTRING(650.280000 656.620000,638.070000 657.560000)
1	9	39	38	1	0	0	0	0	13	0	0	0	Straight	0.0	16050.0	16063.0	LINESTRING(638.070000 657.560000,625.450000 661.250000)
1	10	38	274	1	0	0	0	0	12	0	0	0	Straight	0.0	16063.0	16075.0	LINESTRING(625.450000 661.250000,612.750000 663.230000)
1	11	274	48	1	0	0	0	0	22	0	0	0	Straight	0.0	16075.0	16097.0	LINESTRING(612.750000 663.230000,599.660000 662.980000)
1	12	48	47	1	0	0	0	0	16	0	0	0	Right	7.158	16104.2	16120.2	LINESTRING(599.660000 662.980000,594.060000 672.130000)
1	13	47	60	1	1	101	101	0	18	118	1	0	Straight	0.0	16120.2	16238.2	LINESTRING(594.060000 672.130000,589.260000 675.970000)
1	14	60	59	1	0	0	0	0	22	0	0	0	Straight	0.0	16238.2	16260.2	LINESTRING(589.260000 675.970000,584.050000 677.180000)
1	15	59	1949	1	0	0	0	0	21	0	0	0	Straight	0.0	16260.2	16281.2	LINESTRING(584.050000 677.180000,578.290000 677.990000)
1	16	1949	2057	1	1	136	136	0	24	154	1	0	Straight	0.0	16281.2	16435.2	LINESTRING(578.290000 677.990000,571.490000 677.260000)
1	17	2057	309	1	0	0	0	0	14	0	0	0	U	57.264	16492.4	16506.4	LINESTRING(571.490000 677.260000,576.010000 682.600000)
1	18	309	308	1	1	98	98	0	18	108	1	0	Straight	0.0	16506.4	16614.4	LINESTRING(576.010000 682.600000,577.900000 687.610000)
1	19	308	63	1	0	0	0	0	32	0	0	0	Left	14.316	16628.8	16660.8	LINESTRING(577.900000 687.610000,573.020000 690.410000)
1	20	63	58	1	1	72	72	0	13	83	1	0	Straight	0.0	16660.8	16743.8	LINESTRING(573.020000 690.410000,565.370000 691.880000)
1	21	58	66	1	0	0	0	0	16	0	0	0	Straight	0.0	16743.8	16759.8	LINESTRING(565.370000 691.880000,556.580000 691.140000)
1	22	66	1768	1	0	0	0	0	14	0	0	0	Straight	0.0	16759.8	16773.8	LINESTRING(556.580000 691.140000,540.370000 687.820000)
1	23	1768	69	1	0	0	0	0	18	0	0	0	Straight	0.0	16773.8	16791.8	LINESTRING(540.370000 687.820000,520.080000 691.680000)
1	24	69	70	0	0	0	0	0	19	0	0	0	Straight	0.0	16791.8	16810.8	LINESTRING(520.080000 691.680000,502.770000 691.840000)
1	25	70	1740	0	0	0	0	0	52	0	0	0	Straight	0.0	16810.8	16862.8	LINESTRING(502.770000 691.840000,485.920000 685.090000)
1	26	1740	141	1	0	0	0	0	145	0	0	0	Straight	0.0	16862.8	17007.8	LINESTRING(485.920000 685.090000,466.720000 670.500000)
1	27	141	142	1	0	0	0	0	2	0	0	0	Straight	0.0	17007.8	17009.8	LINESTRING(466.720000 670.500000,448.420000 660.270000)
1	28	142	518	1	0	0	0	0	24	0	0	0	Straight	0.0	17009.8	17033.8	LINESTRING(448.420000 660.270000,416.590000 654.350000)
1	29	518	519	1	0	0	0	0	14	0	0	0	Right	7.158	17040.9	17054.9	LINESTRING(416.590000 654.350000,414.590000 665.810000)
1	30	519	169	1	0	0	0	0	19	0	0	0	Left	14.316	17069.2	17088.2	LINESTRING(414.590000 665.810000,405.870000 667.280000)
1	31	169	168	1	0	0	0	0	17	0	0	0	Straight	0.0	17088.2	17105.2	LINESTRING(405.870000 667.280000,395.580000 664.700000)
1	32	168	567	1	0	0	0	0	19	0	0	0	Straight	0.0	17105.2	17124.2	LINESTRING(395.580000 664.700000,385.040000 659.000000)
1	33	567	566	1	0	0	0	0	21	0	0	0	Straight	0.0	17124.2	17145.2	LINESTRING(385.040000 659.000000,376.120000 651.500000)
1	34	566	202	1	1	118	118	0	21	131	1	0	Straight	0.0	17145.2	17276.2	LINESTRING(376.120000 651.500000,370.240000 643.350000)
1	35	202	220	1	1	86	86	0	16	96	1	0	Left	14.316	17290.5	17386.5	LINESTRING(370.240000 643.350000,385.630000 644.200000)
1	36	220	700	1	0	0	0	0	121	0	0	0	U	57.264	17443.8	17564.8	LINESTRING(385.630000 644.200000,358.520000 634.190000)
1	37	700	1648	1	0	0	0	0	46	0	0	0	Straight	0.0	17564.8	17610.8	LINESTRING(358.520000 634.190000,333.020000 623.750000)
1	38	1648	764	1	0	0	0	0	6	0	0	0	Straight	0.0	17610.8	17616.8	LINESTRING(333.020000 623.750000,317.540000 625.900000)
1	39	764	2274	1	0	0	0	0	25	0	0	0	Straight	0.0	17616.8	17641.8	LINESTRING(317.540000 625.900000,304.250000 630.520000)
1	40	2274	1931	1	0	0	0	0	26	0	0	0	Straight	0.0	17641.8	17667.8	LINESTRING(304.250000 630.520000,291.270000 636.300000)
1	41	1931	368	1	1	95	95	0	17	107	1	0	Left	14.316	17682.1	17789.1	LINESTRING(291.270000 636.300000,288.030000 631.810000)
1	42	368	775	1	0	0	0	0	18	0	0	0	Left	14.316	17803.4	17821.4	LINESTRING(288.030000 631.810000,291.430000 629.300000)
1	43	775	1750	1	1	80	80	0	14	94	1	0	U	57.264	17878.7	17972.7	LINESTRING(291.430000 629.300000,285.490000 630.750000)
1	44	1750	2396	1	1	238	238	0	43	273	1	0	Right	7.158	17979.9	18252.9	LINESTRING(285.490000 630.750000,283.830000 634.230000)
1	45	2396	1750	1	1	238	238	0	43	273	0	0	U	57.264	18310.1	18353.1	LINESTRING(283.830000 634.230000,285.490000 630.750000)
1	46	1750	369	1	0	0	0	0	28	0	0	0	Right	7.158	18360.3	18388.3	LINESTRING(285.490000 630.750000,281.180000 630.310000)
1	47	369	376	1	0	0	0	0	28	0	0	0	Straight	0.0	18388.3	18416.3	LINESTRING(281.180000 630.310000,273.810000 629.390000)
1	48	376	742	1	0	0	0	0	4	0	0	0	Left	14.316	18430.6	18434.6	LINESTRING(273.810000 629.390000,268.770000 621.000000)
1	49	742	734	1	0	0	0	0	11	0	0	0	Straight	0.0	18434.6	18445.6	LINESTRING(268.770000 621.000000,264.840000 611.390000)
1	50	734	735	1	0	0	0	0	17	0	0	0	Right	7.158	18452.8	18469.8	LINESTRING(264.840000 611.390000,258.920000 624.400000)
1	51	735	1584	1	0	0	0	0	6	0	0	0	Straight	0.0	18469.8	18475.8	LINESTRING(258.920000 624.400000,253.900000 636.590000)
1	52	1584	317	1	0	0	0	0	14	0	0	0	Straight	0.0	18475.8	18489.8	LINESTRING(253.900000 636.590000,250.340000 647.760000)
1	53	317	299	1	1	61	61	0	11	71	0	0	Straight	0.0	18489.8	18500.8	LINESTRING(250.340000 647.760000,244.270000 654.750000)
1	54	299	298	1	1	83	83	0	15	95	1	0	Straight	0.0	18500.8	18595.8	LINESTRING(244.270000 654.750000,243.670000 659.590000)
1	55	298	299	1	1	83	83	0	15	95	0	0	U	57.264	18653.0	18668.0	LINESTRING(243.670000 659.590000,244.270000 654.750000)
1	56	299	1930	1	1	83	83	0	15	95	1	0	Right	7.158	18675.2	18770.2	LINESTRING(244.270000 654.750000,239.110000 656.890000)
1	57	1930	299	1	1	83	83	0	15	95	0	0	U	57.264	18827.4	18842.4	LINESTRING(239.110000 656.890000,244.270000 654.750000)
1	58	299	2356	1	1	137	137	0	25	155	0	0	U	57.264	18899.7	18924.7	LINESTRING(244.270000 654.750000,240.550000 659.740000)
1	59	2356	299	1	1	137	137	0	25	155	1	0	U	57.264	18982.0	19137.0	LINESTRING(240.550000 659.740000,244.270000 654.750000)
1	60	299	317	1	1	61	61	0	11	71	1	0	Straight	0.0	19137.0	19208.0	LINESTRING(244.270000 654.750000,250.340000 647.760000)
1	61	317	1584	1	0	0	0	0	14	0	0	0	Straight	0.0	19208.0	19222.0	LINESTRING(250.340000 647.760000,253.900000 636.590000)
1	62	1584	735	1	0	0	0	0	6	0	0	0	Straight	0.0	19222.0	19228.0	LINESTRING(253.900000 636.590000,258.920000 624.400000)
1	63	735	734	1	0	0	0	0	17	0	0	0	Straight	0.0	19228.0	19245.0	LINESTRING(258.920000 624.400000,264.840000 611.390000)
1	64	734	730	1	0	0	0	0	24	0	0	0	Straight	0.0	19245.0	19269.0	LINESTRING(264.840000 611.390000,267.400000 594.330000)
1	65	730	1780	1	0	0	0	0	61	0	0	0	Right	7.158	19276.1	19337.1	LINESTRING(267.400000 594.330000,245.150000 589.790000)
1	66	1780	2119	1	0	0	0	0	4	0	0	0	Straight	0.0	19337.1	19341.1	LINESTRING(245.150000 589.790000,232.170000 576.060000)
1	67	2119	783	1	1	134	134	0	24	154	1	0	Straight	0.0	19341.1	19495.1	LINESTRING(232.170000 576.060000,227.390000 564.310000)
1	68	783	782	1	1	143	143	0	26	166	1	0	Right	7.158	19502.3	19668.3	LINESTRING(227.390000 564.310000,224.200000 567.400000)
1	69	782	783	1	1	143	143	0	26	166	0	0	U	57.264	19725.6	19751.6	LINESTRING(224.200000 567.400000,227.390000 564.310000)
1	70	783	791	1	1	71	71	0	13	83	1	0	Right	7.158	19758.7	19841.7	LINESTRING(227.390000 564.310000,224.980000 551.430000)
1	71	791	413	1	0	0	0	0	43	0	0	0	Straight	0.0	19841.7	19884.7	LINESTRING(224.980000 551.430000,218.710000 538.140000)
1	72	413	812	1	0	0	0	0	28	0	0	0	Straight	0.0	19884.7	19912.7	LINESTRING(218.710000 538.140000,211.220000 519.570000)
1	73	812	836	1	0	0	0	0	30	0	0	0	Straight	0.0	19912.7	19942.7	LINESTRING(211.220000 519.570000,202.740000 501.820000)
1	74	836	499	1	0	0	0	0	27	0	0	0	Straight	0.0	19942.7	19969.7	LINESTRING(202.740000 501.820000,193.690000 484.830000)
1	75	499	478	1	1	42	42	0	8	48	1	0	Straight	0.0	19969.7	20017.7	LINESTRING(193.690000 484.830000,189.960000 474.240000)
1	76	478	479	1	1	66	66	0	12	72	1	0	Straight	0.0	20017.7	20089.7	LINESTRING(189.960000 474.240000,185.390000 464.790000)
1	77	479	1549	1	1	63	63	0	11	71	0	0	Straight	0.0	20089.7	20100.7	LINESTRING(185.390000 464.790000,181.410000 462.450000)
1	78	1549	479	1	1	63	63	0	11	71	1	0	U	57.264	20158.0	20229.0	LINESTRING(181.410000 462.450000,185.390000 464.790000)
1	79	479	873	1	1	69	69	0	12	72	0	0	U	57.264	20286.2	20298.2	LINESTRING(185.390000 464.790000,181.440000 457.250000)
1	80	873	872	1	1	60	60	0	11	71	0	0	Straight	0.0	20298.2	20309.2	LINESTRING(181.440000 457.250000,180.460000 451.940000)
1	81	872	873	1	1	60	60	0	11	71	1	0	U	57.264	20366.5	20437.5	LINESTRING(180.460000 451.940000,181.440000 457.250000)
1	82	873	1587	1	1	65	65	0	12	72	1	0	U	57.264	20494.8	20566.8	LINESTRING(181.440000 457.250000,177.480000 453.980000)
1	83	1587	873	1	1	65	65	0	12	72	0	0	U	57.264	20624.0	20636.0	LINESTRING(177.480000 453.980000,181.440000 457.250000)
1	84	873	479	1	1	69	69	0	12	72	1	0	Straight	0.0	20636.0	20708.0	LINESTRING(181.440000 457.250000,185.390000 464.790000)
1	85	479	478	1	1	66	66	0	12	72	0	0	Straight	0.0	20708.0	20720.0	LINESTRING(185.390000 464.790000,189.960000 474.240000)
1	86	478	2212	1	1	56	56	0	10	60	0	0	U	57.264	20777.3	20787.3	LINESTRING(189.960000 474.240000,190.690000 470.300000)
1	87	2212	478	1	1	56	56	0	10	60	1	0	U	57.264	20844.6	20904.6	LINESTRING(190.690000 470.300000,189.960000 474.240000)
1	88	478	499	1	1	42	42	0	8	48	0	0	Straight	0.0	20904.6	20912.6	LINESTRING(189.960000 474.240000,193.690000 484.830000)
1	89	499	498	1	1	87	87	0	16	96	1	0	Straight	0.0	20912.6	21008.6	LINESTRING(193.690000 484.830000,194.630000 487.890000)
1	90	498	2065	1	0	0	0	0	36	0	0	0	Straight	0.0	21008.6	21044.6	LINESTRING(194.630000 487.890000,203.090000 500.060000)
1	91	2065	488	1	0	0	0	0	11	0	0	0	Straight	0.0	21044.6	21055.6	LINESTRING(203.090000 500.060000,210.090000 509.610000)
1	92	488	871	1	1	89	89	0	16	96	1	0	Straight	0.0	21055.6	21151.6	LINESTRING(210.090000 509.610000,213.900000 514.880000)
1	93	871	850	1	0	0	0	0	17	0	0	0	Straight	0.0	21151.6	21168.6	LINESTRING(213.900000 514.880000,219.710000 518.100000)
1	94	850	476	1	1	23	23	0	4	24	0	0	Straight	0.0	21168.6	21172.6	LINESTRING(219.710000 518.100000,222.480000 524.150000)
1	95	476	475	1	1	96	96	0	17	107	0	0	Straight	0.0	21172.6	21189.6	LINESTRING(222.480000 524.150000,225.040000 530.180000)
1	96	475	487	1	0	0	0	0	8	0	0	0	U	57.264	21246.8	21254.8	LINESTRING(225.040000 530.180000,215.150000 518.100000)
1	97	487	1636	1	1	112	112	0	20	130	1	0	Straight	0.0	21254.8	21384.8	LINESTRING(215.150000 518.100000,205.980000 509.550000)
1	98	1636	1707	1	0	0	0	0	8	0	0	0	Straight	0.0	21384.8	21392.8	LINESTRING(205.980000 509.550000,196.930000 508.330000)
1	99	1707	918	1	1	78	78	0	14	84	0	0	Straight	0.0	21392.8	21406.8	LINESTRING(196.930000 508.330000,188.920000 507.190000)
1	100	918	2252	1	1	95	95	0	17	107	0	0	Straight	0.0	21406.8	21423.8	LINESTRING(188.920000 507.190000,181.720000 501.480000)
1	101	2252	555	1	1	44	44	0	8	48	1	0	Straight	0.0	21423.8	21471.8	LINESTRING(181.720000 501.480000,178.590000 494.140000)
1	102	555	931	1	1	170	170	0	31	201	1	0	Straight	0.0	21471.8	21672.8	LINESTRING(178.590000 494.140000,168.490000 488.540000)
1	103	931	1631	1	1	103	103	0	19	119	0	0	Straight	0.0	21672.8	21691.8	LINESTRING(168.490000 488.540000,156.950000 478.380000)
1	104	1631	576	1	1	11	11	0	2	12	1	0	Straight	0.0	21691.8	21703.8	LINESTRING(156.950000 478.380000,148.690000 473.000000)
1	105	576	1824	1	1	47	47	0	8	48	1	0	Straight	0.0	21703.8	21751.8	LINESTRING(148.690000 473.000000,142.770000 467.280000)
1	106	1824	2330	1	1	88	88	0	16	96	0	0	Straight	0.0	21751.8	21767.8	LINESTRING(142.770000 467.280000,137.490000 464.750000)
1	107	2330	1824	1	1	88	88	0	16	96	1	0	U	57.264	21825.1	21921.1	LINESTRING(137.490000 464.750000,142.770000 467.280000)
1	108	1824	560	1	1	88	88	0	16	96	1	0	Right	7.158	21928.2	22024.2	LINESTRING(142.770000 467.280000,143.640000 463.160000)
1	109	560	559	1	1	10	10	0	2	12	1	0	Straight	0.0	22024.2	22036.2	LINESTRING(143.640000 463.160000,141.430000 457.650000)
1	110	559	560	1	1	10	10	0	2	12	0	0	U	57.264	22093.5	22095.5	LINESTRING(141.430000 457.650000,143.640000 463.160000)
1	111	560	930	1	1	8	8	0	1	1	0	0	U	57.264	22152.8	22153.8	LINESTRING(143.640000 463.160000,138.670000 459.700000)
1	112	930	560	1	1	8	8	0	1	1	1	0	U	57.264	22211.0	22212.0	LINESTRING(138.670000 459.700000,143.640000 463.160000)
1	113	560	581	1	1	187	187	0	34	214	1	0	Straight	0.0	22212.0	22426.0	LINESTRING(143.640000 463.160000,150.220000 469.610000)
1	114	581	580	1	1	77	77	0	14	84	1	0	U	57.264	22483.3	22567.3	LINESTRING(150.220000 469.610000,148.180000 465.250000)
1	115	580	581	1	1	77	77	0	14	84	0	0	U	57.264	22624.6	22638.6	LINESTRING(148.180000 465.250000,150.220000 469.610000)
1	116	581	1631	1	1	44	44	0	8	48	1	0	Straight	0.0	22638.6	22686.6	LINESTRING(150.220000 469.610000,156.950000 478.380000)
1	117	1631	931	1	1	103	103	0	19	119	1	0	Straight	0.0	22686.6	22805.6	LINESTRING(156.950000 478.380000,168.490000 488.540000)
1	118	931	913	1	1	99	99	0	18	108	1	0	Right	7.158	22812.7	22920.7	LINESTRING(168.490000 488.540000,175.610000 485.580000)
1	119	913	914	1	1	24	24	0	4	24	0	0	Right	7.158	22927.9	22931.9	LINESTRING(175.610000 485.580000,173.120000 482.510000)
1	120	914	913	1	1	24	24	0	4	24	1	0	U	57.264	22989.1	23013.1	LINESTRING(173.120000 482.510000,175.610000 485.580000)
1	121	913	898	1	1	46	46	0	8	48	1	0	Right	7.158	23020.3	23068.3	LINESTRING(175.610000 485.580000,184.110000 484.470000)
1	122	898	498	1	1	141	141	0	25	165	1	0	Straight	0.0	23068.3	23233.3	LINESTRING(184.110000 484.470000,194.630000 487.890000)
1	123	498	1706	1	0	0	0	0	26	0	0	0	Right	7.158	23240.5	23266.5	LINESTRING(194.630000 487.890000,193.620000 476.550000)
1	124	1706	904	1	1	121	121	0	22	142	1	0	Right	7.158	23273.6	23415.6	LINESTRING(193.620000 476.550000,178.310000 471.340000)
1	125	904	915	1	1	146	146	0	26	166	1	0	Straight	0.0	23415.6	23581.6	LINESTRING(178.310000 471.340000,163.130000 457.970000)
1	126	915	1668	1	1	94	94	0	17	107	1	0	Straight	0.0	23581.6	23688.6	LINESTRING(163.130000 457.970000,149.030000 445.180000)
1	127	1668	585	1	1	102	102	0	18	118	0	0	Straight	0.0	23688.6	23706.6	LINESTRING(149.030000 445.180000,144.710000 438.110000)
1	128	585	584	1	1	38	38	0	7	37	1	0	Straight	0.0	23706.6	23743.6	LINESTRING(144.710000 438.110000,143.330000 432.850000)
1	129	584	585	1	1	38	38	0	7	37	0	0	U	57.264	23800.9	23807.9	LINESTRING(143.330000 432.850000,144.710000 438.110000)
1	130	585	952	1	1	35	35	0	6	36	1	0	U	57.264	23865.1	23901.1	LINESTRING(144.710000 438.110000,140.560000 435.140000)
1	131	952	585	1	1	35	35	0	6	36	0	0	U	57.264	23958.4	23964.4	LINESTRING(140.560000 435.140000,144.710000 438.110000)
1	132	585	1668	1	1	102	102	0	18	118	1	0	Straight	0.0	23964.4	24082.4	LINESTRING(144.710000 438.110000,149.030000 445.180000)
1	133	1668	691	1	1	95	95	0	17	107	0	0	U	57.264	24139.7	24156.7	LINESTRING(149.030000 445.180000,135.680000 435.250000)
1	134	691	939	1	1	175	175	0	31	201	0	0	Straight	0.0	24156.7	24187.7	LINESTRING(135.680000 435.250000,131.400000 431.940000)
1	135	939	691	1	1	175	175	0	31	201	1	0	U	57.264	24244.9	24445.9	LINESTRING(131.400000 431.940000,135.680000 435.250000)
1	136	691	690	1	1	540	540	0	97	637	1	0	U	57.264	24503.2	25140.2	LINESTRING(135.680000 435.250000,123.880000 426.300000)
1	137	690	1676	1	1	16	16	0	3	13	0	0	Straight	0.0	25140.2	25143.2	LINESTRING(123.880000 426.300000,111.880000 418.900000)
1	138	1676	2130	1	1	35	35	0	6	36	0	0	Straight	0.0	25143.2	25149.2	LINESTRING(111.880000 418.900000,108.790000 415.600000)
1	139	2130	1676	1	1	35	35	0	6	36	1	0	U	57.264	25206.5	25242.5	LINESTRING(108.790000 415.600000,111.880000 418.900000)
1	140	1676	688	1	1	42	42	0	8	48	1	0	U	57.264	25299.7	25347.7	LINESTRING(111.880000 418.900000,100.890000 412.570000)
1	141	688	689	1	1	37	37	0	7	37	1	0	Straight	0.0	25347.7	25384.7	LINESTRING(100.890000 412.570000,90.958000 407.070000)
1	142	689	1831	1	1	27	27	0	5	25	1	0	Straight	0.0	25384.7	25409.7	LINESTRING(90.958000 407.070000,86.453000 406.450000)
1	143	1831	689	1	1	27	27	0	5	25	0	0	U	57.264	25467.0	25472.0	LINESTRING(86.453000 406.450000,90.958000 407.070000)
1	144	689	2056	1	1	30	30	0	5	35	0	0	Right	7.158	25479.2	25484.2	LINESTRING(90.958000 407.070000,90.058000 402.820000)
1	145	2056	689	1	1	30	30	0	5	35	1	0	U	57.264	25541.4	25576.4	LINESTRING(90.058000 402.820000,90.958000 407.070000)
1	146	689	686	1	1	34	34	0	6	36	1	0	Left	14.316	25590.7	25626.7	LINESTRING(90.958000 407.070000,82.614000 403.070000)
1	147	686	684	1	1	5	5	0	1	1	1	0	Straight	0.0	25626.7	25627.7	LINESTRING(82.614000 403.070000,74.006000 398.900000)
1	148	684	990	1	1	30	30	0	5	35	0	0	Straight	0.0	25627.7	25632.7	LINESTRING(74.006000 398.900000,66.225000 395.640000)
1	149	990	682	1	1	5	5	0	1	1	1	0	Straight	0.0	25632.7	25633.7	LINESTRING(66.225000 395.640000,59.438000 392.630000)
1	150	682	1961	1	1	30	30	0	5	35	1	0	Straight	0.0	25633.7	25668.7	LINESTRING(59.438000 392.630000,50.385000 388.710000)
1	151	1961	2173	1	1	36	36	0	6	36	1	0	Straight	0.0	25668.7	25704.7	LINESTRING(50.385000 388.710000,47.842000 385.700000)
1	152	2173	1961	1	1	36	36	0	6	36	0	0	U	57.264	25762.0	25768.0	LINESTRING(47.842000 385.700000,50.385000 388.710000)
1	153	1961	987	1	1	6	6	0	1	1	0	0	U	57.264	25825.3	25826.3	LINESTRING(50.385000 388.710000,42.712000 385.740000)
1	154	987	2433	1	1	26	26	0	5	25	0	0	Straight	0.0	25826.3	25831.3	LINESTRING(42.712000 385.740000,38.544000 382.280000)
1	155	2433	987	1	1	26	26	0	5	25	1	0	U	57.264	25888.5	25913.5	LINESTRING(38.544000 382.280000,42.712000 385.740000)
1	156	987	988	1	1	65	65	0	12	72	0	0	U	57.264	25970.8	25982.8	LINESTRING(42.712000 385.740000,37.712000 385.990000)
1	157	988	987	1	1	65	65	0	12	72	1	0	U	57.264	26040.1	26112.1	LINESTRING(37.712000 385.990000,42.712000 385.740000)
1	158	987	1961	1	1	6	6	0	1	1	1	0	Straight	0.0	26112.1	26113.1	LINESTRING(42.712000 385.740000,50.385000 388.710000)
1	159	1961	682	1	1	30	30	0	5	35	0	0	Straight	0.0	26113.1	26118.1	LINESTRING(50.385000 388.710000,59.438000 392.630000)
1	160	682	683	1	1	26	26	0	5	25	0	0	U	57.264	26175.3	26180.3	LINESTRING(59.438000 392.630000,55.448000 390.640000)
1	161	683	682	1	1	26	26	0	5	25	1	0	U	57.264	26237.6	26262.6	LINESTRING(55.448000 390.640000,59.438000 392.630000)
1	162	682	990	1	1	5	5	0	1	1	0	0	Straight	0.0	26262.6	26263.6	LINESTRING(59.438000 392.630000,66.225000 395.640000)
1	163	990	993	1	1	32	32	0	6	36	1	0	U	57.264	26320.8	26356.8	LINESTRING(66.225000 395.640000,62.439000 394.110000)
1	164	993	990	1	1	32	32	0	6	36	0	0	U	57.264	26414.1	26420.1	LINESTRING(62.439000 394.110000,66.225000 395.640000)
1	165	990	684	1	1	30	30	0	5	35	1	0	Straight	0.0	26420.1	26455.1	LINESTRING(66.225000 395.640000,74.006000 398.900000)
1	166	684	685	1	1	28	28	0	5	25	0	0	U	57.264	26512.4	26517.4	LINESTRING(74.006000 398.900000,70.500000 396.290000)
1	167	685	684	1	1	28	28	0	5	25	1	0	U	57.264	26574.6	26599.6	LINESTRING(70.500000 396.290000,74.006000 398.900000)
1	168	684	686	1	1	5	5	0	1	1	0	0	Straight	0.0	26599.6	26600.6	LINESTRING(74.006000 398.900000,82.614000 403.070000)
1	169	686	2367	1	1	37	37	0	7	37	0	0	U	57.264	26657.9	26664.9	LINESTRING(82.614000 403.070000,79.134000 403.950000)
1	170	2367	686	1	1	37	37	0	7	37	1	0	U	57.264	26722.2	26759.2	LINESTRING(79.134000 403.950000,82.614000 403.070000)
1	171	686	689	1	1	34	34	0	6	36	0	0	Straight	0.0	26759.2	26765.2	LINESTRING(82.614000 403.070000,90.958000 407.070000)
1	172	689	688	1	1	37	37	0	7	37	0	0	Straight	0.0	26765.2	26772.2	LINESTRING(90.958000 407.070000,100.890000 412.570000)
1	173	688	2234	1	1	36	36	0	6	36	1	0	U	57.264	26829.4	26865.4	LINESTRING(100.890000 412.570000,97.414000 410.070000)
1	174	2234	688	1	1	36	36	0	6	36	0	0	U	57.264	26922.7	26928.7	LINESTRING(97.414000 410.070000,100.890000 412.570000)
1	175	688	1676	1	1	42	42	0	8	48	0	0	Straight	0.0	26928.7	26936.7	LINESTRING(100.890000 412.570000,111.880000 418.900000)
1	176	1676	690	1	1	16	16	0	3	13	1	0	Straight	0.0	26936.7	26949.7	LINESTRING(111.880000 418.900000,123.880000 426.300000)
1	177	690	708	1	1	280	280	0	50	330	1	0	U	57.264	27007.0	27337.0	LINESTRING(123.880000 426.300000,120.510000 422.910000)
1	178	708	690	1	1	280	280	0	50	330	0	0	U	57.264	27394.2	27444.2	LINESTRING(120.510000 422.910000,123.880000 426.300000)
1	179	690	691	1	1	540	540	0	97	637	0	0	Straight	0.0	27444.2	27541.2	LINESTRING(123.880000 426.300000,135.680000 435.250000)
1	180	691	1668	1	1	95	95	0	17	107	1	0	Straight	0.0	27541.2	27648.2	LINESTRING(135.680000 435.250000,149.030000 445.180000)
1	181	1668	915	1	1	94	94	0	17	107	0	0	Straight	0.0	27648.2	27665.2	LINESTRING(149.030000 445.180000,163.130000 457.970000)
1	182	915	916	1	1	103	103	0	18	118	0	0	U	57.264	27722.5	27740.5	LINESTRING(163.130000 457.970000,158.930000 454.790000)
1	183	916	915	1	1	103	103	0	18	118	1	0	U	57.264	27797.7	27915.7	LINESTRING(158.930000 454.790000,163.130000 457.970000)
1	184	915	904	1	1	146	146	0	26	166	0	0	Straight	0.0	27915.7	27941.7	LINESTRING(163.130000 457.970000,178.310000 471.340000)
1	185	904	898	1	1	148	148	0	27	167	1	0	Straight	0.0	27941.7	28108.7	LINESTRING(178.310000 471.340000,184.110000 484.470000)
1	186	898	556	1	1	167	167	0	30	190	1	0	Straight	0.0	28108.7	28298.7	LINESTRING(184.110000 484.470000,187.650000 496.520000)
1	187	556	1707	1	1	101	101	0	18	118	0	0	Straight	0.0	28298.7	28316.7	LINESTRING(187.650000 496.520000,196.930000 508.330000)
1	188	1707	556	1	1	101	101	0	18	118	1	0	U	57.264	28374.0	28492.0	LINESTRING(196.930000 508.330000,187.650000 496.520000)
1	189	556	555	1	1	145	145	0	26	166	1	0	Straight	0.0	28492.0	28658.0	LINESTRING(187.650000 496.520000,178.590000 494.140000)
1	190	555	931	1	1	170	170	0	31	201	0	0	Straight	0.0	28658.0	28689.0	LINESTRING(178.590000 494.140000,168.490000 488.540000)
1	191	931	1631	1	1	103	103	0	19	119	0	0	Straight	0.0	28689.0	28708.0	LINESTRING(168.490000 488.540000,156.950000 478.380000)
1	192	1631	576	1	1	11	11	0	2	12	0	0	Straight	0.0	28708.0	28710.0	LINESTRING(156.950000 478.380000,148.690000 473.000000)
1	193	576	577	1	1	55	55	0	10	60	0	0	Straight	0.0	28710.0	28720.0	LINESTRING(148.690000 473.000000,144.120000 471.960000)
1	194	577	576	1	1	55	55	0	10	60	1	0	U	57.264	28777.3	28837.3	LINESTRING(144.120000 471.960000,148.690000 473.000000)
1	195	576	1631	1	1	11	11	0	2	12	0	0	Straight	0.0	28837.3	28839.3	LINESTRING(148.690000 473.000000,156.950000 478.380000)
1	196	1631	931	1	1	103	103	0	19	119	0	0	Straight	0.0	28839.3	28858.3	LINESTRING(156.950000 478.380000,168.490000 488.540000)
1	197	931	628	1	1	124	124	0	22	142	1	0	Straight	0.0	28858.3	29000.3	LINESTRING(168.490000 488.540000,169.590000 499.380000)
1	198	628	627	1	1	160	160	0	29	189	0	0	Straight	0.0	29000.3	29029.3	LINESTRING(169.590000 499.380000,168.020000 508.740000)
1	199	627	977	1	1	140	140	0	25	165	0	0	Straight	0.0	29029.3	29054.3	LINESTRING(168.020000 508.740000,162.590000 515.220000)
1	200	977	986	1	1	145	145	0	26	166	0	0	Straight	0.0	29054.3	29080.3	LINESTRING(162.590000 515.220000,160.940000 521.130000)
1	201	986	985	1	1	267	267	0	48	308	0	0	Right	7.158	29087.4	29135.4	LINESTRING(160.940000 521.130000,164.860000 525.410000)
1	202	985	1770	1	1	274	274	0	49	319	0	0	Straight	0.0	29135.4	29184.4	LINESTRING(164.860000 525.410000,170.310000 530.700000)
1	203	1770	1893	1	1	1200	1200	0	216	1416	0	0	Straight	0.0	29184.4	29400.4	LINESTRING(170.310000 530.700000,172.510000 535.670000)
1	204	1893	799	1	1	37	37	0	7	37	0	0	Straight	0.0	29400.4	29407.4	LINESTRING(172.510000 535.670000,177.830000 538.920000)
1	205	799	803	1	1	37	37	0	7	37	0	0	Left	14.316	29421.7	29428.7	LINESTRING(177.830000 538.920000,175.110000 544.590000)
1	206	803	802	1	1	64	64	0	11	71	0	0	Straight	0.0	29428.7	29439.7	LINESTRING(175.110000 544.590000,164.490000 554.030000)
1	207	802	805	1	1	308	308	0	55	355	0	0	Straight	0.0	29439.7	29494.7	LINESTRING(164.490000 554.030000,155.000000 556.890000)
1	208	805	827	1	0	0	0	0	58	0	0	0	Straight	0.0	29494.7	29552.7	LINESTRING(155.000000 556.890000,146.750000 556.240000)
1	209	827	1038	1	0	0	0	0	24	0	0	0	Straight	0.0	29552.7	29576.7	LINESTRING(146.750000 556.240000,142.050000 552.120000)
1	210	1038	838	1	0	0	0	0	23	0	0	0	Straight	0.0	29576.7	29599.7	LINESTRING(142.050000 552.120000,137.980000 541.920000)
1	211	838	837	1	0	0	0	0	5	0	0	0	Straight	0.0	29599.7	29604.7	LINESTRING(137.980000 541.920000,130.090000 532.790000)
1	212	837	1040	1	0	0	0	0	17	0	0	0	Right	7.158	29611.9	29628.9	LINESTRING(130.090000 532.790000,118.720000 533.520000)
1	213	1040	881	1	1	308	308	0	55	355	1	0	Straight	0.0	29628.9	29983.9	LINESTRING(118.720000 533.520000,111.230000 529.780000)
1	214	881	907	1	1	141	141	0	25	165	1	0	Straight	0.0	29983.9	30148.9	LINESTRING(111.230000 529.780000,103.880000 528.940000)
1	215	907	2010	1	1	95	95	0	17	107	1	0	Right	7.158	30156.1	30263.1	LINESTRING(103.880000 528.940000,100.290000 532.130000)
1	216	2010	1788	1	1	159	159	0	29	179	1	0	Straight	0.0	30263.1	30442.1	LINESTRING(100.290000 532.130000,96.973000 535.160000)
1	217	1788	1050	1	0	0	0	0	20	0	0	0	Right	7.158	30449.2	30469.2	LINESTRING(96.973000 535.160000,97.419000 539.340000)
1	218	1050	1637	1	0	0	0	0	29	0	0	0	Right	7.158	30476.4	30505.4	LINESTRING(97.419000 539.340000,104.550000 538.360000)
1	219	1637	882	1	1	135	135	0	24	154	1	0	Straight	0.0	30505.4	30659.4	LINESTRING(104.550000 538.360000,108.100000 535.000000)
1	220	882	881	1	1	116	116	0	21	131	1	0	Straight	0.0	30659.4	30790.4	LINESTRING(108.100000 535.000000,111.230000 529.780000)
1	221	881	880	1	1	140	140	0	25	165	1	0	Straight	0.0	30790.4	30955.4	LINESTRING(111.230000 529.780000,114.050000 522.390000)
1	222	880	1045	1	1	174	174	0	31	201	1	0	Right	7.158	30962.5	31163.5	LINESTRING(114.050000 522.390000,106.540000 522.760000)
1	223	1045	907	1	1	170	170	0	31	201	1	0	Right	7.158	31170.7	31371.7	LINESTRING(106.540000 522.760000,103.880000 528.940000)
1	224	907	2010	1	1	95	95	0	17	107	0	0	Straight	0.0	31371.7	31388.7	LINESTRING(103.880000 528.940000,100.290000 532.130000)
1	225	2010	927	1	1	141	141	0	25	165	1	0	Left	14.316	31403.0	31568.0	LINESTRING(100.290000 532.130000,97.583000 530.300000)
1	226	927	926	1	0	0	0	0	21	0	0	0	Right	7.158	31575.2	31596.2	LINESTRING(97.583000 530.300000,97.425000 531.980000)
1	227	926	907	1	1	189	189	0	34	214	1	0	Right	7.158	31603.3	31817.3	LINESTRING(97.425000 531.980000,103.880000 528.940000)
1	228	907	881	1	1	141	141	0	25	165	0	0	Straight	0.0	31817.3	31842.3	LINESTRING(103.880000 528.940000,111.230000 529.780000)
1	229	881	882	1	1	116	116	0	21	131	0	0	Left	14.316	31856.6	31877.6	LINESTRING(111.230000 529.780000,108.100000 535.000000)
1	230	882	883	1	1	166	166	0	30	190	1	0	Right	7.158	31884.8	32074.8	LINESTRING(108.100000 535.000000,111.220000 536.700000)
1	231	883	1040	1	0	0	0	0	27	0	0	0	Right	7.158	32082.0	32109.0	LINESTRING(111.220000 536.700000,118.720000 533.520000)
1	232	1040	837	1	0	0	0	0	17	0	0	0	Straight	0.0	32109.0	32126.0	LINESTRING(118.720000 533.520000,130.090000 532.790000)
1	233	837	838	1	0	0	0	0	5	0	0	0	Left	14.316	32140.3	32145.3	LINESTRING(130.090000 532.790000,137.980000 541.920000)
1	234	838	1787	1	0	0	0	0	61	0	0	0	Right	7.158	32152.4	32213.4	LINESTRING(137.980000 541.920000,158.600000 530.650000)
1	235	1787	793	1	0	0	0	0	2	0	0	0	Straight	0.0	32213.4	32215.4	LINESTRING(158.600000 530.650000,182.660000 521.840000)
1	236	793	741	0	0	0	0	0	33	0	0	0	Straight	0.0	32215.4	32248.4	LINESTRING(182.660000 521.840000,196.280000 524.150000)
1	237	741	740	1	0	0	0	0	3	0	0	0	Right	7.158	32255.6	32258.6	LINESTRING(196.280000 524.150000,201.930000 510.040000)
1	238	740	999	1	0	0	0	0	189	0	0	0	Straight	0.0	32258.6	32447.6	LINESTRING(201.930000 510.040000,212.810000 482.160000)
1	239	999	2009	0	1	75	75	0	27	167	1	0	Straight	0.0	32447.6	32614.6	LINESTRING(212.810000 482.160000,227.850000 473.010000)
1	240	2009	1000	1	0	0	0	0	13	0	0	0	Right	7.158	32621.8	32634.8	LINESTRING(227.850000 473.010000,214.990000 456.270000)
1	241	1000	1965	1	0	0	0	0	214	0	0	0	Left	14.316	32649.1	32863.1	LINESTRING(214.990000 456.270000,235.220000 422.080000)
1	242	1965	2313	1	0	0	0	0	155	0	0	0	Straight	0.0	32863.1	33018.1	LINESTRING(235.220000 422.080000,258.180000 400.590000)
1	243	2313	1553	1	0	0	0	0	55	0	0	0	Straight	0.0	33018.1	33073.1	LINESTRING(258.180000 400.590000,285.870000 384.490000)
1	244	1553	900	1	0	0	0	0	42	0	0	0	Straight	0.0	33073.1	33115.1	LINESTRING(285.870000 384.490000,313.770000 368.790000)
1	245	900	561	1	0	0	0	0	83	0	0	0	Straight	0.0	33115.1	33198.1	LINESTRING(313.770000 368.790000,341.600000 352.600000)
1	246	561	951	1	0	0	0	0	65	0	0	0	Straight	0.0	33198.1	33263.1	LINESTRING(341.600000 352.600000,362.600000 336.160000)
1	247	951	610	1	0	0	0	0	5	0	0	0	Straight	0.0	33263.1	33268.1	LINESTRING(362.600000 336.160000,383.270000 322.520000)
1	248	610	611	1	0	0	0	0	13	0	0	0	Straight	0.0	33268.1	33281.1	LINESTRING(383.270000 322.520000,386.970000 314.450000)
1	249	611	957	1	0	0	0	0	12	0	0	0	Straight	0.0	33281.1	33293.1	LINESTRING(386.970000 314.450000,393.420000 311.130000)
1	250	957	1528	1	0	0	0	0	9	0	0	0	Right	7.158	33300.2	33309.2	LINESTRING(393.420000 311.130000,385.690000 307.890000)
1	251	1528	1004	1	0	0	0	0	24	0	0	0	Straight	0.0	33309.2	33333.2	LINESTRING(385.690000 307.890000,378.590000 301.430000)
1	252	1004	2011	1	0	0	0	0	249	0	0	0	Straight	0.0	33333.2	33582.2	LINESTRING(378.590000 301.430000,372.780000 294.490000)
1	253	2011	923	1	0	0	0	0	100	0	0	0	Straight	0.0	33582.2	33682.2	LINESTRING(372.780000 294.490000,367.720000 288.770000)
1	254	923	922	1	0	0	0	0	20	0	0	0	Straight	0.0	33682.2	33702.2	LINESTRING(367.720000 288.770000,363.400000 284.320000)
1	255	922	2277	1	0	0	0	0	91	0	0	0	Straight	0.0	33702.2	33793.2	LINESTRING(363.400000 284.320000,360.380000 280.330000)
2	0	2277	2277	-1	-1	0	0	0	0	0	0	300		0.0	33793.2	34093.2	LINESTRING(360.380000 280.330000,360.380000 280.330000)
