Problem Type	Solution Method	Vehicle Capacity (Weight)	Vehicle Capacity(Volume)	Disposal Trips	Route Time	Route Time wo Turns	Computational Time(Sec)	Clustering Time(Sec)	VA(NHO)	VA(ATD)	VA(CCI)	VA(DMT)	VA(ROI)	VA(AOI)	Optimal
MCARPTIF-TP	GPM	10000	10000	2	29111	26212	19.184	3.676	0	1205.66	1	29993	0.0906101	0.163759	1
Load No	Sequence No	From Node ID	To Node ID	IsEdge	Required	Weight	Volume	Travel Miles	Travel Time	Service Time	Served	Dumped	Turn Type	Turn Cost	Depart Time	Arrival Time	Shape
0	0	2277	922	1	0	0	0	0	91	0	0	300		0.0	300.0	391.0	LINESTRING(360.380000 280.330000,363.400000 284.320000)
0	1	922	923	1	0	0	0	0	20	0	0	0	Straight	0.0	391.0	411.0	LINESTRING(363.400000 284.320000,367.720000 288.770000)
0	2	923	2011	1	0	0	0	0	100	0	0	0	Straight	0.0	411.0	511.0	LINESTRING(367.720000 288.770000,372.780000 294.490000)
0	3	2011	1004	1	0	0	0	0	249	0	0	0	Straight	0.0	511.0	760.0	LINESTRING(372.780000 294.490000,378.590000 301.430000)
0	4	1004	1528	1	0	0	0	0	24	0	0	0	Straight	0.0	760.0	784.0	LINESTRING(378.590000 301.430000,385.690000 307.890000)
0	5	1528	611	0	0	0	0	0	16	0	0	0	Straight	0.0	784.0	800.0	LINESTRING(385.690000 307.890000,386.970000 314.450000)
0	6	611	610	1	0	0	0	0	13	0	0	0	Straight	0.0	800.0	813.0	LINESTRING(386.970000 314.450000,383.270000 322.520000)
0	7	610	951	1	0	0	0	0	5	0	0	0	Straight	0.0	813.0	818.0	LINESTRING(383.270000 322.520000,362.600000 336.160000)
0	8	951	561	1	0	0	0	0	65	0	0	0	Straight	0.0	818.0	883.0	LINESTRING(362.600000 336.160000,341.600000 352.600000)
0	9	561	900	1	0	0	0	0	83	0	0	0	Straight	0.0	883.0	966.0	LINESTRING(341.600000 352.600000,313.770000 368.790000)
0	10	900	1553	1	0	0	0	0	42	0	0	0	Straight	0.0	966.0	1008.0	LINESTRING(313.770000 368.790000,285.870000 384.490000)
0	11	1553	1554	1	1	645	645	0	116	756	1	0	Left	14.316	1022.32	1778.32	LINESTRING(285.870000 384.490000,283.170000 381.200000)
0	12	1554	1553	1	1	645	645	0	116	756	0	0	U	57.264	1835.58	1951.58	LINESTRING(283.170000 381.200000,285.870000 384.490000)
0	13	1553	2313	1	0	0	0	0	55	0	0	0	Left	14.316	1965.9	2020.9	LINESTRING(285.870000 384.490000,258.180000 400.590000)
0	14	2313	2251	1	1	133	133	0	24	154	0	0	Left	14.316	2035.21	2059.21	LINESTRING(258.180000 400.590000,247.400000 390.060000)
0	15	2251	903	1	1	64	64	0	12	72	0	0	Straight	0.0	2059.21	2071.21	LINESTRING(247.400000 390.060000,235.870000 381.160000)
0	16	903	905	0	1	16	16	0	3	13	1	0	Straight	0.0	2071.21	2084.21	LINESTRING(235.870000 381.160000,229.490000 373.220000)
0	17	905	1559	1	1	182	182	0	33	213	1	0	Straight	0.0	2084.21	2297.21	LINESTRING(229.490000 373.220000,225.180000 365.730000)
0	18	1559	1541	1	1	103	103	0	19	119	1	0	Straight	0.0	2297.21	2416.21	LINESTRING(225.180000 365.730000,223.650000 362.650000)
0	19	1541	1558	1	1	62	62	0	11	71	1	0	Straight	0.0	2416.21	2487.21	LINESTRING(223.650000 362.650000,220.600000 359.780000)
0	20	1558	1784	1	1	75	75	0	14	84	1	0	Straight	0.0	2487.21	2571.21	LINESTRING(220.600000 359.780000,214.610000 355.380000)
0	21	1784	2322	1	1	208	208	0	37	237	1	0	Right	7.158	2578.37	2815.37	LINESTRING(214.610000 355.380000,211.580000 357.980000)
0	22	2322	1598	1	1	62	62	0	11	71	1	0	Right	7.158	2822.53	2893.53	LINESTRING(211.580000 357.980000,214.610000 362.350000)
0	23	1598	892	1	1	231	231	0	42	272	1	0	Straight	0.0	2893.53	3165.53	LINESTRING(214.610000 362.350000,219.240000 363.940000)
0	24	892	890	1	1	57	57	0	10	60	1	0	Left	14.316	3179.84	3239.84	LINESTRING(219.240000 363.940000,219.760000 368.190000)
0	25	890	906	1	1	58	58	0	10	60	1	0	Straight	0.0	3239.84	3299.84	LINESTRING(219.760000 368.190000,224.600000 372.330000)
0	26	906	902	0	1	3	3	0	1	1	1	0	Straight	0.0	3299.84	3300.84	LINESTRING(224.600000 372.330000,227.000000 377.030000)
0	27	902	1909	1	1	110	110	0	20	130	0	0	Left	14.316	3315.16	3335.16	LINESTRING(227.000000 377.030000,219.120000 374.900000)
0	28	1909	1667	1	1	213	213	0	38	248	1	0	Straight	0.0	3335.16	3583.16	LINESTRING(219.120000 374.900000,214.250000 374.400000)
0	29	1667	1572	1	1	116	116	0	21	131	1	0	Left	14.316	3597.48	3728.48	LINESTRING(214.250000 374.400000,214.720000 371.460000)
0	30	1572	891	1	1	63	63	0	11	71	0	0	Straight	0.0	3728.48	3739.48	LINESTRING(214.720000 371.460000,214.660000 366.890000)
0	31	891	1598	1	1	61	61	0	11	71	1	0	Straight	0.0	3739.48	3810.48	LINESTRING(214.660000 366.890000,214.610000 362.350000)
0	32	1598	892	1	1	231	231	0	42	272	0	0	Left	14.316	3824.79	3866.79	LINESTRING(214.610000 362.350000,219.240000 363.940000)
0	33	892	1541	1	1	6	6	0	1	1	1	0	Straight	0.0	3866.79	3867.79	LINESTRING(219.240000 363.940000,223.650000 362.650000)
0	34	1541	1558	1	1	62	62	0	11	71	0	0	Right	7.158	3874.95	3885.95	LINESTRING(223.650000 362.650000,220.600000 359.780000)
0	35	1558	1784	1	1	75	75	0	14	84	0	0	Straight	0.0	3885.95	3899.95	LINESTRING(220.600000 359.780000,214.610000 355.380000)
0	36	1784	1783	1	1	90	90	0	16	106	0	0	Straight	0.0	3899.95	3915.95	LINESTRING(214.610000 355.380000,210.690000 351.590000)
0	37	1783	1784	1	1	90	90	0	16	106	1	0	U	57.264	3973.21	4079.21	LINESTRING(210.690000 351.590000,214.610000 355.380000)
0	38	1784	1558	1	1	75	75	0	14	84	0	0	Straight	0.0	4079.21	4093.21	LINESTRING(214.610000 355.380000,220.600000 359.780000)
0	39	1558	1559	1	1	159	159	0	29	179	1	0	Straight	0.0	4093.21	4272.21	LINESTRING(220.600000 359.780000,225.180000 365.730000)
0	40	1559	905	1	1	182	182	0	33	213	0	0	Straight	0.0	4272.21	4305.21	LINESTRING(225.180000 365.730000,229.490000 373.220000)
0	41	905	906	0	1	23	23	0	4	24	1	0	Left	14.316	4319.53	4343.53	LINESTRING(229.490000 373.220000,224.600000 372.330000)
0	42	906	890	1	1	58	58	0	10	60	0	0	Straight	0.0	4343.53	4353.53	LINESTRING(224.600000 372.330000,219.760000 368.190000)
0	43	890	891	1	1	231	231	0	42	272	1	0	Straight	0.0	4353.53	4625.53	LINESTRING(219.760000 368.190000,214.660000 366.890000)
0	44	891	1572	1	1	63	63	0	11	71	1	0	Right	7.158	4632.69	4703.69	LINESTRING(214.660000 366.890000,214.720000 371.460000)
0	45	1572	1909	1	1	125	125	0	22	142	1	0	Right	7.158	4710.85	4852.85	LINESTRING(214.720000 371.460000,219.120000 374.900000)
0	46	1909	902	1	1	110	110	0	20	130	1	0	Straight	0.0	4852.85	4982.85	LINESTRING(219.120000 374.900000,227.000000 377.030000)
0	47	902	903	0	1	17	17	0	3	13	1	0	Straight	0.0	4982.85	4995.85	LINESTRING(227.000000 377.030000,235.870000 381.160000)
0	48	903	2251	1	1	64	64	0	12	72	1	0	Straight	0.0	4995.85	5067.85	LINESTRING(235.870000 381.160000,247.400000 390.060000)
0	49	2251	2249	1	1	105	105	0	19	119	1	0	Right	7.158	5075.0	5194.0	LINESTRING(247.400000 390.060000,249.280000 384.960000)
0	50	2249	2250	1	1	162	162	0	29	189	1	0	Straight	0.0	5194.0	5383.0	LINESTRING(249.280000 384.960000,248.350000 380.810000)
0	51	2250	2249	1	1	162	162	0	29	189	0	0	U	57.264	5440.27	5469.27	LINESTRING(248.350000 380.810000,249.280000 384.960000)
0	52	2249	2149	1	1	189	189	0	34	214	1	0	Right	7.158	5476.43	5690.43	LINESTRING(249.280000 384.960000,252.680000 382.690000)
0	53	2149	2249	1	1	189	189	0	34	214	0	0	U	57.264	5747.69	5781.69	LINESTRING(252.680000 382.690000,249.280000 384.960000)
0	54	2249	2251	1	1	105	105	0	19	119	0	0	Straight	0.0	5781.69	5800.69	LINESTRING(249.280000 384.960000,247.400000 390.060000)
0	55	2251	2313	1	1	133	133	0	24	154	1	0	Right	7.158	5807.85	5961.85	LINESTRING(247.400000 390.060000,258.180000 400.590000)
0	56	2313	1965	1	0	0	0	0	155	0	0	0	Left	14.316	5976.16	6131.16	LINESTRING(258.180000 400.590000,235.220000 422.080000)
0	57	1965	2192	1	1	358	358	0	64	414	0	0	U	57.264	6188.43	6252.43	LINESTRING(235.220000 422.080000,236.690000 418.620000)
0	58	2192	1965	1	1	358	358	0	64	414	1	0	U	57.264	6309.69	6723.69	LINESTRING(236.690000 418.620000,235.220000 422.080000)
0	59	1965	1625	1	1	161	161	0	29	189	1	0	U	57.264	6780.96	6969.96	LINESTRING(235.220000 422.080000,238.330000 396.480000)
0	60	1625	590	0	1	34	34	0	6	36	1	0	Straight	0.0	6969.96	7005.96	LINESTRING(238.330000 396.480000,241.200000 373.740000)
0	61	590	591	1	1	212	212	0	38	248	1	0	Straight	0.0	7005.96	7253.96	LINESTRING(241.200000 373.740000,243.650000 348.460000)
0	62	591	2151	0	1	25	25	0	4	24	1	0	Straight	0.0	7253.96	7277.96	LINESTRING(243.650000 348.460000,253.080000 337.090000)
0	63	2151	613	1	1	117	117	0	21	131	1	0	Straight	0.0	7277.96	7408.96	LINESTRING(253.080000 337.090000,255.610000 327.620000)
0	64	613	620	0	1	79	79	0	14	84	1	0	Straight	0.0	7408.96	7492.96	LINESTRING(255.610000 327.620000,259.620000 321.000000)
0	65	620	588	1	1	128	128	0	23	143	1	0	Straight	0.0	7492.96	7635.96	LINESTRING(259.620000 321.000000,264.290000 316.740000)
0	66	588	2261	1	1	72	72	0	13	83	0	0	Straight	0.0	7635.96	7648.96	LINESTRING(264.290000 316.740000,264.620000 312.080000)
0	67	2261	588	1	1	72	72	0	13	83	1	0	U	57.264	7706.22	7789.22	LINESTRING(264.620000 312.080000,264.290000 316.740000)
0	68	588	589	1	1	28	28	0	5	25	1	0	Right	7.158	7796.38	7821.38	LINESTRING(264.290000 316.740000,267.870000 314.570000)
0	69	589	588	1	1	28	28	0	5	25	0	0	U	57.264	7878.64	7883.64	LINESTRING(267.870000 314.570000,264.290000 316.740000)
0	70	588	620	1	1	128	128	0	23	143	0	0	Straight	0.0	7883.64	7906.64	LINESTRING(264.290000 316.740000,259.620000 321.000000)
0	71	620	1884	0	1	28	28	0	5	25	1	0	Left	14.316	7920.96	7945.96	LINESTRING(259.620000 321.000000,258.020000 315.870000)
0	72	1884	629	1	1	70	70	0	13	83	1	0	Straight	0.0	7945.96	8028.96	LINESTRING(258.020000 315.870000,259.130000 309.090000)
0	73	629	962	1	1	74	74	0	13	83	0	0	Straight	0.0	8028.96	8041.96	LINESTRING(259.130000 309.090000,256.870000 305.310000)
0	74	962	629	1	1	74	74	0	13	83	1	0	U	57.264	8099.22	8182.22	LINESTRING(256.870000 305.310000,259.130000 309.090000)
0	75	629	630	1	1	59	59	0	11	61	1	0	Right	7.158	8189.38	8250.38	LINESTRING(259.130000 309.090000,261.190000 304.830000)
0	76	630	629	1	1	59	59	0	11	61	0	0	U	57.264	8307.64	8318.64	LINESTRING(261.190000 304.830000,259.130000 309.090000)
0	77	629	1884	1	1	70	70	0	13	83	0	0	Straight	0.0	8318.64	8331.64	LINESTRING(259.130000 309.090000,258.020000 315.870000)
0	78	1884	614	0	1	36	36	0	7	37	1	0	Straight	0.0	8331.64	8368.64	LINESTRING(258.020000 315.870000,255.650000 321.270000)
0	79	614	958	1	1	132	132	0	24	154	1	0	Left	14.316	8382.96	8536.96	LINESTRING(255.650000 321.270000,252.560000 318.640000)
0	80	958	614	1	1	132	132	0	24	154	0	0	U	57.264	8594.22	8618.22	LINESTRING(252.560000 318.640000,255.650000 321.270000)
0	81	614	613	0	1	32	32	0	6	36	1	0	Left	14.316	8632.54	8668.54	LINESTRING(255.650000 321.270000,255.610000 327.620000)
0	82	613	2151	1	1	117	117	0	21	131	0	0	Straight	0.0	8668.54	8689.54	LINESTRING(255.610000 327.620000,253.080000 337.090000)
0	83	2151	1687	0	1	19	19	0	3	13	1	0	U	57.264	8746.8	8759.8	LINESTRING(253.080000 337.090000,263.280000 331.000000)
0	84	1687	925	1	1	108	108	0	19	119	1	0	Left	14.316	8774.12	8893.12	LINESTRING(263.280000 331.000000,283.040000 336.760000)
0	85	925	820	1	1	664	664	0	120	780	1	0	Straight	0.0	8893.12	9673.12	LINESTRING(283.040000 336.760000,302.800000 343.060000)
0	86	820	1753	1	1	88	88	0	16	96	1	0	Straight	0.0	9673.12	9769.12	LINESTRING(302.800000 343.060000,322.810000 349.830000)
0	87	1753	420	1	1	15	15	0	3	13	1	0	Straight	0.0	9769.12	9782.12	LINESTRING(322.810000 349.830000,341.770000 358.890000)
0	88	420	1752	1	1	71	71	0	13	83	1	0	Straight	0.0	9782.12	9865.12	LINESTRING(341.770000 358.890000,362.670000 372.890000)
0	89	1752	1820	1	1	206	206	0	37	237	1	0	Straight	0.0	9865.12	10102.1	LINESTRING(362.670000 372.890000,383.950000 386.980000)
0	90	1820	777	1	1	332	332	0	60	390	1	0	Straight	0.0	10102.1	10492.1	LINESTRING(383.950000 386.980000,405.630000 390.460000)
0	91	777	1669	1	0	0	0	0	20	0	0	0	Straight	0.0	10492.1	10512.1	LINESTRING(405.630000 390.460000,411.610000 395.900000)
0	92	1669	2054	1	1	114	114	0	20	130	1	0	Straight	0.0	10512.1	10642.1	LINESTRING(411.610000 395.900000,413.530000 399.950000)
0	93	2054	751	1	1	210	210	0	38	248	1	0	Left	14.316	10656.4	10904.4	LINESTRING(413.530000 399.950000,407.730000 399.360000)
0	94	751	350	1	0	0	0	0	10	0	0	0	Right	7.158	10911.6	10921.6	LINESTRING(407.730000 399.360000,406.630000 404.260000)
0	95	350	332	1	1	210	210	0	38	248	1	0	Right	7.158	10928.8	11176.8	LINESTRING(406.630000 404.260000,411.390000 407.220000)
0	96	332	336	1	1	113	113	0	20	130	1	0	Straight	0.0	11176.8	11306.8	LINESTRING(411.390000 407.220000,413.130000 411.390000)
0	97	336	2136	1	1	89	89	0	16	96	1	0	Left	14.316	11321.1	11417.1	LINESTRING(413.130000 411.390000,410.690000 413.820000)
0	98	2136	336	1	1	89	89	0	16	96	0	0	U	57.264	11474.3	11490.3	LINESTRING(410.690000 413.820000,413.130000 411.390000)
0	99	336	1702	1	1	115	115	0	21	131	1	0	Left	14.316	11504.6	11635.6	LINESTRING(413.130000 411.390000,416.950000 413.640000)
0	100	1702	294	1	1	110	110	0	20	130	1	0	Straight	0.0	11635.6	11765.6	LINESTRING(416.950000 413.640000,419.430000 418.970000)
0	101	294	270	1	1	204	204	0	37	237	1	0	Straight	0.0	11765.6	12002.6	LINESTRING(419.430000 418.970000,418.220000 427.460000)
0	102	270	277	1	1	268	268	0	48	308	1	0	Straight	0.0	12002.6	12310.6	LINESTRING(418.220000 427.460000,415.840000 436.420000)
0	103	277	278	1	1	150	150	0	27	177	1	0	Left	14.316	12325.0	12502.0	LINESTRING(415.840000 436.420000,403.650000 429.840000)
0	104	278	295	1	0	0	0	0	23	0	0	0	Straight	0.0	12502.0	12525.0	LINESTRING(403.650000 429.840000,401.720000 425.700000)
0	105	295	729	1	1	240	240	0	43	283	1	0	Right	7.158	12532.1	12815.1	LINESTRING(401.720000 425.700000,398.030000 427.820000)
0	106	729	2309	1	1	49	49	0	9	49	1	0	Right	7.158	12822.3	12871.3	LINESTRING(398.030000 427.820000,397.570000 432.400000)
0	107	2309	729	1	1	49	49	0	9	49	0	0	U	57.264	12928.5	12937.5	LINESTRING(397.570000 432.400000,398.030000 427.820000)
0	108	729	347	1	1	70	70	0	13	83	1	0	Straight	0.0	12937.5	13020.5	LINESTRING(398.030000 427.820000,395.910000 423.100000)
0	109	347	348	1	1	22	22	0	4	24	1	0	Right	7.158	13027.7	13051.7	LINESTRING(395.910000 423.100000,393.230000 426.870000)
0	110	348	347	1	1	22	22	0	4	24	0	0	U	57.264	13109.0	13113.0	LINESTRING(393.230000 426.870000,395.910000 423.100000)
0	111	347	733	1	1	77	77	0	14	84	1	0	Straight	0.0	13113.0	13197.0	LINESTRING(395.910000 423.100000,396.360000 416.740000)
0	112	733	2046	1	1	308	308	0	55	355	1	0	Left	14.316	13211.3	13566.3	LINESTRING(396.360000 416.740000,402.240000 419.920000)
0	113	2046	292	1	0	0	0	0	33	0	0	0	Straight	0.0	13566.3	13599.3	LINESTRING(402.240000 419.920000,408.570000 418.190000)
0	114	292	270	1	1	157	157	0	28	178	1	0	Left	14.316	13613.6	13791.6	LINESTRING(408.570000 418.190000,418.220000 427.460000)
0	115	270	269	1	1	95	95	0	17	107	1	0	Straight	0.0	13791.6	13898.6	LINESTRING(418.220000 427.460000,428.780000 435.510000)
0	116	269	248	1	1	107	107	0	19	119	1	0	Straight	0.0	13898.6	14017.6	LINESTRING(428.780000 435.510000,434.630000 448.990000)
0	117	248	2320	1	0	0	0	0	54	0	0	0	Right	7.158	14024.8	14078.8	LINESTRING(434.630000 448.990000,443.050000 445.000000)
0	118	2320	2027	1	0	0	0	0	18	0	0	0	Right	7.158	14085.9	14103.9	LINESTRING(443.050000 445.000000,445.500000 432.720000)
0	119	2027	240	1	0	0	0	0	27	0	0	0	Left	14.316	14118.2	14145.2	LINESTRING(445.500000 432.720000,454.880000 433.830000)
0	120	240	239	1	0	0	0	0	13	0	0	0	Right	7.158	14152.4	14165.4	LINESTRING(454.880000 433.830000,461.100000 428.770000)
0	121	239	238	1	0	0	0	0	4	0	0	0	Straight	0.0	14165.4	14169.4	LINESTRING(461.100000 428.770000,467.340000 424.360000)
0	122	238	639	1	0	0	0	0	18	0	0	0	Straight	0.0	14169.4	14187.4	LINESTRING(467.340000 424.360000,473.650000 420.640000)
0	123	639	638	1	0	0	0	0	15	0	0	0	Straight	0.0	14187.4	14202.4	LINESTRING(473.650000 420.640000,479.820000 418.660000)
0	124	638	2042	1	0	0	0	0	54	0	0	0	Straight	0.0	14202.4	14256.4	LINESTRING(479.820000 418.660000,486.010000 408.880000)
0	125	2042	2107	1	1	19	19	0	3	13	0	0	Straight	0.0	14256.4	14259.4	LINESTRING(486.010000 408.880000,491.180000 398.640000)
0	126	2107	2042	1	1	19	19	0	3	13	1	0	U	57.264	14316.7	14329.7	LINESTRING(491.180000 398.640000,486.010000 408.880000)
0	127	2042	638	1	0	0	0	0	54	0	0	0	Straight	0.0	14329.7	14383.7	LINESTRING(486.010000 408.880000,479.820000 418.660000)
0	128	638	635	1	0	0	0	0	11	0	0	0	Straight	0.0	14383.7	14394.7	LINESTRING(479.820000 418.660000,475.490000 428.350000)
0	129	635	636	1	1	95	95	0	17	107	1	0	Straight	0.0	14394.7	14501.7	LINESTRING(475.490000 428.350000,476.860000 434.890000)
0	130	636	601	1	0	0	0	0	18	0	0	0	Straight	0.0	14501.7	14519.7	LINESTRING(476.860000 434.890000,478.510000 441.190000)
0	131	601	571	1	0	0	0	0	17	0	0	0	Straight	0.0	14519.7	14536.7	LINESTRING(478.510000 441.190000,479.650000 447.490000)
0	132	571	570	1	0	0	0	0	30	0	0	0	Left	14.316	14551.0	14581.0	LINESTRING(479.650000 447.490000,475.000000 449.640000)
0	133	570	1644	1	0	0	0	0	7	0	0	0	Straight	0.0	14581.0	14588.0	LINESTRING(475.000000 449.640000,471.840000 456.560000)
0	134	1644	218	1	1	62	62	0	11	71	1	0	Straight	0.0	14588.0	14659.0	LINESTRING(471.840000 456.560000,464.710000 461.600000)
0	135	218	219	1	0	0	0	0	28	0	0	0	Right	7.158	14666.1	14694.1	LINESTRING(464.710000 461.600000,463.470000 470.170000)
0	136	219	206	1	0	0	0	0	19	0	0	0	Straight	0.0	14694.1	14713.1	LINESTRING(463.470000 470.170000,467.920000 477.340000)
0	137	206	565	1	1	64	64	0	12	72	1	0	Straight	0.0	14713.1	14785.1	LINESTRING(467.920000 477.340000,476.240000 482.630000)
0	138	565	1725	1	0	0	0	0	63	0	0	0	Right	7.158	14792.3	14855.3	LINESTRING(476.240000 482.630000,495.860000 469.210000)
0	139	1725	1181	1	0	0	0	0	39	0	0	0	Left	14.316	14869.6	14908.6	LINESTRING(495.860000 469.210000,507.660000 481.540000)
0	140	1181	1160	1	0	0	0	0	45	0	0	0	Straight	0.0	14908.6	14953.6	LINESTRING(507.660000 481.540000,521.430000 492.300000)
0	141	1160	1159	1	0	0	0	0	54	0	0	0	Straight	0.0	14953.6	15007.6	LINESTRING(521.430000 492.300000,539.710000 492.950000)
0	142	1159	1174	0	0	0	0	0	9	0	0	0	Straight	0.0	15007.6	15016.6	LINESTRING(539.710000 492.950000,553.710000 499.300000)
0	143	1174	1175	0	1	4	4	0	1	1	0	0	Straight	0.0	15016.6	15017.6	LINESTRING(553.710000 499.300000,564.220000 513.380000)
0	144	1175	1169	0	0	0	0	0	49	0	0	0	Straight	0.0	15017.6	15066.6	LINESTRING(564.220000 513.380000,567.250000 533.080000)
0	145	1169	1170	0	0	0	0	0	8	0	0	0	Right	7.158	15073.8	15081.8	LINESTRING(567.250000 533.080000,577.940000 535.120000)
0	146	1170	1390	0	0	0	0	0	1	0	0	0	Straight	0.0	15081.8	15082.8	LINESTRING(577.940000 535.120000,590.940000 538.410000)
0	147	1390	1168	0	0	0	0	0	6	0	0	0	Left	14.316	15097.1	15103.1	LINESTRING(590.940000 538.410000,595.630000 547.920000)
0	148	1168	1163	0	0	0	0	0	3	0	0	0	Straight	0.0	15103.1	15106.1	LINESTRING(595.630000 547.920000,604.200000 555.860000)
0	149	1163	1164	0	0	0	0	0	7	0	0	0	Straight	0.0	15106.1	15113.1	LINESTRING(604.200000 555.860000,616.380000 560.090000)
0	150	1164	1980	0	0	0	0	0	47	0	0	0	Straight	0.0	15113.1	15160.1	LINESTRING(616.380000 560.090000,635.720000 561.930000)
0	151	1980	1306	0	0	0	0	0	154	0	0	0	Straight	0.0	15160.1	15314.1	LINESTRING(635.720000 561.930000,654.820000 566.300000)
0	152	1306	1307	0	0	0	0	0	37	0	0	0	Right	7.158	15321.2	15358.2	LINESTRING(654.820000 566.300000,667.430000 553.850000)
0	153	1307	1732	0	0	0	0	0	18	0	0	0	Straight	0.0	15358.2	15376.2	LINESTRING(667.430000 553.850000,676.830000 553.640000)
0	154	1732	1508	0	0	0	0	0	24	0	0	0	Right	7.158	15383.4	15407.4	LINESTRING(676.830000 553.640000,679.330000 550.700000)
1	0	1508	1509	0	0	0	0	0	23	0	0	300		0.0	15707.4	15730.4	LINESTRING(679.330000 550.700000,677.610000 547.310000)
1	1	1509	1507	0	0	0	0	0	18	0	0	0	Straight	0.0	15730.4	15748.4	LINESTRING(677.610000 547.310000,676.530000 540.560000)
1	2	1507	1846	1	0	0	0	0	76	0	0	0	Left	14.316	15762.7	15838.7	LINESTRING(676.530000 540.560000,696.470000 524.120000)
1	3	1846	1492	1	0	0	0	0	62	0	0	0	Straight	0.0	15838.7	15900.7	LINESTRING(696.470000 524.120000,698.310000 510.220000)
1	4	1492	1279	1	0	0	0	0	37	0	0	0	Left	14.316	15915.0	15952.0	LINESTRING(698.310000 510.220000,713.920000 502.410000)
1	5	1279	1280	1	0	0	0	0	22	0	0	0	Straight	0.0	15952.0	15974.0	LINESTRING(713.920000 502.410000,723.330000 493.370000)
1	6	1280	1807	1	1	74	74	0	13	83	0	0	Straight	0.0	15974.0	15987.0	LINESTRING(723.330000 493.370000,726.180000 484.820000)
1	7	1807	1481	1	1	30	30	0	5	35	1	0	Straight	0.0	15987.0	16022.0	LINESTRING(726.180000 484.820000,727.440000 477.920000)
1	8	1481	2185	1	1	60	60	0	11	71	0	0	Straight	0.0	16022.0	16033.0	LINESTRING(727.440000 477.920000,725.660000 474.020000)
1	9	2185	1481	1	1	60	60	0	11	71	1	0	U	57.264	16090.3	16161.3	LINESTRING(725.660000 474.020000,727.440000 477.920000)
1	10	1481	1278	1	1	54	54	0	10	60	1	0	Right	7.158	16168.4	16228.4	LINESTRING(727.440000 477.920000,731.740000 473.150000)
1	11	1278	2348	1	1	60	60	0	11	71	0	0	Straight	0.0	16228.4	16239.4	LINESTRING(731.740000 473.150000,734.880000 469.410000)
1	12	2348	1278	1	1	60	60	0	11	71	1	0	U	57.264	16296.7	16367.7	LINESTRING(734.880000 469.410000,731.740000 473.150000)
1	13	1278	1277	1	1	289	289	0	52	332	1	0	Right	7.158	16374.9	16706.9	LINESTRING(731.740000 473.150000,732.830000 476.310000)
1	14	1277	1671	1	1	59	59	0	11	61	0	0	Right	7.158	16714.0	16725.0	LINESTRING(732.830000 476.310000,737.420000 474.270000)
1	15	1671	1277	1	1	59	59	0	11	61	1	0	U	57.264	16782.3	16843.3	LINESTRING(737.420000 474.270000,732.830000 476.310000)
1	16	1277	1527	1	1	79	79	0	14	84	1	0	Straight	0.0	16843.3	16927.3	LINESTRING(732.830000 476.310000,729.410000 480.140000)
1	17	1527	1526	1	1	47	47	0	8	48	0	0	Left	14.316	16941.6	16949.6	LINESTRING(729.410000 480.140000,729.130000 476.210000)
1	18	1526	1527	1	1	47	47	0	8	48	1	0	U	57.264	17006.9	17054.9	LINESTRING(729.130000 476.210000,729.410000 480.140000)
1	19	1527	1807	1	1	191	191	0	34	224	1	0	Straight	0.0	17054.9	17278.9	LINESTRING(729.410000 480.140000,726.180000 484.820000)
1	20	1807	1280	1	1	74	74	0	13	83	1	0	Straight	0.0	17278.9	17361.9	LINESTRING(726.180000 484.820000,723.330000 493.370000)
1	21	1280	1926	1	0	0	0	0	33	0	0	0	Right	7.158	17369.0	17402.0	LINESTRING(723.330000 493.370000,732.690000 489.570000)
1	22	1926	1267	1	0	0	0	0	11	0	0	0	Straight	0.0	17402.0	17413.0	LINESTRING(732.690000 489.570000,741.560000 485.630000)
1	23	1267	1806	1	0	0	0	0	10	0	0	0	Straight	0.0	17413.0	17423.0	LINESTRING(741.560000 485.630000,749.450000 482.340000)
1	24	1806	1262	1	0	0	0	0	10	0	0	0	Straight	0.0	17423.0	17433.0	LINESTRING(749.450000 482.340000,756.950000 481.730000)
1	25	1262	1263	1	1	56	56	0	10	60	1	0	Straight	0.0	17433.0	17493.0	LINESTRING(756.950000 481.730000,762.500000 484.820000)
1	26	1263	1564	1	1	73	73	0	13	83	0	0	Right	7.158	17500.2	17513.2	LINESTRING(762.500000 484.820000,767.460000 482.990000)
1	27	1564	1263	1	1	73	73	0	13	83	1	0	U	57.264	17570.4	17653.4	LINESTRING(767.460000 482.990000,762.500000 484.820000)
1	28	1263	1467	1	1	354	354	0	64	414	1	0	Right	7.158	17660.6	18074.6	LINESTRING(762.500000 484.820000,761.570000 490.830000)
1	29	1467	1915	1	1	73	73	0	13	83	0	0	Right	7.158	18081.8	18094.8	LINESTRING(761.570000 490.830000,767.000000 490.550000)
1	30	1915	1467	1	1	73	73	0	13	83	1	0	U	57.264	18152.0	18235.0	LINESTRING(767.000000 490.550000,761.570000 490.830000)
1	31	1467	1845	1	1	56	56	0	10	60	1	0	Straight	0.0	18235.0	18295.0	LINESTRING(761.570000 490.830000,756.180000 496.540000)
1	32	1845	2061	1	1	73	73	0	13	83	0	0	Right	7.158	18302.2	18315.2	LINESTRING(756.180000 496.540000,760.310000 499.600000)
1	33	2061	1845	1	1	73	73	0	13	83	1	0	U	57.264	18372.4	18455.4	LINESTRING(760.310000 499.600000,756.180000 496.540000)
1	34	1845	1570	1	1	56	56	0	10	60	1	0	Right	7.158	18462.6	18522.6	LINESTRING(756.180000 496.540000,748.040000 499.480000)
1	35	1570	2362	1	1	73	73	0	13	83	0	0	Right	7.158	18529.8	18542.8	LINESTRING(748.040000 499.480000,751.980000 502.060000)
1	36	2362	1570	1	1	73	73	0	13	83	1	0	U	57.264	18600.0	18683.0	LINESTRING(751.980000 502.060000,748.040000 499.480000)
1	37	1570	1479	1	1	55	55	0	10	60	1	0	Straight	0.0	18683.0	18743.0	LINESTRING(748.040000 499.480000,737.860000 500.630000)
1	38	1479	1808	1	1	73	73	0	13	83	0	0	U	57.264	18800.3	18813.3	LINESTRING(737.860000 500.630000,742.220000 501.320000)
1	39	1808	1479	1	1	73	73	0	13	83	1	0	U	57.264	18870.6	18953.6	LINESTRING(742.220000 501.320000,737.860000 500.630000)
1	40	1479	1480	1	1	40	40	0	7	47	1	0	Straight	0.0	18953.6	19000.6	LINESTRING(737.860000 500.630000,726.240000 501.640000)
1	41	1480	1279	1	1	54	54	0	10	60	0	0	Straight	0.0	19000.6	19010.6	LINESTRING(726.240000 501.640000,713.920000 502.410000)
1	42	1279	1617	1	1	66	66	0	12	72	1	0	Straight	0.0	19010.6	19082.6	LINESTRING(713.920000 502.410000,710.790000 499.890000)
1	43	1617	1477	1	1	135	135	0	24	154	1	0	Right	7.158	19089.7	19243.7	LINESTRING(710.790000 499.890000,708.830000 501.720000)
1	44	1477	1569	1	1	59	59	0	11	61	0	0	Right	7.158	19250.9	19261.9	LINESTRING(708.830000 501.720000,709.900000 505.540000)
1	45	1569	1477	1	1	59	59	0	11	61	1	0	U	57.264	19319.1	19380.1	LINESTRING(709.900000 505.540000,708.830000 501.720000)
1	46	1477	1478	1	1	296	296	0	53	343	1	0	Straight	0.0	19380.1	19723.1	LINESTRING(708.830000 501.720000,708.270000 497.540000)
1	47	1478	2267	1	1	59	59	0	11	61	0	0	Straight	0.0	19723.1	19734.1	LINESTRING(708.270000 497.540000,709.500000 493.640000)
1	48	2267	1478	1	1	59	59	0	11	61	1	0	U	57.264	19791.4	19852.4	LINESTRING(709.500000 493.640000,708.270000 497.540000)
1	49	1478	1617	1	1	158	158	0	28	178	1	0	Right	7.158	19859.6	20037.6	LINESTRING(708.270000 497.540000,710.790000 499.890000)
1	50	1617	1279	1	1	66	66	0	12	72	0	0	Straight	0.0	20037.6	20049.6	LINESTRING(710.790000 499.890000,713.920000 502.410000)
1	51	1279	1480	1	1	54	54	0	10	60	1	0	Straight	0.0	20049.6	20109.6	LINESTRING(713.920000 502.410000,726.240000 501.640000)
1	52	1480	2135	1	1	72	72	0	13	83	0	0	Straight	0.0	20109.6	20122.6	LINESTRING(726.240000 501.640000,730.120000 502.430000)
1	53	2135	1480	1	1	72	72	0	13	83	1	0	U	57.264	20179.8	20262.8	LINESTRING(730.120000 502.430000,726.240000 501.640000)
1	54	1480	1279	1	1	54	54	0	10	60	0	0	Straight	0.0	20262.8	20272.8	LINESTRING(726.240000 501.640000,713.920000 502.410000)
1	55	1279	1492	1	0	0	0	0	37	0	0	0	Straight	0.0	20272.8	20309.8	LINESTRING(713.920000 502.410000,698.310000 510.220000)
1	56	1492	1491	1	0	0	0	0	28	0	0	0	Straight	0.0	20309.8	20337.8	LINESTRING(698.310000 510.220000,683.710000 508.240000)
1	57	1491	2100	1	0	0	0	0	93	0	0	0	Straight	0.0	20337.8	20430.8	LINESTRING(683.710000 508.240000,668.950000 506.670000)
1	58	2100	1157	1	0	0	0	0	33	0	0	0	Straight	0.0	20430.8	20463.8	LINESTRING(668.950000 506.670000,646.850000 500.850000)
1	59	1157	1394	1	1	358	358	0	65	415	1	0	Straight	0.0	20463.8	20878.8	LINESTRING(646.850000 500.850000,620.210000 487.490000)
1	60	1394	1398	1	1	80	80	0	14	94	1	0	Right	7.158	20886.0	20980.0	LINESTRING(620.210000 487.490000,606.000000 503.990000)
1	61	1398	1399	0	1	265	265	0	48	308	1	0	Straight	0.0	20980.0	21288.0	LINESTRING(606.000000 503.990000,588.790000 516.590000)
1	62	1399	1170	0	0	0	0	0	2	0	0	0	Straight	0.0	21288.0	21290.0	LINESTRING(588.790000 516.590000,577.940000 535.120000)
1	63	1170	1390	0	0	0	0	0	1	0	0	0	Right	7.158	21297.1	21298.1	LINESTRING(577.940000 535.120000,590.940000 538.410000)
1	64	1390	1166	0	0	0	0	0	2	0	0	0	Right	7.158	21305.3	21307.3	LINESTRING(590.940000 538.410000,600.820000 526.780000)
1	65	1166	1403	0	1	104	104	0	19	119	1	0	Straight	0.0	21307.3	21426.3	LINESTRING(600.820000 526.780000,609.540000 520.360000)
1	66	1403	1726	0	1	41	41	0	7	47	1	0	Straight	0.0	21426.3	21473.3	LINESTRING(609.540000 520.360000,611.200000 513.180000)
1	67	1726	1398	0	1	121	121	0	22	142	1	0	Straight	0.0	21473.3	21615.3	LINESTRING(611.200000 513.180000,606.000000 503.990000)
1	68	1398	1399	0	1	265	265	0	48	308	0	0	Right	7.158	21622.5	21670.5	LINESTRING(606.000000 503.990000,588.790000 516.590000)
1	69	1399	1839	0	0	0	0	0	56	0	0	0	Left	14.316	21684.8	21740.8	LINESTRING(588.790000 516.590000,573.160000 502.950000)
1	70	1839	1656	0	1	2	2	0	1	1	1	0	Straight	0.0	21740.8	21741.8	LINESTRING(573.160000 502.950000,563.420000 483.440000)
1	71	1656	1172	0	0	0	0	0	9	0	0	0	Straight	0.0	21741.8	21750.8	LINESTRING(563.420000 483.440000,556.050000 462.690000)
1	72	1172	1173	0	1	21	21	0	4	24	1	0	U	57.264	21808.0	21832.0	LINESTRING(556.050000 462.690000,554.000000 476.660000)
1	73	1173	1396	0	1	30	30	0	5	35	1	0	Straight	0.0	21832.0	21867.0	LINESTRING(554.000000 476.660000,555.480000 487.090000)
1	74	1396	1174	0	1	6	6	0	2	12	1	0	Straight	0.0	21867.0	21879.0	LINESTRING(555.480000 487.090000,553.710000 499.300000)
1	75	1174	1175	0	1	4	4	0	1	1	1	0	Straight	0.0	21879.0	21880.0	LINESTRING(553.710000 499.300000,564.220000 513.380000)
1	76	1175	1839	0	1	6	6	0	2	12	1	0	Right	7.158	21887.2	21899.2	LINESTRING(564.220000 513.380000,573.160000 502.950000)
1	77	1839	1656	0	1	2	2	0	1	1	0	0	Right	7.158	21906.4	21907.4	LINESTRING(573.160000 502.950000,563.420000 483.440000)
1	78	1656	1396	0	1	5	5	0	2	12	1	0	Right	7.158	21914.5	21926.5	LINESTRING(563.420000 483.440000,555.480000 487.090000)
1	79	1396	1397	0	0	0	0	0	3	0	0	0	Straight	0.0	21926.5	21929.5	LINESTRING(555.480000 487.090000,548.870000 485.640000)
1	80	1397	1159	0	0	0	0	0	6	0	0	0	Right	7.158	21936.7	21942.7	LINESTRING(548.870000 485.640000,539.710000 492.950000)
1	81	1159	1160	1	0	0	0	0	54	0	0	0	Straight	0.0	21942.7	21996.7	LINESTRING(539.710000 492.950000,521.430000 492.300000)
1	82	1160	1670	1	1	181	181	0	33	213	1	0	Right	7.158	22003.8	22216.8	LINESTRING(521.430000 492.300000,514.080000 504.690000)
1	83	1670	1402	1	1	35	35	0	6	36	1	0	Straight	0.0	22216.8	22252.8	LINESTRING(514.080000 504.690000,516.430000 514.670000)
1	84	1402	1400	1	1	131	131	0	24	154	0	0	Right	7.158	22260.0	22284.0	LINESTRING(516.430000 514.670000,522.790000 513.510000)
1	85	1400	1401	1	1	259	259	0	47	297	1	0	Straight	0.0	22284.0	22581.0	LINESTRING(522.790000 513.510000,526.710000 510.720000)
1	86	1401	1400	1	1	259	259	0	47	297	0	0	U	57.264	22638.2	22685.2	LINESTRING(526.710000 510.720000,522.790000 513.510000)
1	87	1400	2122	1	1	72	72	0	13	83	1	0	Right	7.158	22692.4	22775.4	LINESTRING(522.790000 513.510000,527.170000 514.730000)
1	88	2122	1400	1	1	72	72	0	13	83	0	0	U	57.264	22832.7	22845.7	LINESTRING(527.170000 514.730000,522.790000 513.510000)
1	89	1400	1402	1	1	131	131	0	24	154	1	0	Straight	0.0	22845.7	22999.7	LINESTRING(522.790000 513.510000,516.430000 514.670000)
1	90	1402	1409	1	1	74	74	0	13	83	1	0	Right	7.158	23006.8	23089.8	LINESTRING(516.430000 514.670000,514.130000 525.050000)
1	91	1409	1715	1	1	178	178	0	32	202	1	0	Straight	0.0	23089.8	23291.8	LINESTRING(514.130000 525.050000,516.940000 532.520000)
1	92	1715	1171	1	1	139	139	0	25	155	1	0	Straight	0.0	23291.8	23446.8	LINESTRING(516.940000 532.520000,523.040000 537.340000)
1	93	1171	103	1	1	252	252	0	45	295	1	0	Straight	0.0	23446.8	23741.8	LINESTRING(523.040000 537.340000,527.730000 539.650000)
1	94	103	102	1	1	192	192	0	35	225	1	0	Left	14.316	23756.1	23981.1	LINESTRING(527.730000 539.650000,528.690000 544.160000)
1	95	102	1177	1	1	12	12	0	2	12	0	0	Left	14.316	23995.5	23997.5	LINESTRING(528.690000 544.160000,524.780000 547.420000)
1	96	1177	1176	1	1	395	395	0	71	461	1	0	Left	14.316	24011.8	24472.8	LINESTRING(524.780000 547.420000,521.860000 543.300000)
1	97	1176	446	1	1	141	141	0	25	165	1	0	Right	7.158	24479.9	24644.9	LINESTRING(521.860000 543.300000,516.480000 545.890000)
1	98	446	105	1	1	434	434	0	78	508	1	0	Right	7.158	24652.1	25160.1	LINESTRING(516.480000 545.890000,516.200000 550.720000)
1	99	105	106	1	0	0	0	0	14	0	0	0	Right	7.158	25167.2	25181.2	LINESTRING(516.200000 550.720000,521.010000 552.320000)
1	100	106	1177	1	1	122	122	0	22	142	1	0	Right	7.158	25188.4	25330.4	LINESTRING(521.010000 552.320000,524.780000 547.420000)
1	101	1177	102	1	1	12	12	0	2	12	1	0	Straight	0.0	25330.4	25342.4	LINESTRING(524.780000 547.420000,528.690000 544.160000)
1	102	102	103	1	1	192	192	0	35	225	0	0	Right	7.158	25349.6	25384.6	LINESTRING(528.690000 544.160000,527.730000 539.650000)
1	103	103	2133	1	1	347	347	0	62	402	1	0	Straight	0.0	25384.6	25786.6	LINESTRING(527.730000 539.650000,527.640000 536.540000)
1	104	2133	1171	1	1	235	235	0	42	272	1	0	Right	7.158	25793.7	26065.7	LINESTRING(527.640000 536.540000,523.040000 537.340000)
1	105	1171	1176	1	1	142	142	0	26	166	1	0	Right	7.158	26072.9	26238.9	LINESTRING(523.040000 537.340000,521.860000 543.300000)
1	106	1176	446	1	1	141	141	0	25	165	0	0	Left	14.316	26253.2	26278.2	LINESTRING(521.860000 543.300000,516.480000 545.890000)
1	107	446	445	1	1	146	146	0	26	166	1	0	Straight	0.0	26278.2	26444.2	LINESTRING(516.480000 545.890000,510.370000 545.070000)
1	108	445	114	1	1	396	396	0	71	461	1	0	Right	7.158	26451.4	26912.4	LINESTRING(510.370000 545.070000,510.940000 552.990000)
1	109	114	430	1	1	151	151	0	27	177	1	0	Left	14.316	26926.7	27103.7	LINESTRING(510.940000 552.990000,505.260000 556.290000)
1	110	430	481	1	1	146	146	0	26	166	1	0	Straight	0.0	27103.7	27269.7	LINESTRING(505.260000 556.290000,498.310000 557.620000)
1	111	481	480	1	0	0	0	0	26	0	0	0	Straight	0.0	27269.7	27295.7	LINESTRING(498.310000 557.620000,490.990000 555.560000)
1	112	480	522	1	0	0	0	0	54	0	0	0	Straight	0.0	27295.7	27349.7	LINESTRING(490.990000 555.560000,485.670000 552.060000)
1	113	522	537	1	0	0	0	0	25	0	0	0	Left	14.316	27364.0	27389.0	LINESTRING(485.670000 552.060000,483.710000 541.970000)
1	114	537	1816	1	0	0	0	0	26	0	0	0	Straight	0.0	27389.0	27415.0	LINESTRING(483.710000 541.970000,476.840000 534.800000)
1	115	1816	200	1	0	0	0	0	25	0	0	0	Right	7.158	27422.1	27447.1	LINESTRING(476.840000 534.800000,463.740000 535.220000)
1	116	200	204	1	0	0	0	0	26	0	0	0	Left	14.316	27461.5	27487.5	LINESTRING(463.740000 535.220000,455.030000 525.760000)
1	117	204	597	1	0	0	0	0	19	0	0	0	Straight	0.0	27487.5	27506.5	LINESTRING(455.030000 525.760000,448.200000 514.650000)
1	118	597	572	1	1	128	128	0	23	143	1	0	Left	14.316	27520.8	27663.8	LINESTRING(448.200000 514.650000,458.050000 509.090000)
1	119	572	198	1	0	0	0	0	23	0	0	0	Straight	0.0	27663.8	27686.8	LINESTRING(458.050000 509.090000,466.230000 501.300000)
1	120	198	222	1	0	0	0	0	9	0	0	0	Right	7.158	27693.9	27702.9	LINESTRING(466.230000 501.300000,458.020000 492.700000)
1	121	222	205	1	0	0	0	0	11	0	0	0	Straight	0.0	27702.9	27713.9	LINESTRING(458.020000 492.700000,455.720000 481.250000)
1	122	205	1604	1	0	0	0	0	19	0	0	0	Straight	0.0	27713.9	27732.9	LINESTRING(455.720000 481.250000,456.660000 471.550000)
1	123	1604	1603	1	0	0	0	0	14	0	0	0	Straight	0.0	27732.9	27746.9	LINESTRING(456.660000 471.550000,453.490000 462.300000)
1	124	1603	637	1	0	0	0	0	24	0	0	0	Straight	0.0	27746.9	27770.9	LINESTRING(453.490000 462.300000,447.340000 455.370000)
1	125	637	633	1	0	0	0	0	46	0	0	0	Left	14.316	27785.3	27831.3	LINESTRING(447.340000 455.370000,455.170000 450.100000)
1	126	633	241	1	0	0	0	0	16	0	0	0	Straight	0.0	27831.3	27847.3	LINESTRING(455.170000 450.100000,459.830000 440.330000)
1	127	241	1747	1	0	0	0	0	19	0	0	0	Straight	0.0	27847.3	27866.3	LINESTRING(459.830000 440.330000,468.670000 435.010000)
1	128	1747	635	1	0	0	0	0	30	0	0	0	Straight	0.0	27866.3	27896.3	LINESTRING(468.670000 435.010000,475.490000 428.350000)
1	129	635	638	1	0	0	0	0	11	0	0	0	Straight	0.0	27896.3	27907.3	LINESTRING(475.490000 428.350000,479.820000 418.660000)
1	130	638	2042	1	0	0	0	0	54	0	0	0	Straight	0.0	27907.3	27961.3	LINESTRING(479.820000 418.660000,486.010000 408.880000)
1	131	2042	2107	1	1	19	19	0	3	13	0	0	Straight	0.0	27961.3	27964.3	LINESTRING(486.010000 408.880000,491.180000 398.640000)
1	132	2107	288	1	0	0	0	0	24	0	0	0	Straight	0.0	27964.3	27988.3	LINESTRING(491.180000 398.640000,493.330000 387.690000)
1	133	288	712	1	0	0	0	0	27	0	0	0	Left	14.316	28002.6	28029.6	LINESTRING(493.330000 387.690000,509.000000 384.560000)
1	134	712	711	1	0	0	0	0	2	0	0	0	Straight	0.0	28029.6	28031.6	LINESTRING(509.000000 384.560000,524.130000 380.680000)
1	135	711	713	1	0	0	0	0	3	0	0	0	Straight	0.0	28031.6	28034.6	LINESTRING(524.130000 380.680000,538.490000 376.330000)
1	136	713	315	1	0	0	0	0	3	0	0	0	Straight	0.0	28034.6	28037.6	LINESTRING(538.490000 376.330000,551.920000 371.660000)
1	137	315	328	1	0	0	0	0	14	0	0	0	Straight	0.0	28037.6	28051.6	LINESTRING(551.920000 371.660000,563.020000 364.840000)
1	138	328	327	1	0	0	0	0	9	0	0	0	Straight	0.0	28051.6	28060.6	LINESTRING(563.020000 364.840000,572.820000 357.200000)
1	139	327	738	1	0	0	0	0	28	0	0	0	Straight	0.0	28060.6	28088.6	LINESTRING(572.820000 357.200000,581.260000 348.190000)
1	140	738	1749	1	0	0	0	0	2	0	0	0	Straight	0.0	28088.6	28090.6	LINESTRING(581.260000 348.190000,587.240000 339.240000)
1	141	1749	375	1	0	0	0	0	16	0	0	0	Straight	0.0	28090.6	28106.6	LINESTRING(587.240000 339.240000,588.540000 329.810000)
1	142	375	374	1	0	0	0	0	17	0	0	0	Straight	0.0	28106.6	28123.6	LINESTRING(588.540000 329.810000,584.020000 321.030000)
1	143	374	755	1	0	0	0	0	3	0	0	0	Straight	0.0	28123.6	28126.6	LINESTRING(584.020000 321.030000,575.800000 313.970000)
1	144	755	391	1	0	0	0	0	16	0	0	0	Straight	0.0	28126.6	28142.6	LINESTRING(575.800000 313.970000,565.120000 308.210000)
1	145	391	390	1	0	0	0	0	15	0	0	0	Straight	0.0	28142.6	28157.6	LINESTRING(565.120000 308.210000,553.130000 302.750000)
1	146	390	392	1	0	0	0	0	51	0	0	0	Straight	0.0	28157.6	28208.6	LINESTRING(553.130000 302.750000,533.030000 305.260000)
1	147	392	1778	1	0	0	0	0	7	0	0	0	Straight	0.0	28208.6	28215.6	LINESTRING(533.030000 305.260000,512.650000 307.610000)
1	148	1778	409	1	0	0	0	0	9	0	0	0	Straight	0.0	28215.6	28224.6	LINESTRING(512.650000 307.610000,492.080000 310.130000)
1	149	409	2094	1	0	0	0	0	9	0	0	0	Straight	0.0	28224.6	28233.6	LINESTRING(492.080000 310.130000,471.290000 313.390000)
1	150	2094	750	1	0	0	0	0	29	0	0	0	Straight	0.0	28233.6	28262.6	LINESTRING(471.290000 313.390000,450.470000 317.040000)
1	151	750	2026	1	0	0	0	0	53	0	0	0	Straight	0.0	28262.6	28315.6	LINESTRING(450.470000 317.040000,431.520000 322.970000)
1	152	2026	864	1	0	0	0	0	51	0	0	0	Straight	0.0	28315.6	28366.6	LINESTRING(431.520000 322.970000,413.100000 329.070000)
1	153	864	863	1	0	0	0	0	25	0	0	0	Straight	0.0	28366.6	28391.6	LINESTRING(413.100000 329.070000,395.020000 335.480000)
1	154	863	1745	1	0	0	0	0	3	0	0	0	Straight	0.0	28391.6	28394.6	LINESTRING(395.020000 335.480000,377.200000 341.690000)
1	155	1745	562	1	0	0	0	0	16	0	0	0	Straight	0.0	28394.6	28410.6	LINESTRING(377.200000 341.690000,359.330000 347.260000)
1	156	562	561	1	0	0	0	0	48	0	0	0	Straight	0.0	28410.6	28458.6	LINESTRING(359.330000 347.260000,341.600000 352.600000)
1	157	561	951	1	0	0	0	0	65	0	0	0	U	57.264	28515.8	28580.8	LINESTRING(341.600000 352.600000,362.600000 336.160000)
1	158	951	610	1	0	0	0	0	5	0	0	0	Straight	0.0	28580.8	28585.8	LINESTRING(362.600000 336.160000,383.270000 322.520000)
1	159	610	611	1	0	0	0	0	13	0	0	0	Straight	0.0	28585.8	28598.8	LINESTRING(383.270000 322.520000,386.970000 314.450000)
1	160	611	957	1	0	0	0	0	12	0	0	0	Straight	0.0	28598.8	28610.8	LINESTRING(386.970000 314.450000,393.420000 311.130000)
1	161	957	1528	1	0	0	0	0	9	0	0	0	Right	7.158	28618.0	28627.0	LINESTRING(393.420000 311.130000,385.690000 307.890000)
1	162	1528	1004	1	0	0	0	0	24	0	0	0	Straight	0.0	28627.0	28651.0	LINESTRING(385.690000 307.890000,378.590000 301.430000)
1	163	1004	2011	1	0	0	0	0	249	0	0	0	Straight	0.0	28651.0	28900.0	LINESTRING(378.590000 301.430000,372.780000 294.490000)
1	164	2011	923	1	0	0	0	0	100	0	0	0	Straight	0.0	28900.0	29000.0	LINESTRING(372.780000 294.490000,367.720000 288.770000)
1	165	923	922	1	0	0	0	0	20	0	0	0	Straight	0.0	29000.0	29020.0	LINESTRING(367.720000 288.770000,363.400000 284.320000)
1	166	922	2277	1	0	0	0	0	91	0	0	0	Straight	0.0	29020.0	29111.0	LINESTRING(363.400000 284.320000,360.380000 280.330000)
2	0	2277	2277	-1	-1	0	0	0	0	0	0	300		0.0	29111.0	29411.0	LINESTRING(360.380000 280.330000,360.380000 280.330000)
