Problem Type	Solution Method	Vehicle Capacity (Weight)	Vehicle Capacity(Volume)	Disposal Trips	Route Time	Route Time wo Turns	Computational Time(Sec)	Clustering Time(Sec)	VA(NHO)	VA(ATD)	VA(CCI)	VA(DMT)	VA(ROI)	VA(AOI)	Optimal
MCARPTIF-TP	WJ19	10000	10000	2	32610.7	27142	128.028	0	0	715.454	1	18250	0.0860536	0.220228	0
Load No	Sequence No	From Node ID	To Node ID	IsEdge	Required	Weight	Volume	Travel Miles	Travel Time	Service Time	Served	Dumped	Turn Type	Turn Cost	Depart Time	Arrival Time	Shape
0	0	2277	922	1	0	0	0	0	91	0	0	300		0.0	300.0	391.0	LINESTRING(360.380000 280.330000,363.400000 284.320000)
0	1	922	923	1	0	0	0	0	20	0	0	0	Straight	0.0	391.0	411.0	LINESTRING(363.400000 284.320000,367.720000 288.770000)
0	2	923	2011	1	0	0	0	0	100	0	0	0	Straight	0.0	411.0	511.0	LINESTRING(367.720000 288.770000,372.780000 294.490000)
0	3	2011	1004	1	0	0	0	0	249	0	0	0	Straight	0.0	511.0	760.0	LINESTRING(372.780000 294.490000,378.590000 301.430000)
0	4	1004	1528	1	0	0	0	0	24	0	0	0	Straight	0.0	760.0	784.0	LINESTRING(378.590000 301.430000,385.690000 307.890000)
0	5	1528	611	0	0	0	0	0	16	0	0	0	Straight	0.0	784.0	800.0	LINESTRING(385.690000 307.890000,386.970000 314.450000)
0	6	611	610	1	0	0	0	0	13	0	0	0	Straight	0.0	800.0	813.0	LINESTRING(386.970000 314.450000,383.270000 322.520000)
0	7	610	951	1	0	0	0	0	5	0	0	0	Straight	0.0	813.0	818.0	LINESTRING(383.270000 322.520000,362.600000 336.160000)
0	8	951	561	1	0	0	0	0	65	0	0	0	Straight	0.0	818.0	883.0	LINESTRING(362.600000 336.160000,341.600000 352.600000)
0	9	561	900	1	0	0	0	0	83	0	0	0	Straight	0.0	883.0	966.0	LINESTRING(341.600000 352.600000,313.770000 368.790000)
0	10	900	1553	1	0	0	0	0	42	0	0	0	Straight	0.0	966.0	1008.0	LINESTRING(313.770000 368.790000,285.870000 384.490000)
0	11	1553	2313	1	0	0	0	0	55	0	0	0	Straight	0.0	1008.0	1063.0	LINESTRING(285.870000 384.490000,258.180000 400.590000)
0	12	2313	1965	1	0	0	0	0	155	0	0	0	Straight	0.0	1063.0	1218.0	LINESTRING(258.180000 400.590000,235.220000 422.080000)
0	13	1965	1625	1	0	0	0	0	29	0	0	0	U	57.264	1275.26	1304.26	LINESTRING(235.220000 422.080000,238.330000 396.480000)
0	14	1625	590	0	0	0	0	0	6	0	0	0	Straight	0.0	1304.26	1310.26	LINESTRING(238.330000 396.480000,241.200000 373.740000)
0	15	590	1624	0	1	22	22	0	4	24	1	0	U	57.264	1367.53	1391.53	LINESTRING(241.200000 373.740000,240.210000 385.110000)
0	16	1624	1625	0	1	38	38	0	7	37	1	0	Straight	0.0	1391.53	1428.53	LINESTRING(240.210000 385.110000,238.330000 396.480000)
0	17	1625	590	0	0	0	0	0	6	0	0	0	U	57.264	1485.79	1491.79	LINESTRING(238.330000 396.480000,241.200000 373.740000)
0	18	590	591	1	0	0	0	0	38	0	0	0	Straight	0.0	1491.79	1529.79	LINESTRING(241.200000 373.740000,243.650000 348.460000)
0	19	591	2151	0	0	0	0	0	4	0	0	0	Straight	0.0	1529.79	1533.79	LINESTRING(243.650000 348.460000,253.080000 337.090000)
0	20	2151	1687	0	0	0	0	0	3	0	0	0	Straight	0.0	1533.79	1536.79	LINESTRING(253.080000 337.090000,263.280000 331.000000)
0	21	1687	935	0	1	21	21	0	4	24	1	0	Right	7.158	1543.95	1567.95	LINESTRING(263.280000 331.000000,247.980000 320.810000)
0	22	935	1645	0	1	131	131	0	23	153	1	0	Straight	0.0	1567.95	1720.95	LINESTRING(247.980000 320.810000,237.710000 306.910000)
0	23	1645	1662	0	1	17	17	0	3	13	1	0	Straight	0.0	1720.95	1733.95	LINESTRING(237.710000 306.910000,229.170000 292.930000)
0	24	1662	894	1	1	82	82	0	15	95	1	0	Right	7.158	1741.11	1836.11	LINESTRING(229.170000 292.930000,219.780000 291.150000)
0	25	894	893	1	1	364	364	0	66	426	1	0	Straight	0.0	1836.11	2262.11	LINESTRING(219.780000 291.150000,213.090000 288.790000)
0	26	893	1907	1	1	204	204	0	37	237	1	0	Straight	0.0	2262.11	2499.11	LINESTRING(213.090000 288.790000,206.010000 285.520000)
0	27	1907	2187	1	1	63	63	0	11	71	1	0	Straight	0.0	2499.11	2570.11	LINESTRING(206.010000 285.520000,202.080000 282.090000)
0	28	2187	1907	1	1	63	63	0	11	71	0	0	U	57.264	2627.37	2638.37	LINESTRING(202.080000 282.090000,206.010000 285.520000)
0	29	1907	1908	1	1	57	57	0	10	60	1	0	U	57.264	2695.64	2755.64	LINESTRING(206.010000 285.520000,201.020000 285.240000)
0	30	1908	1907	1	1	57	57	0	10	60	0	0	U	57.264	2812.9	2822.9	LINESTRING(201.020000 285.240000,206.010000 285.520000)
0	31	1907	893	1	1	204	204	0	37	237	0	0	Straight	0.0	2822.9	2859.9	LINESTRING(206.010000 285.520000,213.090000 288.790000)
0	32	893	1659	1	1	68	68	0	12	72	1	0	Left	14.316	2874.22	2946.22	LINESTRING(213.090000 288.790000,213.990000 292.430000)
0	33	1659	548	1	1	88	88	0	16	96	1	0	Left	14.316	2960.53	3056.53	LINESTRING(213.990000 292.430000,208.450000 294.610000)
0	34	548	549	1	1	117	117	0	21	131	1	0	Straight	0.0	3056.53	3187.53	LINESTRING(208.450000 294.610000,205.980000 297.870000)
0	35	549	548	1	1	117	117	0	21	131	0	0	U	57.264	3244.8	3265.8	LINESTRING(205.980000 297.870000,208.450000 294.610000)
0	36	548	2259	1	1	18	18	0	3	13	1	0	Right	7.158	3272.95	3285.95	LINESTRING(208.450000 294.610000,203.270000 293.680000)
0	37	2259	548	1	1	18	18	0	3	13	0	0	U	57.264	3343.22	3346.22	LINESTRING(203.270000 293.680000,208.450000 294.610000)
0	38	548	1659	1	1	88	88	0	16	96	0	0	Straight	0.0	3346.22	3362.22	LINESTRING(208.450000 294.610000,213.990000 292.430000)
0	39	1659	894	1	1	94	94	0	17	107	1	0	Straight	0.0	3362.22	3469.22	LINESTRING(213.990000 292.430000,219.780000 291.150000)
0	40	894	1662	1	1	82	82	0	15	95	0	0	Straight	0.0	3469.22	3484.22	LINESTRING(219.780000 291.150000,229.170000 292.930000)
0	41	1662	1663	0	1	19	19	0	3	13	1	0	Right	7.158	3491.38	3504.38	LINESTRING(229.170000 292.930000,225.820000 278.770000)
0	42	1663	1906	1	1	260	260	0	47	307	1	0	Straight	0.0	3504.38	3811.38	LINESTRING(225.820000 278.770000,223.720000 261.450000)
0	43	1906	463	1	1	188	188	0	34	214	1	0	Straight	0.0	3811.38	4025.38	LINESTRING(223.720000 261.450000,221.700000 245.600000)
0	44	463	1756	1	1	93	93	0	17	107	1	0	Straight	0.0	4025.38	4132.38	LINESTRING(221.700000 245.600000,221.780000 236.170000)
0	45	1756	1879	1	1	23	23	0	4	24	1	0	Straight	0.0	4132.38	4156.38	LINESTRING(221.780000 236.170000,224.060000 232.510000)
0	46	1879	1756	1	1	23	23	0	4	24	0	0	U	57.264	4213.64	4217.64	LINESTRING(224.060000 232.510000,221.780000 236.170000)
0	47	1756	1957	1	1	87	87	0	16	96	1	0	Left	14.316	4231.96	4327.96	LINESTRING(221.780000 236.170000,219.740000 228.020000)
0	48	1957	1958	1	1	46	46	0	8	48	1	0	Straight	0.0	4327.96	4375.96	LINESTRING(219.740000 228.020000,221.380000 223.560000)
0	49	1958	1957	1	1	46	46	0	8	48	0	0	U	57.264	4433.22	4441.22	LINESTRING(221.380000 223.560000,219.740000 228.020000)
0	50	1957	846	1	1	107	107	0	19	119	1	0	Left	14.316	4455.54	4574.54	LINESTRING(219.740000 228.020000,215.760000 223.090000)
0	51	846	2211	1	1	107	107	0	19	119	1	0	Straight	0.0	4574.54	4693.54	LINESTRING(215.760000 223.090000,212.970000 212.450000)
0	52	2211	862	1	1	158	158	0	29	179	1	0	Right	7.158	4700.69	4879.69	LINESTRING(212.970000 212.450000,206.160000 208.970000)
0	53	862	469	1	1	64	64	0	12	72	1	0	Left	14.316	4894.01	4966.01	LINESTRING(206.160000 208.970000,210.740000 202.250000)
0	54	469	2379	1	1	46	46	0	8	48	1	0	Right	7.158	4973.17	5021.17	LINESTRING(210.740000 202.250000,207.710000 197.420000)
0	55	2379	469	1	1	46	46	0	8	48	0	0	U	57.264	5078.43	5086.43	LINESTRING(207.710000 197.420000,210.740000 202.250000)
0	56	469	455	1	1	146	146	0	26	166	1	0	Right	7.158	5093.59	5259.59	LINESTRING(210.740000 202.250000,216.290000 197.310000)
0	57	455	456	1	1	28	28	0	5	25	1	0	Straight	0.0	5259.59	5284.59	LINESTRING(216.290000 197.310000,218.520000 192.590000)
0	58	456	455	1	1	28	28	0	5	25	0	0	U	57.264	5341.85	5346.85	LINESTRING(218.520000 192.590000,216.290000 197.310000)
0	59	455	2210	1	1	66	66	0	12	72	1	0	Left	14.316	5361.17	5433.17	LINESTRING(216.290000 197.310000,214.300000 196.760000)
0	60	2210	2361	1	1	59	59	0	11	61	1	0	Left	14.316	5447.49	5508.49	LINESTRING(214.300000 196.760000,212.700000 191.220000)
0	61	2361	2210	1	1	59	59	0	11	61	0	0	U	57.264	5565.75	5576.75	LINESTRING(212.700000 191.220000,214.300000 196.760000)
0	62	2210	1877	1	1	116	116	0	21	131	1	0	Straight	0.0	5576.75	5707.75	LINESTRING(214.300000 196.760000,213.850000 203.690000)
0	63	1877	1878	1	1	38	38	0	7	37	1	0	U	57.264	5765.01	5802.01	LINESTRING(213.850000 203.690000,213.020000 199.210000)
0	64	1878	1877	1	1	38	38	0	7	37	0	0	U	57.264	5859.28	5866.28	LINESTRING(213.020000 199.210000,213.850000 203.690000)
0	65	1877	2211	1	1	56	56	0	10	60	1	0	Straight	0.0	5866.28	5926.28	LINESTRING(213.850000 203.690000,212.970000 212.450000)
0	66	2211	846	1	1	107	107	0	19	119	0	0	Straight	0.0	5926.28	5945.28	LINESTRING(212.970000 212.450000,215.760000 223.090000)
0	67	846	464	1	1	113	113	0	20	130	1	0	Straight	0.0	5945.28	6075.28	LINESTRING(215.760000 223.090000,215.990000 233.180000)
0	68	464	2169	1	1	51	51	0	9	59	1	0	Left	14.316	6089.59	6148.59	LINESTRING(215.990000 233.180000,208.590000 226.950000)
0	69	2169	2281	1	1	45	45	0	8	48	1	0	Right	7.158	6155.75	6203.75	LINESTRING(208.590000 226.950000,201.970000 228.770000)
0	70	2281	889	1	1	100	100	0	18	118	1	0	Straight	0.0	6203.75	6321.75	LINESTRING(201.970000 228.770000,196.340000 227.830000)
0	71	889	1550	1	1	67	67	0	12	72	1	0	Straight	0.0	6321.75	6393.75	LINESTRING(196.340000 227.830000,191.340000 226.850000)
0	72	1550	889	1	1	67	67	0	12	72	0	0	U	57.264	6451.02	6463.02	LINESTRING(191.340000 226.850000,196.340000 227.830000)
0	73	889	540	1	1	76	76	0	14	84	1	0	Left	14.316	6477.33	6561.33	LINESTRING(196.340000 227.830000,198.380000 231.190000)
0	74	540	889	1	1	76	76	0	14	84	0	0	U	57.264	6618.6	6632.6	LINESTRING(198.380000 231.190000,196.340000 227.830000)
0	75	889	2281	1	1	100	100	0	18	118	0	0	Left	14.316	6646.91	6664.91	LINESTRING(196.340000 227.830000,201.970000 228.770000)
0	76	2281	2169	1	1	45	45	0	8	48	0	0	Straight	0.0	6664.91	6672.91	LINESTRING(201.970000 228.770000,208.590000 226.950000)
0	77	2169	464	1	1	51	51	0	9	59	0	0	Left	14.316	6687.23	6696.23	LINESTRING(208.590000 226.950000,215.990000 233.180000)
0	78	464	463	1	1	71	71	0	13	83	0	0	Straight	0.0	6696.23	6709.23	LINESTRING(215.990000 233.180000,221.700000 245.600000)
0	79	463	1906	1	1	188	188	0	34	214	0	0	Straight	0.0	6709.23	6743.23	LINESTRING(221.700000 245.600000,223.720000 261.450000)
0	80	1906	851	1	1	66	66	0	12	72	1	0	U	57.264	6800.49	6872.49	LINESTRING(223.720000 261.450000,219.750000 254.920000)
0	81	851	1754	1	1	50	50	0	9	59	1	0	Straight	0.0	6872.49	6931.49	LINESTRING(219.750000 254.920000,216.660000 249.170000)
0	82	1754	2129	1	1	99	99	0	18	108	1	0	Straight	0.0	6931.49	7039.49	LINESTRING(216.660000 249.170000,212.630000 246.740000)
0	83	2129	1754	1	1	99	99	0	18	108	0	0	U	57.264	7096.76	7114.76	LINESTRING(212.630000 246.740000,216.660000 249.170000)
0	84	1754	1755	1	1	15	15	0	3	13	1	0	Right	7.158	7121.91	7134.91	LINESTRING(216.660000 249.170000,216.490000 244.820000)
0	85	1755	1754	1	1	15	15	0	3	13	0	0	U	57.264	7192.18	7195.18	LINESTRING(216.490000 244.820000,216.660000 249.170000)
0	86	1754	851	1	1	50	50	0	9	59	0	0	Straight	0.0	7195.18	7204.18	LINESTRING(216.660000 249.170000,219.750000 254.920000)
0	87	851	852	1	1	32	32	0	6	36	1	0	U	57.264	7261.44	7297.44	LINESTRING(219.750000 254.920000,216.410000 253.220000)
0	88	852	851	1	1	32	32	0	6	36	0	0	U	57.264	7354.71	7360.71	LINESTRING(216.410000 253.220000,219.750000 254.920000)
0	89	851	1906	1	1	66	66	0	12	72	0	0	Straight	0.0	7360.71	7372.71	LINESTRING(219.750000 254.920000,223.720000 261.450000)
0	90	1906	463	1	1	188	188	0	34	214	0	0	U	57.264	7429.97	7463.97	LINESTRING(223.720000 261.450000,221.700000 245.600000)
0	91	463	464	1	1	71	71	0	13	83	1	0	Straight	0.0	7463.97	7546.97	LINESTRING(221.700000 245.600000,215.990000 233.180000)
0	92	464	2169	1	1	51	51	0	9	59	0	0	Straight	0.0	7546.97	7555.97	LINESTRING(215.990000 233.180000,208.590000 226.950000)
0	93	2169	1556	1	1	153	153	0	27	177	1	0	Straight	0.0	7555.97	7732.97	LINESTRING(208.590000 226.950000,205.640000 219.450000)
0	94	1556	876	1	1	74	74	0	13	83	1	0	Straight	0.0	7732.97	7815.97	LINESTRING(205.640000 219.450000,202.370000 214.230000)
0	95	876	862	1	1	93	93	0	17	107	1	0	Left	14.316	7830.29	7937.29	LINESTRING(202.370000 214.230000,206.160000 208.970000)
0	96	862	529	1	1	134	134	0	24	154	1	0	Right	7.158	7944.44	8098.44	LINESTRING(206.160000 208.970000,197.160000 208.800000)
0	97	529	2072	1	1	146	146	0	26	166	1	0	Left	14.316	8112.76	8278.76	LINESTRING(197.160000 208.800000,194.480000 203.790000)
0	98	2072	529	1	1	146	146	0	26	166	0	0	U	57.264	8336.02	8362.02	LINESTRING(194.480000 203.790000,197.160000 208.800000)
0	99	529	530	1	1	95	95	0	17	107	1	0	Left	14.316	8376.34	8483.34	LINESTRING(197.160000 208.800000,189.380000 212.740000)
0	100	530	531	1	1	58	58	0	10	60	1	0	Left	14.316	8497.66	8557.66	LINESTRING(189.380000 212.740000,182.190000 204.330000)
0	101	531	553	1	1	72	72	0	13	83	1	0	Straight	0.0	8557.66	8640.66	LINESTRING(182.190000 204.330000,178.510000 197.490000)
0	102	553	554	1	1	50	50	0	9	59	1	0	Straight	0.0	8640.66	8699.66	LINESTRING(178.510000 197.490000,178.890000 192.640000)
0	103	554	553	1	1	50	50	0	9	59	0	0	U	57.264	8756.92	8765.92	LINESTRING(178.890000 192.640000,178.510000 197.490000)
0	104	553	1576	1	1	90	90	0	16	106	1	0	Left	14.316	8780.24	8886.24	LINESTRING(178.510000 197.490000,172.130000 193.300000)
0	105	1576	2403	1	1	46	46	0	8	48	1	0	Straight	0.0	8886.24	8934.24	LINESTRING(172.130000 193.300000,167.800000 190.590000)
0	106	2403	1576	1	1	46	46	0	8	48	0	0	U	57.264	8991.5	8999.5	LINESTRING(167.800000 190.590000,172.130000 193.300000)
0	107	1576	1577	1	1	78	78	0	14	84	1	0	Straight	0.0	8999.5	9083.5	LINESTRING(172.130000 193.300000,174.550000 193.130000)
0	108	1577	1708	1	1	46	46	0	8	48	1	0	Right	7.158	9090.66	9138.66	LINESTRING(174.550000 193.130000,172.240000 187.830000)
0	109	1708	1577	1	1	46	46	0	8	48	0	0	U	57.264	9195.92	9203.92	LINESTRING(172.240000 187.830000,174.550000 193.130000)
0	110	1577	536	1	1	124	124	0	22	142	1	0	Straight	0.0	9203.92	9345.92	LINESTRING(174.550000 193.130000,176.140000 199.510000)
0	111	536	1771	1	1	72	72	0	13	83	1	0	Left	14.316	9360.24	9443.24	LINESTRING(176.140000 199.510000,170.780000 198.430000)
0	112	1771	536	1	1	72	72	0	13	83	0	0	U	57.264	9500.5	9513.5	LINESTRING(170.780000 198.430000,176.140000 199.510000)
0	113	536	531	1	1	42	42	0	8	48	1	0	Straight	0.0	9513.5	9561.5	LINESTRING(176.140000 199.510000,182.190000 204.330000)
0	114	531	530	1	1	58	58	0	10	60	0	0	Straight	0.0	9561.5	9571.5	LINESTRING(182.190000 204.330000,189.380000 212.740000)
0	115	530	1758	1	1	118	118	0	21	131	1	0	Straight	0.0	9571.5	9702.5	LINESTRING(189.380000 212.740000,190.680000 223.700000)
0	116	1758	2171	1	1	95	95	0	17	107	1	0	Right	7.158	9709.66	9816.66	LINESTRING(190.680000 223.700000,195.290000 223.280000)
0	117	2171	875	1	1	126	126	0	23	143	1	0	Right	7.158	9823.82	9966.82	LINESTRING(195.290000 223.280000,196.330000 216.320000)
0	118	875	2226	1	1	95	95	0	17	107	1	0	Right	7.158	9973.98	10081.0	LINESTRING(196.330000 216.320000,192.970000 212.340000)
0	119	2226	875	1	1	95	95	0	17	107	0	0	U	57.264	10138.2	10155.2	LINESTRING(192.970000 212.340000,196.330000 216.320000)
0	120	875	876	1	1	91	91	0	16	106	1	0	Right	7.158	10162.4	10268.4	LINESTRING(196.330000 216.320000,202.370000 214.230000)
0	121	876	1556	1	1	74	74	0	13	83	0	0	Left	14.316	10282.7	10295.7	LINESTRING(202.370000 214.230000,205.640000 219.450000)
0	122	1556	1557	1	1	16	16	0	3	13	1	0	U	57.264	10353.0	10366.0	LINESTRING(205.640000 219.450000,205.950000 215.280000)
0	123	1557	1556	1	1	16	16	0	3	13	0	0	U	57.264	10423.2	10426.2	LINESTRING(205.950000 215.280000,205.640000 219.450000)
0	124	1556	2169	1	1	153	153	0	27	177	0	0	Straight	0.0	10426.2	10453.2	LINESTRING(205.640000 219.450000,208.590000 226.950000)
0	125	2169	2281	1	1	45	45	0	8	48	0	0	Left	14.316	10467.6	10475.6	LINESTRING(208.590000 226.950000,201.970000 228.770000)
0	126	2281	1919	1	1	96	96	0	17	107	1	0	Right	7.158	10482.7	10589.7	LINESTRING(201.970000 228.770000,199.740000 234.210000)
0	127	1919	1920	1	1	44	44	0	8	48	1	0	Straight	0.0	10589.7	10637.7	LINESTRING(199.740000 234.210000,195.930000 235.960000)
0	128	1920	1919	1	1	44	44	0	8	48	0	0	U	57.264	10695.0	10703.0	LINESTRING(195.930000 235.960000,199.740000 234.210000)
0	129	1919	541	1	1	290	290	0	52	342	1	0	Left	14.316	10717.3	11059.3	LINESTRING(199.740000 234.210000,199.720000 238.890000)
0	130	541	919	1	1	62	62	0	11	71	1	0	Straight	0.0	11059.3	11130.3	LINESTRING(199.720000 238.890000,198.850000 246.620000)
0	131	919	541	1	1	62	62	0	11	71	0	0	U	57.264	11187.6	11198.6	LINESTRING(198.850000 246.620000,199.720000 238.890000)
0	132	541	540	1	1	67	67	0	12	72	1	0	Straight	0.0	11198.6	11270.6	LINESTRING(199.720000 238.890000,198.380000 231.190000)
0	133	540	2171	1	1	158	158	0	28	178	1	0	Straight	0.0	11270.6	11448.6	LINESTRING(198.380000 231.190000,195.290000 223.280000)
0	134	2171	1758	1	1	95	95	0	17	107	0	0	Right	7.158	11455.7	11472.7	LINESTRING(195.290000 223.280000,190.680000 223.700000)
0	135	1758	574	1	1	123	123	0	22	142	1	0	Right	7.158	11479.9	11621.9	LINESTRING(190.680000 223.700000,190.870000 235.140000)
0	136	574	575	1	1	95	95	0	17	107	1	0	Left	14.316	11636.2	11743.2	LINESTRING(190.870000 235.140000,182.220000 232.230000)
0	137	575	2005	1	1	136	136	0	25	155	1	0	Straight	0.0	11743.2	11898.2	LINESTRING(182.220000 232.230000,177.620000 228.820000)
0	138	2005	575	1	1	136	136	0	25	155	0	0	U	57.264	11955.5	11980.5	LINESTRING(177.620000 228.820000,182.220000 232.230000)
0	139	575	942	1	1	53	53	0	10	60	1	0	U	57.264	12037.7	12097.7	LINESTRING(182.220000 232.230000,176.670000 232.070000)
0	140	942	575	1	1	53	53	0	10	60	0	0	U	57.264	12155.0	12165.0	LINESTRING(176.670000 232.070000,182.220000 232.230000)
0	141	575	574	1	1	95	95	0	17	107	0	0	Straight	0.0	12165.0	12182.0	LINESTRING(182.220000 232.230000,190.870000 235.140000)
0	142	574	919	1	1	104	104	0	19	119	1	0	Straight	0.0	12182.0	12301.0	LINESTRING(190.870000 235.140000,198.850000 246.620000)
0	143	919	1610	1	1	70	70	0	13	83	1	0	Straight	0.0	12301.0	12384.0	LINESTRING(198.850000 246.620000,205.870000 260.610000)
0	144	1610	1611	1	1	69	69	0	12	72	1	0	Left	14.316	12398.3	12470.3	LINESTRING(205.870000 260.610000,199.630000 258.680000)
0	145	1611	2439	1	1	134	134	0	24	154	1	0	Straight	0.0	12470.3	12624.3	LINESTRING(199.630000 258.680000,194.810000 257.290000)
0	146	2439	1611	1	1	134	134	0	24	154	0	0	U	57.264	12681.6	12705.6	LINESTRING(194.810000 257.290000,199.630000 258.680000)
0	147	1611	1610	1	1	69	69	0	12	72	0	0	Straight	0.0	12705.6	12717.6	LINESTRING(199.630000 258.680000,205.870000 260.610000)
0	148	1610	929	1	1	154	154	0	28	178	1	0	Straight	0.0	12717.6	12895.6	LINESTRING(205.870000 260.610000,215.640000 274.720000)
0	149	929	564	1	1	72	72	0	13	83	1	0	U	57.264	12952.8	13035.8	LINESTRING(215.640000 274.720000,210.090000 270.870000)
0	150	564	2270	1	1	49	49	0	9	49	1	0	Straight	0.0	13035.8	13084.8	LINESTRING(210.090000 270.870000,204.690000 269.390000)
0	151	2270	564	1	1	49	49	0	9	49	0	0	U	57.264	13142.1	13151.1	LINESTRING(204.690000 269.390000,210.090000 270.870000)
0	152	564	2233	1	1	26	26	0	5	25	1	0	U	57.264	13208.4	13233.4	LINESTRING(210.090000 270.870000,207.850000 267.030000)
0	153	2233	564	1	1	26	26	0	5	25	0	0	U	57.264	13290.6	13295.6	LINESTRING(207.850000 267.030000,210.090000 270.870000)
0	154	564	563	1	1	21	21	0	4	24	1	0	Left	14.316	13309.9	13333.9	LINESTRING(210.090000 270.870000,209.300000 273.640000)
0	155	563	564	1	1	21	21	0	4	24	0	0	U	57.264	13391.2	13395.2	LINESTRING(209.300000 273.640000,210.090000 270.870000)
0	156	564	929	1	1	72	72	0	13	83	0	0	Left	14.316	13409.5	13422.5	LINESTRING(210.090000 270.870000,215.640000 274.720000)
0	157	929	2002	1	1	81	81	0	15	95	1	0	Straight	0.0	13422.5	13517.5	LINESTRING(215.640000 274.720000,225.170000 289.330000)
0	158	2002	2003	0	1	16	16	0	3	13	1	0	Straight	0.0	13517.5	13530.5	LINESTRING(225.170000 289.330000,232.850000 307.980000)
0	159	2003	1645	0	1	6	6	0	1	1	1	0	Right	7.158	13537.7	13538.7	LINESTRING(232.850000 307.980000,237.710000 306.910000)
0	160	1645	1662	0	1	17	17	0	3	13	0	0	Right	7.158	13545.8	13548.8	LINESTRING(237.710000 306.910000,229.170000 292.930000)
0	161	1662	1663	0	1	19	19	0	3	13	0	0	Straight	0.0	13548.8	13551.8	LINESTRING(229.170000 292.930000,225.820000 278.770000)
0	162	1663	2002	0	1	20	20	0	4	24	1	0	U	57.264	13609.1	13633.1	LINESTRING(225.820000 278.770000,225.170000 289.330000)
0	163	2002	2003	0	1	16	16	0	3	13	0	0	Straight	0.0	13633.1	13636.1	LINESTRING(225.170000 289.330000,232.850000 307.980000)
0	164	2003	936	0	1	130	130	0	23	153	1	0	Straight	0.0	13636.1	13789.1	LINESTRING(232.850000 307.980000,239.870000 327.110000)
0	165	936	591	0	1	20	20	0	4	24	1	0	Straight	0.0	13789.1	13813.1	LINESTRING(239.870000 327.110000,243.650000 348.460000)
0	166	591	2151	0	0	0	0	0	4	0	0	0	Right	7.158	13820.3	13824.3	LINESTRING(243.650000 348.460000,253.080000 337.090000)
0	167	2151	1687	0	0	0	0	0	3	0	0	0	Straight	0.0	13824.3	13827.3	LINESTRING(253.080000 337.090000,263.280000 331.000000)
0	168	1687	925	1	0	0	0	0	19	0	0	0	Left	14.316	13841.6	13860.6	LINESTRING(263.280000 331.000000,283.040000 336.760000)
0	169	925	2214	1	1	87	87	0	16	96	1	0	U	57.264	13917.8	14013.8	LINESTRING(283.040000 336.760000,281.010000 333.140000)
0	170	2214	925	1	1	87	87	0	16	96	0	0	U	57.264	14071.1	14087.1	LINESTRING(281.010000 333.140000,283.040000 336.760000)
0	171	925	820	1	0	0	0	0	120	0	0	0	Straight	0.0	14087.1	14207.1	LINESTRING(283.040000 336.760000,302.800000 343.060000)
0	172	820	819	1	1	8	8	0	1	1	1	0	U	57.264	14264.4	14265.4	LINESTRING(302.800000 343.060000,299.950000 340.050000)
0	173	819	820	1	1	8	8	0	1	1	0	0	U	57.264	14322.6	14323.6	LINESTRING(299.950000 340.050000,302.800000 343.060000)
0	174	820	1753	1	0	0	0	0	16	0	0	0	Straight	0.0	14323.6	14339.6	LINESTRING(302.800000 343.060000,322.810000 349.830000)
0	175	1753	420	1	0	0	0	0	3	0	0	0	Straight	0.0	14339.6	14342.6	LINESTRING(322.810000 349.830000,341.770000 358.890000)
0	176	420	419	0	1	66	66	0	12	72	1	0	U	57.264	14399.9	14471.9	LINESTRING(341.770000 358.890000,333.650000 347.610000)
0	177	419	2078	0	1	37	37	0	7	37	1	0	Straight	0.0	14471.9	14508.9	LINESTRING(333.650000 347.610000,328.940000 336.830000)
0	178	2078	421	1	1	47	47	0	9	49	1	0	Straight	0.0	14508.9	14557.9	LINESTRING(328.940000 336.830000,325.830000 324.380000)
0	179	421	792	1	1	292	292	0	53	343	1	0	Straight	0.0	14557.9	14900.9	LINESTRING(325.830000 324.380000,323.200000 320.650000)
0	180	792	421	1	1	292	292	0	53	343	0	0	U	57.264	14958.2	15011.2	LINESTRING(323.200000 320.650000,325.830000 324.380000)
0	181	421	422	1	1	97	97	0	17	107	1	0	U	57.264	15068.4	15175.4	LINESTRING(325.830000 324.380000,321.420000 311.950000)
0	182	422	813	1	1	94	94	0	17	107	1	0	Straight	0.0	15175.4	15282.4	LINESTRING(321.420000 311.950000,317.360000 300.250000)
0	183	813	2336	1	1	324	324	0	58	378	1	0	Straight	0.0	15282.4	15660.4	LINESTRING(317.360000 300.250000,315.960000 296.760000)
0	184	2336	813	1	1	324	324	0	58	378	0	0	U	57.264	15717.7	15775.7	LINESTRING(315.960000 296.760000,317.360000 300.250000)
0	185	813	814	1	1	96	96	0	17	107	1	0	U	57.264	15832.9	15939.9	LINESTRING(317.360000 300.250000,313.250000 289.160000)
0	186	814	1933	1	1	97	97	0	17	107	1	0	Straight	0.0	15939.9	16046.9	LINESTRING(313.250000 289.160000,311.530000 285.770000)
0	187	1933	814	1	1	97	97	0	17	107	0	0	U	57.264	16104.2	16121.2	LINESTRING(311.530000 285.770000,313.250000 289.160000)
0	188	814	440	1	1	79	79	0	14	84	1	0	U	57.264	16178.5	16262.5	LINESTRING(313.250000 289.160000,309.840000 279.060000)
0	189	440	441	1	1	338	338	0	61	391	1	0	Straight	0.0	16262.5	16653.5	LINESTRING(309.840000 279.060000,304.770000 272.140000)
0	190	441	807	1	1	132	132	0	24	154	1	0	Straight	0.0	16653.5	16807.5	LINESTRING(304.770000 272.140000,300.660000 268.690000)
0	191	807	2436	1	1	18	18	0	3	13	1	0	Straight	0.0	16807.5	16820.5	LINESTRING(300.660000 268.690000,296.860000 265.750000)
0	192	2436	807	1	1	18	18	0	3	13	0	0	U	57.264	16877.7	16880.7	LINESTRING(296.860000 265.750000,300.660000 268.690000)
0	193	807	441	1	1	132	132	0	24	154	0	0	Straight	0.0	16880.7	16904.7	LINESTRING(300.660000 268.690000,304.770000 272.140000)
0	194	441	808	1	1	119	119	0	21	131	1	0	U	57.264	16962.0	17093.0	LINESTRING(304.770000 272.140000,302.640000 266.150000)
0	195	808	811	1	1	45	45	0	8	48	1	0	Straight	0.0	17093.0	17141.0	LINESTRING(302.640000 266.150000,301.160000 260.960000)
0	196	811	808	1	1	45	45	0	8	48	0	0	U	57.264	17198.3	17206.3	LINESTRING(301.160000 260.960000,302.640000 266.150000)
0	197	808	441	1	1	119	119	0	21	131	0	0	Straight	0.0	17206.3	17227.3	LINESTRING(302.640000 266.150000,304.770000 272.140000)
0	198	441	440	1	1	338	338	0	61	391	0	0	Straight	0.0	17227.3	17288.3	LINESTRING(304.770000 272.140000,309.840000 279.060000)
0	199	440	1607	1	1	56	56	0	10	60	1	0	U	57.264	17345.5	17405.5	LINESTRING(309.840000 279.060000,310.450000 272.220000)
0	200	1607	2415	1	1	36	36	0	7	37	1	0	Straight	0.0	17405.5	17442.5	LINESTRING(310.450000 272.220000,312.660000 268.130000)
0	201	2415	1607	1	1	36	36	0	7	37	0	0	U	57.264	17499.8	17506.8	LINESTRING(312.660000 268.130000,310.450000 272.220000)
0	202	1607	440	1	1	56	56	0	10	60	0	0	Straight	0.0	17506.8	17516.8	LINESTRING(310.450000 272.220000,309.840000 279.060000)
0	203	440	814	1	1	79	79	0	14	84	0	0	Straight	0.0	17516.8	17530.8	LINESTRING(309.840000 279.060000,313.250000 289.160000)
0	204	814	813	1	1	96	96	0	17	107	0	0	Straight	0.0	17530.8	17547.8	LINESTRING(313.250000 289.160000,317.360000 300.250000)
0	205	813	422	1	1	94	94	0	17	107	0	0	Straight	0.0	17547.8	17564.8	LINESTRING(317.360000 300.250000,321.420000 311.950000)
0	206	422	421	1	1	97	97	0	17	107	0	0	Straight	0.0	17564.8	17581.8	LINESTRING(321.420000 311.950000,325.830000 324.380000)
0	207	421	2078	1	1	47	47	0	9	49	0	0	Straight	0.0	17581.8	17590.8	LINESTRING(325.830000 324.380000,328.940000 336.830000)
0	208	2078	810	0	1	33	33	0	6	36	1	0	Straight	0.0	17590.8	17626.8	LINESTRING(328.940000 336.830000,326.680000 343.370000)
0	209	810	1753	0	0	0	0	0	12	0	0	0	Straight	0.0	17626.8	17638.8	LINESTRING(326.680000 343.370000,322.810000 349.830000)
0	210	1753	420	1	0	0	0	0	3	0	0	0	Right	7.158	17646.0	17649.0	LINESTRING(322.810000 349.830000,341.770000 358.890000)
0	211	420	1752	1	0	0	0	0	13	0	0	0	Straight	0.0	17649.0	17662.0	LINESTRING(341.770000 358.890000,362.670000 372.890000)
0	212	1752	1820	1	0	0	0	0	37	0	0	0	Straight	0.0	17662.0	17699.0	LINESTRING(362.670000 372.890000,383.950000 386.980000)
0	213	1820	367	1	0	0	0	0	23	0	0	0	Straight	0.0	17699.0	17722.0	LINESTRING(383.950000 386.980000,394.110000 397.210000)
0	214	367	349	1	0	0	0	0	41	0	0	0	Straight	0.0	17722.0	17763.0	LINESTRING(394.110000 397.210000,402.040000 407.010000)
0	215	349	292	1	0	0	0	0	36	0	0	0	Straight	0.0	17763.0	17799.0	LINESTRING(402.040000 407.010000,408.570000 418.190000)
0	216	292	270	1	0	0	0	0	28	0	0	0	Straight	0.0	17799.0	17827.0	LINESTRING(408.570000 418.190000,418.220000 427.460000)
0	217	270	269	1	0	0	0	0	17	0	0	0	Straight	0.0	17827.0	17844.0	LINESTRING(418.220000 427.460000,428.780000 435.510000)
0	218	269	248	1	0	0	0	0	19	0	0	0	Straight	0.0	17844.0	17863.0	LINESTRING(428.780000 435.510000,434.630000 448.990000)
0	219	248	246	1	0	0	0	0	26	0	0	0	Straight	0.0	17863.0	17889.0	LINESTRING(434.630000 448.990000,440.250000 464.170000)
0	220	246	243	1	0	0	0	0	32	0	0	0	Straight	0.0	17889.0	17921.0	LINESTRING(440.250000 464.170000,442.080000 481.680000)
0	221	243	221	1	0	0	0	0	10	0	0	0	Straight	0.0	17921.0	17931.0	LINESTRING(442.080000 481.680000,438.140000 503.310000)
0	222	221	222	1	0	0	0	0	46	0	0	0	Right	7.158	17938.1	17984.1	LINESTRING(438.140000 503.310000,458.020000 492.700000)
0	223	222	565	1	0	0	0	0	59	0	0	0	Straight	0.0	17984.1	18043.1	LINESTRING(458.020000 492.700000,476.240000 482.630000)
0	224	565	170	1	0	0	0	0	9	0	0	0	Left	14.316	18057.4	18066.4	LINESTRING(476.240000 482.630000,475.680000 495.280000)
0	225	170	171	1	0	0	0	0	32	0	0	0	Right	7.158	18073.6	18105.6	LINESTRING(475.680000 495.280000,482.040000 494.670000)
0	226	171	158	1	0	0	0	0	12	0	0	0	Straight	0.0	18105.6	18117.6	LINESTRING(482.040000 494.670000,488.410000 494.440000)
0	227	158	159	1	0	0	0	0	14	0	0	0	Straight	0.0	18117.6	18131.6	LINESTRING(488.410000 494.440000,493.680000 496.170000)
0	228	159	1180	1	0	0	0	0	18	0	0	0	Straight	0.0	18131.6	18149.6	LINESTRING(493.680000 496.170000,501.070000 493.200000)
0	229	1180	1181	1	0	0	0	0	17	0	0	0	Straight	0.0	18149.6	18166.6	LINESTRING(501.070000 493.200000,507.660000 481.540000)
0	230	1181	1160	1	0	0	0	0	45	0	0	0	Left	14.316	18180.9	18225.9	LINESTRING(507.660000 481.540000,521.430000 492.300000)
0	231	1160	1159	1	0	0	0	0	54	0	0	0	Straight	0.0	18225.9	18279.9	LINESTRING(521.430000 492.300000,539.710000 492.950000)
0	232	1159	1174	0	0	0	0	0	9	0	0	0	Straight	0.0	18279.9	18288.9	LINESTRING(539.710000 492.950000,553.710000 499.300000)
0	233	1174	1175	0	0	0	0	0	1	0	0	0	Straight	0.0	18288.9	18289.9	LINESTRING(553.710000 499.300000,564.220000 513.380000)
0	234	1175	1169	0	0	0	0	0	49	0	0	0	Straight	0.0	18289.9	18338.9	LINESTRING(564.220000 513.380000,567.250000 533.080000)
0	235	1169	1170	0	0	0	0	0	8	0	0	0	Right	7.158	18346.1	18354.1	LINESTRING(567.250000 533.080000,577.940000 535.120000)
0	236	1170	1390	0	0	0	0	0	1	0	0	0	Straight	0.0	18354.1	18355.1	LINESTRING(577.940000 535.120000,590.940000 538.410000)
0	237	1390	1168	0	0	0	0	0	6	0	0	0	Left	14.316	18369.4	18375.4	LINESTRING(590.940000 538.410000,595.630000 547.920000)
0	238	1168	1163	0	0	0	0	0	3	0	0	0	Straight	0.0	18375.4	18378.4	LINESTRING(595.630000 547.920000,604.200000 555.860000)
0	239	1163	1164	0	0	0	0	0	7	0	0	0	Straight	0.0	18378.4	18385.4	LINESTRING(604.200000 555.860000,616.380000 560.090000)
0	240	1164	1980	0	0	0	0	0	47	0	0	0	Straight	0.0	18385.4	18432.4	LINESTRING(616.380000 560.090000,635.720000 561.930000)
0	241	1980	1306	0	0	0	0	0	154	0	0	0	Straight	0.0	18432.4	18586.4	LINESTRING(635.720000 561.930000,654.820000 566.300000)
0	242	1306	1307	0	0	0	0	0	37	0	0	0	Right	7.158	18593.5	18630.5	LINESTRING(654.820000 566.300000,667.430000 553.850000)
0	243	1307	1732	0	0	0	0	0	18	0	0	0	Straight	0.0	18630.5	18648.5	LINESTRING(667.430000 553.850000,676.830000 553.640000)
0	244	1732	1508	0	0	0	0	0	24	0	0	0	Right	7.158	18655.7	18679.7	LINESTRING(676.830000 553.640000,679.330000 550.700000)
1	0	1508	1509	0	0	0	0	0	23	0	0	300		0.0	18979.7	19002.7	LINESTRING(679.330000 550.700000,677.610000 547.310000)
1	1	1509	1507	0	0	0	0	0	18	0	0	0	Straight	0.0	19002.7	19020.7	LINESTRING(677.610000 547.310000,676.530000 540.560000)
1	2	1507	1924	0	0	0	0	0	37	0	0	0	Right	7.158	19027.8	19064.8	LINESTRING(676.530000 540.560000,657.710000 548.810000)
1	3	1924	1925	0	0	0	0	0	153	0	0	0	Left	14.316	19079.2	19232.2	LINESTRING(657.710000 548.810000,641.040000 541.960000)
1	4	1925	1980	1	0	0	0	0	2	0	0	0	Right	7.158	19239.3	19241.3	LINESTRING(641.040000 541.960000,635.720000 561.930000)
1	5	1980	1560	1	0	0	0	0	53	0	0	0	Straight	0.0	19241.3	19294.3	LINESTRING(635.720000 561.930000,629.370000 580.450000)
1	6	1560	74	1	0	0	0	0	13	0	0	0	Straight	0.0	19294.3	19307.3	LINESTRING(629.370000 580.450000,621.240000 587.320000)
1	7	74	1388	1	1	242	242	0	44	284	1	0	Straight	0.0	19307.3	19591.3	LINESTRING(621.240000 587.320000,614.930000 587.530000)
1	8	1388	1389	1	1	117	117	0	21	131	1	0	Left	14.316	19605.6	19736.6	LINESTRING(614.930000 587.530000,618.160000 581.670000)
1	9	1389	2318	1	1	163	163	0	29	189	1	0	Right	7.158	19743.8	19932.8	LINESTRING(618.160000 581.670000,616.950000 578.400000)
1	10	2318	1389	1	1	163	163	0	29	189	0	0	U	57.264	19990.1	20019.1	LINESTRING(616.950000 578.400000,618.160000 581.670000)
1	11	1389	1913	1	1	96	96	0	17	107	1	0	Right	7.158	20026.2	20133.2	LINESTRING(618.160000 581.670000,622.080000 577.030000)
1	12	1913	1517	1	1	108	108	0	19	119	1	0	Straight	0.0	20133.2	20252.2	LINESTRING(622.080000 577.030000,625.380000 572.780000)
1	13	1517	1516	1	1	140	140	0	25	165	1	0	Right	7.158	20259.4	20424.4	LINESTRING(625.380000 572.780000,622.740000 569.110000)
1	14	1516	1517	1	1	140	140	0	25	165	0	0	U	57.264	20481.6	20506.6	LINESTRING(622.740000 569.110000,625.380000 572.780000)
1	15	1517	2049	1	1	17	17	0	3	13	1	0	Right	7.158	20513.8	20526.8	LINESTRING(625.380000 572.780000,629.540000 571.410000)
1	16	2049	1517	1	1	17	17	0	3	13	0	0	U	57.264	20584.1	20587.1	LINESTRING(629.540000 571.410000,625.380000 572.780000)
1	17	1517	1913	1	1	108	108	0	19	119	0	0	Straight	0.0	20587.1	20606.1	LINESTRING(625.380000 572.780000,622.080000 577.030000)
1	18	1913	1389	1	1	96	96	0	17	107	0	0	Straight	0.0	20606.1	20623.1	LINESTRING(622.080000 577.030000,618.160000 581.670000)
1	19	1389	1388	1	1	117	117	0	21	131	0	0	Straight	0.0	20623.1	20644.1	LINESTRING(618.160000 581.670000,614.930000 587.530000)
1	20	1388	1714	1	1	89	89	0	16	96	1	0	Straight	0.0	20644.1	20740.1	LINESTRING(614.930000 587.530000,607.930000 593.190000)
1	21	1714	80	1	1	132	132	0	24	154	0	0	Right	7.158	20747.2	20771.2	LINESTRING(607.930000 593.190000,612.030000 593.830000)
1	22	80	2013	1	1	48	48	0	9	49	1	0	Right	7.158	20778.4	20827.4	LINESTRING(612.030000 593.830000,613.570000 591.110000)
1	23	2013	80	1	1	48	48	0	9	49	0	0	U	57.264	20884.6	20893.6	LINESTRING(613.570000 591.110000,612.030000 593.830000)
1	24	80	73	1	1	134	134	0	24	154	0	0	Right	7.158	20900.8	20924.8	LINESTRING(612.030000 593.830000,615.530000 595.060000)
1	25	73	77	1	1	84	84	0	15	95	1	0	Left	14.316	20939.1	21034.1	LINESTRING(615.530000 595.060000,609.810000 602.720000)
1	26	77	76	1	1	78	78	0	14	84	1	0	Straight	0.0	21034.1	21118.1	LINESTRING(609.810000 602.720000,602.800000 606.290000)
1	27	76	1815	1	1	327	327	0	59	379	1	0	Straight	0.0	21118.1	21497.1	LINESTRING(602.800000 606.290000,597.250000 611.710000)
1	28	1815	380	1	1	92	92	0	17	107	0	0	Left	14.316	21511.4	21528.4	LINESTRING(597.250000 611.710000,595.780000 608.070000)
1	29	380	97	1	1	315	315	0	57	367	1	0	Left	14.316	21542.7	21909.7	LINESTRING(595.780000 608.070000,599.260000 603.930000)
1	30	97	96	1	1	93	93	0	17	107	1	0	Straight	0.0	21909.7	22016.7	LINESTRING(599.260000 603.930000,600.530000 599.050000)
1	31	96	97	1	1	93	93	0	17	107	0	0	U	57.264	22074.0	22091.0	LINESTRING(600.530000 599.050000,599.260000 603.930000)
1	32	97	76	1	1	81	81	0	15	95	1	0	Right	7.158	22098.2	22193.2	LINESTRING(599.260000 603.930000,602.800000 606.290000)
1	33	76	77	1	1	78	78	0	14	84	0	0	Right	7.158	22200.3	22214.3	LINESTRING(602.800000 606.290000,609.810000 602.720000)
1	34	77	71	1	1	102	102	0	18	118	1	0	Left	14.316	22228.6	22346.6	LINESTRING(609.810000 602.720000,609.710000 609.530000)
1	35	71	72	1	1	97	97	0	17	107	1	0	Right	7.158	22353.8	22460.8	LINESTRING(609.710000 609.530000,618.160000 607.130000)
1	36	72	323	1	0	0	0	0	26	0	0	0	Left	14.316	22475.1	22501.1	LINESTRING(618.160000 607.130000,615.010000 617.330000)
1	37	323	324	1	1	93	93	0	17	107	1	0	Right	7.158	22508.3	22615.3	LINESTRING(615.010000 617.330000,620.820000 622.460000)
1	38	324	61	1	1	113	113	0	20	130	1	0	Left	14.316	22629.6	22759.6	LINESTRING(620.820000 622.460000,619.820000 629.860000)
1	39	61	324	1	1	113	113	0	20	130	0	0	U	57.264	22816.9	22836.9	LINESTRING(619.820000 629.860000,620.820000 622.460000)
1	40	324	2115	1	1	166	166	0	30	190	1	0	Left	14.316	22851.2	23041.2	LINESTRING(620.820000 622.460000,627.270000 619.580000)
1	41	2115	51	1	1	191	191	0	34	224	1	0	Left	14.316	23055.5	23279.5	LINESTRING(627.270000 619.580000,629.100000 628.430000)
1	42	51	45	1	0	0	0	0	15	0	0	0	Straight	0.0	23279.5	23294.5	LINESTRING(629.100000 628.430000,635.450000 632.710000)
1	43	45	281	1	1	72	72	0	13	83	1	0	Right	7.158	23301.6	23384.6	LINESTRING(635.450000 632.710000,638.800000 625.500000)
1	44	281	2114	1	1	25	25	0	5	25	1	0	Left	14.316	23399.0	23424.0	LINESTRING(638.800000 625.500000,643.440000 628.030000)
1	45	2114	281	1	1	25	25	0	5	25	0	0	U	57.264	23481.2	23486.2	LINESTRING(643.440000 628.030000,638.800000 625.500000)
1	46	281	306	1	1	145	145	0	26	166	1	0	Left	14.316	23500.5	23666.5	LINESTRING(638.800000 625.500000,641.290000 621.490000)
1	47	306	1889	1	1	34	34	0	6	36	1	0	Left	14.316	23680.9	23716.9	LINESTRING(641.290000 621.490000,646.250000 622.160000)
1	48	1889	306	1	1	34	34	0	6	36	0	0	U	57.264	23774.1	23780.1	LINESTRING(646.250000 622.160000,641.290000 621.490000)
1	49	306	305	1	1	85	85	0	15	95	1	0	Straight	0.0	23780.1	23875.1	LINESTRING(641.290000 621.490000,636.460000 618.050000)
1	50	305	2089	1	1	90	90	0	16	106	1	0	Straight	0.0	23875.1	23981.1	LINESTRING(636.460000 618.050000,630.480000 610.120000)
1	51	2089	2115	1	1	220	220	0	40	260	1	0	Right	7.158	23988.3	24248.3	LINESTRING(630.480000 610.120000,627.270000 619.580000)
1	52	2115	2089	1	1	220	220	0	40	260	0	0	U	57.264	24305.5	24345.5	LINESTRING(627.270000 619.580000,630.480000 610.120000)
1	53	2089	2405	1	1	120	120	0	22	142	1	0	Left	14.316	24359.9	24501.9	LINESTRING(630.480000 610.120000,634.820000 609.380000)
1	54	2405	2089	1	1	120	120	0	22	142	0	0	U	57.264	24559.1	24581.1	LINESTRING(634.820000 609.380000,630.480000 610.120000)
1	55	2089	1597	1	1	105	105	0	19	119	1	0	Left	14.316	24595.4	24714.4	LINESTRING(630.480000 610.120000,626.430000 597.340000)
1	56	1597	1560	1	0	0	0	0	26	0	0	0	Straight	0.0	24714.4	24740.4	LINESTRING(626.430000 597.340000,629.370000 580.450000)
1	57	1560	74	1	0	0	0	0	13	0	0	0	U	57.264	24797.7	24810.7	LINESTRING(629.370000 580.450000,621.240000 587.320000)
1	58	74	73	1	1	127	127	0	23	143	1	0	Straight	0.0	24810.7	24953.7	LINESTRING(621.240000 587.320000,615.530000 595.060000)
1	59	73	80	1	1	134	134	0	24	154	1	0	Left	14.316	24968.0	25122.0	LINESTRING(615.530000 595.060000,612.030000 593.830000)
1	60	80	1714	1	1	132	132	0	24	154	1	0	Straight	0.0	25122.0	25276.0	LINESTRING(612.030000 593.830000,607.930000 593.190000)
1	61	1714	96	1	1	211	211	0	38	248	1	0	Right	7.158	25283.2	25531.2	LINESTRING(607.930000 593.190000,600.530000 599.050000)
1	62	96	386	1	1	359	359	0	65	415	1	0	Straight	0.0	25531.2	25946.2	LINESTRING(600.530000 599.050000,593.570000 603.980000)
1	63	386	382	1	1	97	97	0	18	108	1	0	Straight	0.0	25946.2	26054.2	LINESTRING(593.570000 603.980000,590.870000 609.040000)
1	64	382	380	1	1	56	56	0	10	60	1	0	Right	7.158	26061.3	26121.3	LINESTRING(590.870000 609.040000,595.780000 608.070000)
1	65	380	1815	1	1	92	92	0	17	107	1	0	Left	14.316	26135.7	26242.7	LINESTRING(595.780000 608.070000,597.250000 611.710000)
1	66	1815	1814	1	1	146	146	0	26	166	1	0	Left	14.316	26257.0	26423.0	LINESTRING(597.250000 611.710000,591.840000 617.090000)
1	67	1814	75	1	1	106	106	0	19	119	1	0	U	57.264	26480.2	26599.2	LINESTRING(591.840000 617.090000,602.440000 616.550000)
1	68	75	360	1	1	97	97	0	17	107	1	0	Left	14.316	26613.5	26720.5	LINESTRING(602.440000 616.550000,606.570000 623.350000)
1	69	360	359	1	0	0	0	0	31	0	0	0	Left	14.316	26734.9	26765.9	LINESTRING(606.570000 623.350000,601.070000 632.990000)
1	70	359	2178	1	1	143	143	0	26	166	1	0	Straight	0.0	26765.9	26931.9	LINESTRING(601.070000 632.990000,590.170000 638.100000)
1	71	2178	56	1	1	310	310	0	56	366	1	0	Right	7.158	26939.0	27305.0	LINESTRING(590.170000 638.100000,594.190000 645.840000)
1	72	56	307	1	0	0	0	0	17	0	0	0	Left	14.316	27319.3	27336.3	LINESTRING(594.190000 645.840000,590.370000 654.040000)
1	73	307	2155	1	1	189	189	0	34	214	1	0	Left	14.316	27350.7	27564.7	LINESTRING(590.370000 654.040000,578.390000 650.730000)
1	74	2155	1695	1	1	83	83	0	15	95	1	0	Right	7.158	27571.8	27666.8	LINESTRING(578.390000 650.730000,568.240000 659.900000)
1	75	1695	1694	1	1	254	254	0	46	296	1	0	Straight	0.0	27666.8	27962.8	LINESTRING(568.240000 659.900000,563.310000 671.890000)
1	76	1694	1769	1	1	100	100	0	18	118	1	0	Straight	0.0	27962.8	28080.8	LINESTRING(563.310000 671.890000,551.800000 678.610000)
1	77	1769	1768	1	1	332	332	0	60	390	1	0	Straight	0.0	28080.8	28470.8	LINESTRING(551.800000 678.610000,540.370000 687.820000)
1	78	1768	361	1	1	77	77	0	14	84	1	0	U	57.264	28528.1	28612.1	LINESTRING(540.370000 687.820000,544.020000 685.670000)
1	79	361	385	1	1	360	360	0	65	425	1	0	Left	14.316	28626.4	29051.4	LINESTRING(544.020000 685.670000,544.140000 692.160000)
1	80	385	399	1	1	243	243	0	44	284	1	0	Straight	0.0	29051.4	29335.4	LINESTRING(544.140000 692.160000,546.640000 696.310000)
1	81	399	110	1	1	118	118	0	21	131	1	0	U	57.264	29392.7	29523.7	LINESTRING(546.640000 696.310000,547.730000 691.670000)
1	82	110	107	1	1	236	236	0	42	272	1	0	Straight	0.0	29523.7	29795.7	LINESTRING(547.730000 691.670000,546.140000 688.300000)
1	83	107	108	1	1	152	152	0	27	177	1	0	Straight	0.0	29795.7	29972.7	LINESTRING(546.140000 688.300000,546.600000 684.940000)
1	84	108	110	1	1	131	131	0	24	154	1	0	U	57.264	30029.9	30183.9	LINESTRING(546.600000 684.940000,547.730000 691.670000)
1	85	110	108	1	1	131	131	0	24	154	0	0	U	57.264	30241.2	30265.2	LINESTRING(547.730000 691.670000,546.600000 684.940000)
1	86	108	111	1	1	55	55	0	10	60	1	0	Straight	0.0	30265.2	30325.2	LINESTRING(546.600000 684.940000,545.310000 676.770000)
1	87	111	109	1	0	0	0	0	38	0	0	0	Straight	0.0	30325.2	30363.2	LINESTRING(545.310000 676.770000,546.020000 668.750000)
1	88	109	99	1	1	211	211	0	38	248	1	0	Straight	0.0	30363.2	30611.2	LINESTRING(546.020000 668.750000,548.270000 660.420000)
1	89	99	1540	1	0	0	0	0	18	0	0	0	Straight	0.0	30611.2	30629.2	LINESTRING(548.270000 660.420000,549.970000 649.460000)
1	90	1540	93	1	0	0	0	0	46	0	0	0	Straight	0.0	30629.2	30675.2	LINESTRING(549.970000 649.460000,550.150000 637.120000)
1	91	93	92	1	0	0	0	0	14	0	0	0	Straight	0.0	30675.2	30689.2	LINESTRING(550.150000 637.120000,547.190000 620.720000)
1	92	92	104	1	0	0	0	0	38	0	0	0	Straight	0.0	30689.2	30727.2	LINESTRING(547.190000 620.720000,529.460000 605.430000)
1	93	104	1928	1	0	0	0	0	15	0	0	0	Straight	0.0	30727.2	30742.2	LINESTRING(529.460000 605.430000,522.040000 592.850000)
1	94	1928	122	1	0	0	0	0	20	0	0	0	Straight	0.0	30742.2	30762.2	LINESTRING(522.040000 592.850000,514.080000 580.630000)
1	95	122	431	1	0	0	0	0	13	0	0	0	Straight	0.0	30762.2	30775.2	LINESTRING(514.080000 580.630000,508.540000 567.390000)
1	96	431	430	1	0	0	0	0	58	0	0	0	Straight	0.0	30775.2	30833.2	LINESTRING(508.540000 567.390000,505.260000 556.290000)
1	97	430	1995	1	0	0	0	0	64	0	0	0	Straight	0.0	30833.2	30897.2	LINESTRING(505.260000 556.290000,502.820000 545.550000)
1	98	1995	1178	1	0	0	0	0	39	0	0	0	Straight	0.0	30897.2	30936.2	LINESTRING(502.820000 545.550000,498.880000 533.690000)
1	99	1178	526	1	0	0	0	0	26	0	0	0	Straight	0.0	30936.2	30962.2	LINESTRING(498.880000 533.690000,494.800000 521.290000)
1	100	526	173	1	0	0	0	0	25	0	0	0	Straight	0.0	30962.2	30987.2	LINESTRING(494.800000 521.290000,489.090000 511.890000)
1	101	173	527	1	0	0	0	0	26	0	0	0	Straight	0.0	30987.2	31013.2	LINESTRING(489.090000 511.890000,481.550000 504.260000)
1	102	527	170	1	0	0	0	0	20	0	0	0	Straight	0.0	31013.2	31033.2	LINESTRING(481.550000 504.260000,475.680000 495.280000)
1	103	170	565	1	0	0	0	0	9	0	0	0	Straight	0.0	31033.2	31042.2	LINESTRING(475.680000 495.280000,476.240000 482.630000)
1	104	565	206	1	0	0	0	0	12	0	0	0	Right	7.158	31049.3	31061.3	LINESTRING(476.240000 482.630000,467.920000 477.340000)
1	105	206	219	1	0	0	0	0	19	0	0	0	Straight	0.0	31061.3	31080.3	LINESTRING(467.920000 477.340000,463.470000 470.170000)
1	106	219	218	1	0	0	0	0	28	0	0	0	Straight	0.0	31080.3	31108.3	LINESTRING(463.470000 470.170000,464.710000 461.600000)
1	107	218	1644	1	0	0	0	0	11	0	0	0	Left	14.316	31122.7	31133.7	LINESTRING(464.710000 461.600000,471.840000 456.560000)
1	108	1644	570	1	0	0	0	0	7	0	0	0	Straight	0.0	31133.7	31140.7	LINESTRING(471.840000 456.560000,475.000000 449.640000)
1	109	570	600	1	0	0	0	0	17	0	0	0	Straight	0.0	31140.7	31157.7	LINESTRING(475.000000 449.640000,475.120000 443.170000)
1	110	600	1634	1	0	0	0	0	17	0	0	0	Straight	0.0	31157.7	31174.7	LINESTRING(475.120000 443.170000,473.370000 437.720000)
1	111	1634	1747	1	0	0	0	0	17	0	0	0	Straight	0.0	31174.7	31191.7	LINESTRING(473.370000 437.720000,468.670000 435.010000)
1	112	1747	635	1	1	165	165	0	30	190	1	0	Left	14.316	31206.0	31396.0	LINESTRING(468.670000 435.010000,475.490000 428.350000)
1	113	635	638	1	0	0	0	0	11	0	0	0	Straight	0.0	31396.0	31407.0	LINESTRING(475.490000 428.350000,479.820000 418.660000)
1	114	638	2042	1	0	0	0	0	54	0	0	0	Straight	0.0	31407.0	31461.0	LINESTRING(479.820000 418.660000,486.010000 408.880000)
1	115	2042	2107	1	0	0	0	0	3	0	0	0	Straight	0.0	31461.0	31464.0	LINESTRING(486.010000 408.880000,491.180000 398.640000)
1	116	2107	288	1	0	0	0	0	24	0	0	0	Straight	0.0	31464.0	31488.0	LINESTRING(491.180000 398.640000,493.330000 387.690000)
1	117	288	712	1	0	0	0	0	27	0	0	0	Left	14.316	31502.3	31529.3	LINESTRING(493.330000 387.690000,509.000000 384.560000)
1	118	712	711	1	0	0	0	0	2	0	0	0	Straight	0.0	31529.3	31531.3	LINESTRING(509.000000 384.560000,524.130000 380.680000)
1	119	711	713	1	0	0	0	0	3	0	0	0	Straight	0.0	31531.3	31534.3	LINESTRING(524.130000 380.680000,538.490000 376.330000)
1	120	713	315	1	0	0	0	0	3	0	0	0	Straight	0.0	31534.3	31537.3	LINESTRING(538.490000 376.330000,551.920000 371.660000)
1	121	315	328	1	0	0	0	0	14	0	0	0	Straight	0.0	31537.3	31551.3	LINESTRING(551.920000 371.660000,563.020000 364.840000)
1	122	328	327	1	0	0	0	0	9	0	0	0	Straight	0.0	31551.3	31560.3	LINESTRING(563.020000 364.840000,572.820000 357.200000)
1	123	327	738	1	0	0	0	0	28	0	0	0	Straight	0.0	31560.3	31588.3	LINESTRING(572.820000 357.200000,581.260000 348.190000)
1	124	738	1749	1	0	0	0	0	2	0	0	0	Straight	0.0	31588.3	31590.3	LINESTRING(581.260000 348.190000,587.240000 339.240000)
1	125	1749	375	1	0	0	0	0	16	0	0	0	Straight	0.0	31590.3	31606.3	LINESTRING(587.240000 339.240000,588.540000 329.810000)
1	126	375	374	1	0	0	0	0	17	0	0	0	Straight	0.0	31606.3	31623.3	LINESTRING(588.540000 329.810000,584.020000 321.030000)
1	127	374	755	1	0	0	0	0	3	0	0	0	Straight	0.0	31623.3	31626.3	LINESTRING(584.020000 321.030000,575.800000 313.970000)
1	128	755	391	1	0	0	0	0	16	0	0	0	Straight	0.0	31626.3	31642.3	LINESTRING(575.800000 313.970000,565.120000 308.210000)
1	129	391	390	1	0	0	0	0	15	0	0	0	Straight	0.0	31642.3	31657.3	LINESTRING(565.120000 308.210000,553.130000 302.750000)
1	130	390	392	1	0	0	0	0	51	0	0	0	Straight	0.0	31657.3	31708.3	LINESTRING(553.130000 302.750000,533.030000 305.260000)
1	131	392	1778	1	0	0	0	0	7	0	0	0	Straight	0.0	31708.3	31715.3	LINESTRING(533.030000 305.260000,512.650000 307.610000)
1	132	1778	409	1	0	0	0	0	9	0	0	0	Straight	0.0	31715.3	31724.3	LINESTRING(512.650000 307.610000,492.080000 310.130000)
1	133	409	2094	1	0	0	0	0	9	0	0	0	Straight	0.0	31724.3	31733.3	LINESTRING(492.080000 310.130000,471.290000 313.390000)
1	134	2094	750	1	0	0	0	0	29	0	0	0	Straight	0.0	31733.3	31762.3	LINESTRING(471.290000 313.390000,450.470000 317.040000)
1	135	750	2026	1	0	0	0	0	53	0	0	0	Straight	0.0	31762.3	31815.3	LINESTRING(450.470000 317.040000,431.520000 322.970000)
1	136	2026	864	1	0	0	0	0	51	0	0	0	Straight	0.0	31815.3	31866.3	LINESTRING(431.520000 322.970000,413.100000 329.070000)
1	137	864	863	1	0	0	0	0	25	0	0	0	Straight	0.0	31866.3	31891.3	LINESTRING(413.100000 329.070000,395.020000 335.480000)
1	138	863	1745	1	0	0	0	0	3	0	0	0	Straight	0.0	31891.3	31894.3	LINESTRING(395.020000 335.480000,377.200000 341.690000)
1	139	1745	562	1	0	0	0	0	16	0	0	0	Straight	0.0	31894.3	31910.3	LINESTRING(377.200000 341.690000,359.330000 347.260000)
1	140	562	561	1	0	0	0	0	48	0	0	0	Straight	0.0	31910.3	31958.3	LINESTRING(359.330000 347.260000,341.600000 352.600000)
1	141	561	951	1	0	0	0	0	65	0	0	0	U	57.264	32015.6	32080.6	LINESTRING(341.600000 352.600000,362.600000 336.160000)
1	142	951	610	1	0	0	0	0	5	0	0	0	Straight	0.0	32080.6	32085.6	LINESTRING(362.600000 336.160000,383.270000 322.520000)
1	143	610	611	1	0	0	0	0	13	0	0	0	Straight	0.0	32085.6	32098.6	LINESTRING(383.270000 322.520000,386.970000 314.450000)
1	144	611	957	1	0	0	0	0	12	0	0	0	Straight	0.0	32098.6	32110.6	LINESTRING(386.970000 314.450000,393.420000 311.130000)
1	145	957	1528	1	0	0	0	0	9	0	0	0	Right	7.158	32117.7	32126.7	LINESTRING(393.420000 311.130000,385.690000 307.890000)
1	146	1528	1004	1	0	0	0	0	24	0	0	0	Straight	0.0	32126.7	32150.7	LINESTRING(385.690000 307.890000,378.590000 301.430000)
1	147	1004	2011	1	0	0	0	0	249	0	0	0	Straight	0.0	32150.7	32399.7	LINESTRING(378.590000 301.430000,372.780000 294.490000)
1	148	2011	923	1	0	0	0	0	100	0	0	0	Straight	0.0	32399.7	32499.7	LINESTRING(372.780000 294.490000,367.720000 288.770000)
1	149	923	922	1	0	0	0	0	20	0	0	0	Straight	0.0	32499.7	32519.7	LINESTRING(367.720000 288.770000,363.400000 284.320000)
1	150	922	2277	1	0	0	0	0	91	0	0	0	Straight	0.0	32519.7	32610.7	LINESTRING(363.400000 284.320000,360.380000 280.330000)
2	0	2277	2277	-1	-1	0	0	0	0	0	0	300		0.0	32610.7	32910.7	LINESTRING(360.380000 280.330000,360.380000 280.330000)
