Problem Type	Solution Method	Vehicle Capacity (Weight)	Vehicle Capacity(Volume)	Disposal Trips	Route Time	Route Time wo Turns	Computational Time(Sec)	Clustering Time(Sec)	VA(NHO)	VA(ATD)	VA(CCI)	VA(DMT)	VA(ROI)	VA(AOI)	Optimal
MCARPTIF-TP	GPM	10000	10000	2	34232.1	28583	54.471	1.674	0.208249	878.679	1.09091	28388.5	0.237613	0.294459	1
Load No	Sequence No	From Node ID	To Node ID	IsEdge	Required	Weight	Volume	Travel Miles	Travel Time	Service Time	Served	Dumped	Turn Type	Turn Cost	Depart Time	Arrival Time	Shape
0	0	1083	1084	1	0	0	0	0	544	0	0	300		0.0	300.0	844.0	LINESTRING(446.000000 251.770000,472.410000 259.170000)
0	1	1084	710	1	0	0	0	0	6	0	0	0	Straight	0.0	844.0	850.0	LINESTRING(472.410000 259.170000,492.080000 262.010000)
0	2	710	1790	1	0	0	0	0	15	0	0	0	Straight	0.0	850.0	865.0	LINESTRING(492.080000 262.010000,512.210000 263.690000)
0	3	1790	1536	1	0	0	0	0	2	0	0	0	Straight	0.0	865.0	867.0	LINESTRING(512.210000 263.690000,528.750000 266.950000)
0	4	1536	1537	0	0	0	0	0	20	0	0	0	Straight	0.0	867.0	887.0	LINESTRING(528.750000 266.950000,548.050000 280.180000)
0	5	1537	695	0	0	0	0	0	5	0	0	0	Straight	0.0	887.0	892.0	LINESTRING(548.050000 280.180000,574.530000 280.890000)
0	6	695	1047	0	0	0	0	0	69	0	0	0	Straight	0.0	892.0	961.0	LINESTRING(574.530000 280.890000,602.270000 269.260000)
0	7	1047	693	1	1	7	7	0	1	1	0	0	Left	11.389	972.389	973.389	LINESTRING(602.270000 269.260000,605.140000 281.850000)
0	8	693	1654	1	1	208	208	0	37	237	0	0	Right	5.695	979.084	1016.08	LINESTRING(605.140000 281.850000,638.500000 271.880000)
0	9	1654	609	1	0	0	0	0	14	0	0	0	Straight	0.0	1016.08	1030.08	LINESTRING(638.500000 271.880000,657.730000 262.070000)
0	10	609	608	1	0	0	0	0	16	0	0	0	Straight	0.0	1030.08	1046.08	LINESTRING(657.730000 262.070000,671.860000 256.830000)
0	11	608	2058	1	0	0	0	0	29	0	0	0	Straight	0.0	1046.08	1075.08	LINESTRING(671.860000 256.830000,684.770000 251.810000)
0	12	2058	586	1	1	164	164	0	29	189	1	0	Straight	0.0	1075.08	1264.08	LINESTRING(684.770000 251.810000,688.090000 246.860000)
0	13	586	585	1	1	77	77	0	14	84	1	0	Straight	0.0	1264.08	1348.08	LINESTRING(688.090000 246.860000,693.490000 242.050000)
0	14	585	1530	1	1	92	92	0	17	107	1	0	Straight	0.0	1348.08	1455.08	LINESTRING(693.490000 242.050000,697.680000 238.290000)
0	15	1530	585	1	1	92	92	0	17	107	0	0	U	45.557	1500.64	1517.64	LINESTRING(697.680000 238.290000,693.490000 242.050000)
0	16	585	586	1	1	77	77	0	14	84	0	0	Straight	0.0	1517.64	1531.64	LINESTRING(693.490000 242.050000,688.090000 246.860000)
0	17	586	610	1	1	72	72	0	13	83	1	0	Straight	0.0	1531.64	1614.64	LINESTRING(688.090000 246.860000,682.610000 248.340000)
0	18	610	1000	1	1	94	94	0	17	107	1	0	U	45.557	1660.2	1767.2	LINESTRING(682.610000 248.340000,685.520000 244.070000)
0	19	1000	610	1	1	94	94	0	17	107	0	0	U	45.557	1812.76	1829.76	LINESTRING(685.520000 244.070000,682.610000 248.340000)
0	20	610	611	1	1	93	93	0	17	107	1	0	Straight	0.0	1829.76	1936.76	LINESTRING(682.610000 248.340000,675.380000 252.100000)
0	21	611	1901	1	1	90	90	0	16	106	1	0	Straight	0.0	1936.76	2042.76	LINESTRING(675.380000 252.100000,669.130000 255.690000)
0	22	1901	651	1	1	38	38	0	7	37	1	0	U	45.557	2088.31	2125.31	LINESTRING(669.130000 255.690000,679.080000 250.160000)
0	23	651	990	1	1	461	461	0	83	543	1	0	Straight	0.0	2125.31	2668.31	LINESTRING(679.080000 250.160000,692.020000 245.130000)
0	24	990	585	1	1	40	40	0	7	47	0	0	Straight	0.0	2668.31	2675.31	LINESTRING(692.020000 245.130000,693.490000 242.050000)
0	25	585	990	1	1	40	40	0	7	47	1	0	U	45.557	2720.87	2767.87	LINESTRING(693.490000 242.050000,692.020000 245.130000)
0	26	990	1589	1	1	42	42	0	8	48	1	0	Right	5.695	2773.56	2821.56	LINESTRING(692.020000 245.130000,704.550000 240.770000)
0	27	1589	975	1	1	104	104	0	19	119	0	0	Straight	0.0	2821.56	2840.56	LINESTRING(704.550000 240.770000,718.600000 233.160000)
0	28	975	974	1	1	68	68	0	12	72	1	0	Left	11.389	2851.95	2923.95	LINESTRING(718.600000 233.160000,723.200000 236.440000)
0	29	974	2067	1	1	53	53	0	10	60	1	0	Right	5.695	2929.65	2989.65	LINESTRING(723.200000 236.440000,727.940000 233.570000)
0	30	2067	974	1	1	53	53	0	10	60	0	0	U	45.557	3035.2	3045.2	LINESTRING(727.940000 233.570000,723.200000 236.440000)
0	31	974	2013	1	1	87	87	0	16	96	1	0	Straight	0.0	3045.2	3141.2	LINESTRING(723.200000 236.440000,720.330000 242.830000)
0	32	2013	960	1	1	112	112	0	20	130	1	0	Right	5.695	3146.9	3276.9	LINESTRING(720.330000 242.830000,725.630000 242.020000)
0	33	960	2013	1	1	112	112	0	20	130	0	0	U	45.557	3322.46	3342.46	LINESTRING(725.630000 242.020000,720.330000 242.830000)
0	34	2013	536	1	1	71	71	0	13	83	1	0	Straight	0.0	3342.46	3425.46	LINESTRING(720.330000 242.830000,713.240000 249.080000)
0	35	536	1445	1	1	100	100	0	18	118	1	0	Right	5.695	3431.15	3549.15	LINESTRING(713.240000 249.080000,721.370000 250.720000)
0	36	1445	945	1	1	54	54	0	10	60	1	0	Straight	0.0	3549.15	3609.15	LINESTRING(721.370000 250.720000,730.090000 251.370000)
0	37	945	2012	1	1	45	45	0	8	48	1	0	Straight	0.0	3609.15	3657.15	LINESTRING(730.090000 251.370000,735.430000 249.780000)
0	38	2012	945	1	1	45	45	0	8	48	0	0	U	45.557	3702.71	3710.71	LINESTRING(735.430000 249.780000,730.090000 251.370000)
0	39	945	1445	1	1	54	54	0	10	60	0	0	Straight	0.0	3710.71	3720.71	LINESTRING(730.090000 251.370000,721.370000 250.720000)
0	40	1445	1444	1	1	70	70	0	13	83	1	0	Straight	0.0	3720.71	3803.71	LINESTRING(721.370000 250.720000,716.090000 251.060000)
0	41	1444	930	1	1	38	38	0	7	37	1	0	U	45.557	3849.27	3886.27	LINESTRING(716.090000 251.060000,738.890000 241.140000)
0	42	930	2153	1	1	354	354	0	64	414	0	0	Straight	0.0	3886.27	3950.27	LINESTRING(738.890000 241.140000,744.310000 240.570000)
0	43	2153	930	1	1	354	354	0	64	414	1	0	U	45.557	3995.82	4409.82	LINESTRING(744.310000 240.570000,738.890000 241.140000)
0	44	930	400	1	1	595	595	0	107	697	1	0	U	45.557	4455.38	5152.38	LINESTRING(738.890000 241.140000,760.710000 231.050000)
0	45	400	401	1	1	72	72	0	13	83	1	0	Straight	0.0	5152.38	5235.38	LINESTRING(760.710000 231.050000,781.250000 224.260000)
0	46	401	831	1	1	59	59	0	11	61	1	0	Straight	0.0	5235.38	5296.38	LINESTRING(781.250000 224.260000,793.970000 217.160000)
0	47	831	2069	1	1	83	83	0	15	95	1	0	Straight	0.0	5296.38	5391.38	LINESTRING(793.970000 217.160000,798.330000 214.820000)
0	48	2069	831	1	1	83	83	0	15	95	0	0	U	45.557	5436.94	5451.94	LINESTRING(798.330000 214.820000,793.970000 217.160000)
0	49	831	832	1	1	98	98	0	18	108	1	0	U	45.557	5497.49	5605.49	LINESTRING(793.970000 217.160000,806.060000 210.630000)
0	50	832	1524	1	1	176	176	0	32	202	0	0	Straight	0.0	5605.49	5637.49	LINESTRING(806.060000 210.630000,814.710000 201.370000)
0	51	1524	1525	1	1	71	71	0	13	83	1	0	Left	11.389	5648.88	5731.88	LINESTRING(814.710000 201.370000,818.890000 202.260000)
0	52	1525	1524	1	1	71	71	0	13	83	0	0	U	45.557	5777.44	5790.44	LINESTRING(818.890000 202.260000,814.710000 201.370000)
0	53	1524	329	1	1	237	237	0	43	273	1	0	Left	11.389	5801.83	6074.83	LINESTRING(814.710000 201.370000,817.130000 192.790000)
0	54	329	330	1	1	49	49	0	9	49	0	0	Straight	0.0	6074.83	6083.83	LINESTRING(817.130000 192.790000,819.780000 184.800000)
0	55	330	789	1	1	53	53	0	10	60	1	0	Straight	0.0	6083.83	6143.83	LINESTRING(819.780000 184.800000,819.380000 179.650000)
0	56	789	330	1	1	53	53	0	10	60	0	0	U	45.557	6189.39	6199.39	LINESTRING(819.380000 179.650000,819.780000 184.800000)
0	57	330	2142	1	1	98	98	0	18	108	0	0	U	45.557	6244.94	6262.94	LINESTRING(819.780000 184.800000,823.550000 180.350000)
0	58	2142	330	1	1	98	98	0	18	108	1	0	U	45.557	6308.5	6416.5	LINESTRING(823.550000 180.350000,819.780000 184.800000)
0	59	330	329	1	1	49	49	0	9	49	1	0	Straight	0.0	6416.5	6465.5	LINESTRING(819.780000 184.800000,817.130000 192.790000)
0	60	329	316	1	1	75	75	0	13	83	1	0	Right	5.695	6471.19	6554.19	LINESTRING(817.130000 192.790000,822.090000 191.940000)
0	61	316	315	1	1	87	87	0	16	96	0	0	Right	5.695	6559.89	6575.89	LINESTRING(822.090000 191.940000,824.430000 188.240000)
0	62	315	316	1	1	87	87	0	16	96	1	0	U	45.557	6621.45	6717.45	LINESTRING(824.430000 188.240000,822.090000 191.940000)
0	63	316	756	1	1	84	84	0	15	95	1	0	Straight	0.0	6717.45	6812.45	LINESTRING(822.090000 191.940000,822.380000 196.820000)
0	64	756	293	1	1	83	83	0	15	95	1	0	Right	5.695	6818.14	6913.14	LINESTRING(822.380000 196.820000,829.680000 192.870000)
0	65	293	737	1	1	97	97	0	18	108	1	0	Straight	0.0	6913.14	7021.14	LINESTRING(829.680000 192.870000,836.390000 190.100000)
0	66	737	2147	1	1	47	47	0	8	48	0	0	Straight	0.0	7021.14	7029.14	LINESTRING(836.390000 190.100000,842.190000 188.470000)
0	67	2147	737	1	1	47	47	0	8	48	1	0	U	45.557	7074.7	7122.7	LINESTRING(842.190000 188.470000,836.390000 190.100000)
0	68	737	2064	1	1	37	37	0	7	37	0	0	U	45.557	7168.26	7175.26	LINESTRING(836.390000 190.100000,839.100000 185.870000)
0	69	2064	737	1	1	37	37	0	7	37	1	0	U	45.557	7220.81	7257.81	LINESTRING(839.100000 185.870000,836.390000 190.100000)
0	70	737	293	1	1	97	97	0	18	108	0	0	Straight	0.0	7257.81	7275.81	LINESTRING(836.390000 190.100000,829.680000 192.870000)
0	71	293	756	1	1	83	83	0	15	95	0	0	Straight	0.0	7275.81	7290.81	LINESTRING(829.680000 192.870000,822.380000 196.820000)
0	72	756	757	1	1	36	36	0	6	36	1	0	Right	5.695	7296.51	7332.51	LINESTRING(822.380000 196.820000,826.870000 198.360000)
0	73	757	756	1	1	36	36	0	6	36	0	0	U	45.557	7378.06	7384.06	LINESTRING(826.870000 198.360000,822.380000 196.820000)
0	74	756	293	1	1	83	83	0	15	95	0	0	Left	11.389	7395.45	7410.45	LINESTRING(822.380000 196.820000,829.680000 192.870000)
0	75	293	294	1	1	35	35	0	6	36	1	0	Straight	0.0	7410.45	7446.45	LINESTRING(829.680000 192.870000,832.930000 189.060000)
0	76	294	293	1	1	35	35	0	6	36	0	0	U	45.557	7492.01	7498.01	LINESTRING(832.930000 189.060000,829.680000 192.870000)
0	77	293	756	1	1	83	83	0	15	95	0	0	Straight	0.0	7498.01	7513.01	LINESTRING(829.680000 192.870000,822.380000 196.820000)
0	78	756	1524	1	1	268	268	0	48	308	1	0	Straight	0.0	7513.01	7821.01	LINESTRING(822.380000 196.820000,814.710000 201.370000)
0	79	1524	832	1	1	176	176	0	32	202	1	0	Straight	0.0	7821.01	8023.01	LINESTRING(814.710000 201.370000,806.060000 210.630000)
0	80	832	404	1	1	339	339	0	61	391	1	0	Right	5.695	8028.71	8419.71	LINESTRING(806.060000 210.630000,810.780000 216.040000)
0	81	404	884	1	1	47	47	0	8	48	1	0	Right	5.695	8425.4	8473.4	LINESTRING(810.780000 216.040000,826.230000 213.260000)
0	82	884	2050	1	1	36	36	0	7	37	1	0	Straight	0.0	8473.4	8510.4	LINESTRING(826.230000 213.260000,831.130000 214.040000)
0	83	2050	884	1	1	36	36	0	7	37	0	0	U	45.557	8555.96	8562.96	LINESTRING(831.130000 214.040000,826.230000 213.260000)
0	84	884	422	1	1	59	59	0	11	61	1	0	U	45.557	8608.51	8669.51	LINESTRING(826.230000 213.260000,840.630000 209.710000)
0	85	422	423	1	1	35	35	0	6	36	1	0	Straight	0.0	8669.51	8705.51	LINESTRING(840.630000 209.710000,853.310000 205.830000)
0	86	423	426	1	1	39	39	0	7	37	1	0	Straight	0.0	8705.51	8742.51	LINESTRING(853.310000 205.830000,863.160000 206.230000)
0	87	426	427	1	1	50	50	0	9	59	0	0	Straight	0.0	8742.51	8751.51	LINESTRING(863.160000 206.230000,867.970000 203.580000)
0	88	427	426	1	1	50	50	0	9	59	1	0	U	45.557	8797.07	8856.07	LINESTRING(867.970000 203.580000,863.160000 206.230000)
0	89	426	2179	1	1	30	30	0	5	35	0	0	Right	5.695	8861.77	8866.77	LINESTRING(863.160000 206.230000,867.190000 209.000000)
0	90	2179	426	1	1	30	30	0	5	35	1	0	U	45.557	8912.32	8947.32	LINESTRING(867.190000 209.000000,863.160000 206.230000)
0	91	426	909	1	1	54	54	0	10	60	1	0	U	45.557	8992.88	9052.88	LINESTRING(863.160000 206.230000,869.500000 206.600000)
0	92	909	426	1	1	54	54	0	10	60	0	0	U	45.557	9098.44	9108.44	LINESTRING(869.500000 206.600000,863.160000 206.230000)
0	93	426	423	1	1	39	39	0	7	37	0	0	Straight	0.0	9108.44	9115.44	LINESTRING(863.160000 206.230000,853.310000 205.830000)
0	94	423	420	1	1	30	30	0	5	35	1	0	U	45.557	9160.99	9195.99	LINESTRING(853.310000 205.830000,860.080000 199.840000)
0	95	420	421	1	1	8	8	0	1	1	1	0	Straight	0.0	9195.99	9196.99	LINESTRING(860.080000 199.840000,863.040000 195.850000)
0	96	421	420	1	1	8	8	0	1	1	0	0	U	45.557	9242.55	9243.55	LINESTRING(863.040000 195.850000,860.080000 199.840000)
0	97	420	1951	1	1	28	28	0	5	25	1	0	U	45.557	9289.11	9314.11	LINESTRING(860.080000 199.840000,867.180000 196.390000)
0	98	1951	1952	1	1	7	7	0	1	1	1	0	Straight	0.0	9314.11	9315.11	LINESTRING(867.180000 196.390000,872.320000 194.020000)
0	99	1952	1951	1	1	7	7	0	1	1	0	0	U	45.557	9360.67	9361.67	LINESTRING(872.320000 194.020000,867.180000 196.390000)
0	100	1951	420	1	1	28	28	0	5	25	0	0	Straight	0.0	9361.67	9366.67	LINESTRING(867.180000 196.390000,860.080000 199.840000)
0	101	420	423	1	1	30	30	0	5	35	0	0	Straight	0.0	9366.67	9371.67	LINESTRING(860.080000 199.840000,853.310000 205.830000)
0	102	423	422	1	1	35	35	0	6	36	0	0	Straight	0.0	9371.67	9377.67	LINESTRING(853.310000 205.830000,840.630000 209.710000)
0	103	422	892	1	1	50	50	0	9	59	1	0	U	45.557	9423.22	9482.22	LINESTRING(840.630000 209.710000,845.450000 209.890000)
0	104	892	422	1	1	50	50	0	9	59	0	0	U	45.557	9527.78	9536.78	LINESTRING(845.450000 209.890000,840.630000 209.710000)
0	105	422	884	1	1	59	59	0	11	61	0	0	Straight	0.0	9536.78	9547.78	LINESTRING(840.630000 209.710000,826.230000 213.260000)
0	106	884	404	1	1	47	47	0	8	48	0	0	Straight	0.0	9547.78	9555.78	LINESTRING(826.230000 213.260000,810.780000 216.040000)
0	107	404	405	1	1	43	43	0	8	48	1	0	Straight	0.0	9555.78	9603.78	LINESTRING(810.780000 216.040000,796.410000 221.080000)
0	108	405	1785	1	1	43	43	0	8	48	1	0	U	45.557	9649.34	9697.34	LINESTRING(796.410000 221.080000,801.480000 222.340000)
0	109	1785	405	1	1	43	43	0	8	48	0	0	U	45.557	9742.89	9750.89	LINESTRING(801.480000 222.340000,796.410000 221.080000)
0	110	405	401	1	1	166	166	0	30	190	1	0	Straight	0.0	9750.89	9940.89	LINESTRING(796.410000 221.080000,781.250000 224.260000)
0	111	401	400	1	1	72	72	0	13	83	0	0	Straight	0.0	9940.89	9953.89	LINESTRING(781.250000 224.260000,760.710000 231.050000)
0	112	400	2150	1	1	57	57	0	10	60	0	0	U	45.557	9999.45	10009.5	LINESTRING(760.710000 231.050000,765.650000 231.680000)
0	113	2150	400	1	1	57	57	0	10	60	1	0	U	45.557	10055.0	10115.0	LINESTRING(765.650000 231.680000,760.710000 231.050000)
0	114	400	860	1	1	131	131	0	24	154	1	0	Left	11.389	10126.4	10280.4	LINESTRING(760.710000 231.050000,766.140000 221.400000)
0	115	860	417	1	1	25	25	0	5	25	1	0	Left	11.389	10291.8	10316.8	LINESTRING(766.140000 221.400000,773.460000 219.700000)
0	116	417	416	0	1	24	24	0	4	24	1	0	Straight	0.0	10316.8	10340.8	LINESTRING(773.460000 219.700000,779.370000 217.990000)
0	117	416	1923	1	1	43	43	0	8	48	1	0	Straight	0.0	10340.8	10388.8	LINESTRING(779.370000 217.990000,784.230000 216.460000)
0	118	1923	416	1	1	43	43	0	8	48	0	0	U	45.557	10434.3	10442.3	LINESTRING(784.230000 216.460000,779.370000 217.990000)
0	119	416	417	0	1	33	33	0	6	36	1	0	Straight	0.0	10442.3	10478.3	LINESTRING(779.370000 217.990000,773.460000 219.700000)
0	120	417	860	1	1	25	25	0	5	25	0	0	Straight	0.0	10478.3	10483.3	LINESTRING(773.460000 219.700000,766.140000 221.400000)
0	121	860	1716	1	1	94	94	0	17	107	1	0	Left	11.389	10494.7	10601.7	LINESTRING(766.140000 221.400000,766.340000 211.640000)
0	122	1716	1576	1	1	92	92	0	17	107	1	0	Right	5.695	10607.4	10714.4	LINESTRING(766.340000 211.640000,758.890000 208.540000)
0	123	1576	529	1	1	89	89	0	16	96	0	0	Right	5.695	10720.1	10736.1	LINESTRING(758.890000 208.540000,748.060000 214.480000)
0	124	529	528	1	1	309	309	0	56	356	0	0	Straight	0.0	10736.1	10792.1	LINESTRING(748.060000 214.480000,741.070000 220.100000)
0	125	528	1682	1	1	145	145	0	26	166	0	0	U	45.557	10837.7	10863.7	LINESTRING(741.070000 220.100000,745.800000 219.360000)
0	126	1682	528	1	1	145	145	0	26	166	1	0	U	45.557	10909.2	11075.2	LINESTRING(745.800000 219.360000,741.070000 220.100000)
0	127	528	965	1	1	156	156	0	28	178	0	0	Straight	0.0	11075.2	11103.2	LINESTRING(741.070000 220.100000,731.260000 224.830000)
0	128	965	528	1	1	156	156	0	28	178	1	0	U	45.557	11148.8	11326.8	LINESTRING(731.260000 224.830000,741.070000 220.100000)
0	129	528	529	1	1	309	309	0	56	356	1	0	Straight	0.0	11326.8	11682.8	LINESTRING(741.070000 220.100000,748.060000 214.480000)
0	130	529	1576	1	1	89	89	0	16	96	1	0	Straight	0.0	11682.8	11778.8	LINESTRING(748.060000 214.480000,758.890000 208.540000)
0	131	1576	1505	1	1	455	455	0	82	532	1	0	Straight	0.0	11778.8	12310.8	LINESTRING(758.890000 208.540000,765.580000 200.210000)
0	132	1505	1767	1	1	16	16	0	3	13	1	0	Straight	0.0	12310.8	12323.8	LINESTRING(765.580000 200.210000,766.810000 192.810000)
0	133	1767	915	0	1	27	27	0	5	25	1	0	Straight	0.0	12323.8	12348.8	LINESTRING(766.810000 192.810000,768.530000 186.540000)
0	134	915	914	1	1	35	35	0	6	36	0	0	Straight	0.0	12348.8	12354.8	LINESTRING(768.530000 186.540000,769.780000 181.750000)
0	135	914	915	1	1	35	35	0	6	36	1	0	U	45.557	12400.4	12436.4	LINESTRING(769.780000 181.750000,768.530000 186.540000)
0	136	915	1767	0	1	31	31	0	6	36	1	0	Straight	0.0	12436.4	12472.4	LINESTRING(768.530000 186.540000,766.810000 192.810000)
0	137	1767	1505	1	1	16	16	0	3	13	0	0	Straight	0.0	12472.4	12475.4	LINESTRING(766.810000 192.810000,765.580000 200.210000)
0	138	1505	1506	1	1	107	107	0	19	119	1	0	Right	5.695	12481.0	12600.0	LINESTRING(765.580000 200.210000,772.660000 197.700000)
0	139	1506	907	1	1	15	15	0	3	13	1	0	Straight	0.0	12600.0	12613.0	LINESTRING(772.660000 197.700000,778.930000 191.680000)
0	140	907	908	0	1	19	19	0	3	13	1	0	Straight	0.0	12613.0	12626.0	LINESTRING(778.930000 191.680000,784.080000 186.600000)
0	141	908	1805	1	1	25	25	0	4	24	1	0	Straight	0.0	12626.0	12650.0	LINESTRING(784.080000 186.600000,787.890000 182.830000)
0	142	1805	908	1	1	25	25	0	4	24	0	0	U	45.557	12695.6	12699.6	LINESTRING(787.890000 182.830000,784.080000 186.600000)
0	143	908	907	0	1	41	41	0	7	47	1	0	Straight	0.0	12699.6	12746.6	LINESTRING(784.080000 186.600000,778.930000 191.680000)
0	144	907	1506	1	1	15	15	0	3	13	0	0	Straight	0.0	12746.6	12749.6	LINESTRING(778.930000 191.680000,772.660000 197.700000)
0	145	1506	1715	1	1	100	100	0	18	118	1	0	Straight	0.0	12749.6	12867.6	LINESTRING(772.660000 197.700000,771.660000 204.540000)
0	146	1715	1987	1	1	25	25	0	5	25	1	0	Right	5.695	12873.3	12898.3	LINESTRING(771.660000 204.540000,776.770000 202.740000)
0	147	1987	1715	1	1	25	25	0	5	25	0	0	U	45.557	12943.9	12948.9	LINESTRING(776.770000 202.740000,771.660000 204.540000)
0	148	1715	1716	1	1	92	92	0	16	106	1	0	Straight	0.0	12948.9	13054.9	LINESTRING(771.660000 204.540000,766.340000 211.640000)
0	149	1716	1576	1	1	92	92	0	17	107	0	0	Left	11.389	13066.2	13083.2	LINESTRING(766.340000 211.640000,758.890000 208.540000)
0	150	1576	529	1	1	89	89	0	16	96	0	0	Right	5.695	13088.9	13104.9	LINESTRING(758.890000 208.540000,748.060000 214.480000)
0	151	529	504	1	1	120	120	0	22	142	1	0	Straight	0.0	13104.9	13246.9	LINESTRING(748.060000 214.480000,738.840000 218.320000)
0	152	504	505	1	1	132	132	0	24	154	0	0	U	45.557	13292.5	13316.5	LINESTRING(738.840000 218.320000,741.380000 213.650000)
0	153	505	504	1	1	132	132	0	24	154	1	0	U	45.557	13362.1	13516.1	LINESTRING(741.380000 213.650000,738.840000 218.320000)
0	154	504	965	1	1	341	341	0	61	401	1	0	Straight	0.0	13516.1	13917.1	LINESTRING(738.840000 218.320000,731.260000 224.830000)
0	155	965	975	1	1	150	150	0	27	177	1	0	Straight	0.0	13917.1	14094.1	LINESTRING(731.260000 224.830000,718.600000 233.160000)
0	156	975	1589	1	1	104	104	0	19	119	1	0	Straight	0.0	14094.1	14213.1	LINESTRING(718.600000 233.160000,704.550000 240.770000)
0	157	1589	972	1	1	195	195	0	35	225	1	0	Straight	0.0	14213.1	14438.1	LINESTRING(704.550000 240.770000,696.410000 248.170000)
0	158	972	537	1	1	54	54	0	10	60	1	0	Right	5.695	14443.7	14503.7	LINESTRING(696.410000 248.170000,701.830000 253.160000)
0	159	537	536	1	1	136	136	0	24	154	1	0	Right	5.695	14509.4	14663.4	LINESTRING(701.830000 253.160000,713.240000 249.080000)
0	160	536	1445	1	1	100	100	0	18	118	0	0	Straight	0.0	14663.4	14681.4	LINESTRING(713.240000 249.080000,721.370000 250.720000)
0	161	1445	945	1	1	54	54	0	10	60	0	0	Straight	0.0	14681.4	14691.4	LINESTRING(721.370000 250.720000,730.090000 251.370000)
0	162	945	946	1	1	123	123	0	22	142	0	0	Straight	0.0	14691.4	14713.4	LINESTRING(730.090000 251.370000,735.350000 253.430000)
0	163	946	945	1	1	123	123	0	22	142	1	0	U	45.557	14759.0	14901.0	LINESTRING(735.350000 253.430000,730.090000 251.370000)
0	164	945	1445	1	1	54	54	0	10	60	0	0	Straight	0.0	14901.0	14911.0	LINESTRING(730.090000 251.370000,721.370000 250.720000)
0	165	1445	1444	1	1	70	70	0	13	83	0	0	Straight	0.0	14911.0	14924.0	LINESTRING(721.370000 250.720000,716.090000 251.060000)
0	166	1444	1792	1	1	249	249	0	45	285	1	0	Straight	0.0	14924.0	15209.0	LINESTRING(716.090000 251.060000,691.950000 260.610000)
0	167	1792	1652	1	1	94	94	0	17	107	1	0	Right	5.695	15214.7	15321.7	LINESTRING(691.950000 260.610000,686.920000 273.050000)
0	168	1652	1792	1	1	94	94	0	17	107	0	0	U	45.557	15367.3	15384.3	LINESTRING(686.920000 273.050000,691.950000 260.610000)
0	169	1792	537	1	1	81	81	0	15	95	1	0	Straight	0.0	15384.3	15479.3	LINESTRING(691.950000 260.610000,701.830000 253.160000)
0	170	537	972	1	1	54	54	0	10	60	0	0	Right	5.695	15484.9	15494.9	LINESTRING(701.830000 253.160000,696.410000 248.170000)
0	171	972	2058	1	1	165	165	0	30	190	1	0	Right	5.695	15500.6	15690.6	LINESTRING(696.410000 248.170000,684.770000 251.810000)
0	172	2058	608	1	0	0	0	0	29	0	0	0	Straight	0.0	15690.6	15719.6	LINESTRING(684.770000 251.810000,671.860000 256.830000)
0	173	608	609	1	0	0	0	0	16	0	0	0	Straight	0.0	15719.6	15735.6	LINESTRING(671.860000 256.830000,657.730000 262.070000)
0	174	609	1654	1	0	0	0	0	14	0	0	0	Straight	0.0	15735.6	15749.6	LINESTRING(657.730000 262.070000,638.500000 271.880000)
0	175	1654	693	1	1	208	208	0	37	237	0	0	Straight	0.0	15749.6	15786.6	LINESTRING(638.500000 271.880000,605.140000 281.850000)
0	176	693	694	0	1	384	384	0	69	449	0	0	Straight	0.0	15786.6	15855.6	LINESTRING(605.140000 281.850000,568.380000 300.600000)
0	177	694	1089	0	0	0	0	0	5	0	0	0	Straight	0.0	15855.6	15860.6	LINESTRING(568.380000 300.600000,537.710000 299.310000)
0	178	1089	1096	0	0	0	0	0	9	0	0	0	Straight	0.0	15860.6	15869.6	LINESTRING(537.710000 299.310000,521.480000 285.320000)
0	179	1096	1097	0	0	0	0	0	6	0	0	0	Straight	0.0	15869.6	15875.6	LINESTRING(521.480000 285.320000,506.660000 275.680000)
0	180	1097	711	1	0	0	0	0	9	0	0	0	Straight	0.0	15875.6	15884.6	LINESTRING(506.660000 275.680000,489.800000 266.860000)
0	181	711	1084	0	1	39	39	0	7	37	0	0	Straight	0.0	15884.6	15891.6	LINESTRING(489.800000 266.860000,472.410000 259.170000)
0	182	1084	1083	1	0	0	0	0	544	0	0	0	Straight	0.0	15891.6	16435.6	LINESTRING(472.410000 259.170000,446.000000 251.770000)
1	0	1083	1084	1	0	0	0	0	544	0	0	300		0.0	16735.6	17279.6	LINESTRING(446.000000 251.770000,472.410000 259.170000)
1	1	1084	710	1	0	0	0	0	6	0	0	0	Straight	0.0	17279.6	17285.6	LINESTRING(472.410000 259.170000,492.080000 262.010000)
1	2	710	1790	1	0	0	0	0	15	0	0	0	Straight	0.0	17285.6	17300.6	LINESTRING(492.080000 262.010000,512.210000 263.690000)
1	3	1790	1536	1	0	0	0	0	2	0	0	0	Straight	0.0	17300.6	17302.6	LINESTRING(512.210000 263.690000,528.750000 266.950000)
1	4	1536	1537	0	0	0	0	0	20	0	0	0	Straight	0.0	17302.6	17322.6	LINESTRING(528.750000 266.950000,548.050000 280.180000)
1	5	1537	695	0	0	0	0	0	5	0	0	0	Straight	0.0	17322.6	17327.6	LINESTRING(548.050000 280.180000,574.530000 280.890000)
1	6	695	1047	0	0	0	0	0	69	0	0	0	Straight	0.0	17327.6	17396.6	LINESTRING(574.530000 280.890000,602.270000 269.260000)
1	7	1047	654	1	0	0	0	0	11	0	0	0	Straight	0.0	17396.6	17407.6	LINESTRING(602.270000 269.260000,617.270000 248.920000)
1	8	654	655	1	1	48	48	0	9	49	1	0	Left	11.389	17419.0	17468.0	LINESTRING(617.270000 248.920000,621.210000 249.730000)
1	9	655	2086	1	1	78	78	0	14	84	1	0	Right	5.695	17473.7	17557.7	LINESTRING(621.210000 249.730000,623.110000 246.350000)
1	10	2086	655	1	1	78	78	0	14	84	0	0	U	45.557	17603.3	17617.3	LINESTRING(623.110000 246.350000,621.210000 249.730000)
1	11	655	1745	1	1	33	33	0	6	36	1	0	Right	5.695	17623.0	17659.0	LINESTRING(621.210000 249.730000,624.060000 252.600000)
1	12	1745	655	1	1	33	33	0	6	36	0	0	U	45.557	17704.5	17710.5	LINESTRING(624.060000 252.600000,621.210000 249.730000)
1	13	655	654	1	1	48	48	0	9	49	0	0	Straight	0.0	17710.5	17719.5	LINESTRING(621.210000 249.730000,617.270000 248.920000)
1	14	654	1047	1	0	0	0	0	11	0	0	0	Right	5.695	17725.2	17736.2	LINESTRING(617.270000 248.920000,602.270000 269.260000)
1	15	1047	693	1	1	7	7	0	1	1	1	0	Right	5.695	17741.9	17742.9	LINESTRING(602.270000 269.260000,605.140000 281.850000)
1	16	693	1654	1	1	208	208	0	37	237	1	0	Right	5.695	17748.6	17985.6	LINESTRING(605.140000 281.850000,638.500000 271.880000)
1	17	1654	1653	1	1	115	115	0	21	131	1	0	Straight	0.0	17985.6	18116.6	LINESTRING(638.500000 271.880000,665.810000 266.920000)
1	18	1653	1792	1	1	358	358	0	64	414	1	0	Straight	0.0	18116.6	18530.6	LINESTRING(665.810000 266.920000,691.950000 260.610000)
1	19	1792	1652	1	1	94	94	0	17	107	0	0	Left	11.389	18542.0	18559.0	LINESTRING(691.950000 260.610000,686.920000 273.050000)
1	20	1652	966	1	0	0	0	0	16	0	0	0	Left	11.389	18570.4	18586.4	LINESTRING(686.920000 273.050000,680.630000 272.550000)
1	21	966	1743	1	0	0	0	0	17	0	0	0	Straight	0.0	18586.4	18603.4	LINESTRING(680.630000 272.550000,673.300000 270.420000)
1	22	1743	1744	1	1	27	27	0	5	25	0	0	Right	5.695	18609.1	18614.1	LINESTRING(673.300000 270.420000,674.740000 273.790000)
1	23	1744	1743	1	1	27	27	0	5	25	1	0	U	45.557	18659.6	18684.6	LINESTRING(674.740000 273.790000,673.300000 270.420000)
1	24	1743	966	1	0	0	0	0	17	0	0	0	Left	11.389	18696.0	18713.0	LINESTRING(673.300000 270.420000,680.630000 272.550000)
1	25	966	1652	1	0	0	0	0	16	0	0	0	Straight	0.0	18713.0	18729.0	LINESTRING(680.630000 272.550000,686.920000 273.050000)
1	26	1652	2027	1	0	0	0	0	15	0	0	0	Left	11.389	18740.4	18755.4	LINESTRING(686.920000 273.050000,683.150000 285.810000)
1	27	2027	1482	1	0	0	0	0	39	0	0	0	Straight	0.0	18755.4	18794.4	LINESTRING(683.150000 285.810000,680.230000 293.170000)
1	28	1482	1679	1	0	0	0	0	15	0	0	0	Straight	0.0	18794.4	18809.4	LINESTRING(680.230000 293.170000,682.150000 300.910000)
1	29	1679	1480	1	1	160	160	0	29	189	1	0	Straight	0.0	18809.4	18998.4	LINESTRING(682.150000 300.910000,684.980000 308.440000)
1	30	1480	948	1	0	0	0	0	13	0	0	0	Right	5.695	19004.1	19017.1	LINESTRING(684.980000 308.440000,688.930000 309.060000)
1	31	948	1638	1	1	506	506	0	91	591	1	0	Left	11.389	19028.5	19619.5	LINESTRING(688.930000 309.060000,693.260000 315.390000)
1	32	1638	431	1	0	0	0	0	26	0	0	0	Straight	0.0	19619.5	19645.5	LINESTRING(693.260000 315.390000,698.450000 320.490000)
1	33	431	480	1	0	0	0	0	34	0	0	0	Straight	0.0	19645.5	19679.5	LINESTRING(698.450000 320.490000,707.330000 320.810000)
1	34	480	861	1	0	0	0	0	11	0	0	0	Straight	0.0	19679.5	19690.5	LINESTRING(707.330000 320.810000,722.500000 331.320000)
1	35	861	1677	1	0	0	0	0	61	0	0	0	Straight	0.0	19690.5	19751.5	LINESTRING(722.500000 331.320000,735.670000 342.360000)
1	36	1677	1479	1	0	0	0	0	23	0	0	0	Straight	0.0	19751.5	19774.5	LINESTRING(735.670000 342.360000,751.340000 346.950000)
1	37	1479	1377	1	0	0	0	0	5	0	0	0	Straight	0.0	19774.5	19779.5	LINESTRING(751.340000 346.950000,767.310000 348.420000)
1	38	1377	1378	1	1	44	44	0	8	48	1	0	Left	11.389	19790.9	19838.9	LINESTRING(767.310000 348.420000,769.960000 354.430000)
1	39	1378	1649	1	1	81	81	0	15	95	0	0	Right	5.695	19844.6	19859.6	LINESTRING(769.960000 354.430000,779.580000 357.850000)
1	40	1649	332	1	1	103	103	0	19	119	0	0	Straight	0.0	19859.6	19878.6	LINESTRING(779.580000 357.850000,788.540000 361.180000)
1	41	332	331	1	1	66	66	0	12	72	1	0	Straight	0.0	19878.6	19950.6	LINESTRING(788.540000 361.180000,796.770000 364.190000)
1	42	331	332	1	1	66	66	0	12	72	0	0	U	45.557	19996.2	20008.2	LINESTRING(796.770000 364.190000,788.540000 361.180000)
1	43	332	1649	1	1	103	103	0	19	119	1	0	Straight	0.0	20008.2	20127.2	LINESTRING(788.540000 361.180000,779.580000 357.850000)
1	44	1649	1378	1	1	81	81	0	15	95	1	0	Straight	0.0	20127.2	20222.2	LINESTRING(779.580000 357.850000,769.960000 354.430000)
1	45	1378	1463	1	1	7	7	0	1	1	1	0	Straight	0.0	20222.2	20223.2	LINESTRING(769.960000 354.430000,760.030000 354.630000)
1	46	1463	2173	1	1	167	167	0	30	190	1	0	U	45.557	20268.7	20458.7	LINESTRING(760.030000 354.630000,763.630000 356.680000)
1	47	2173	1463	1	1	167	167	0	30	190	0	0	U	45.557	20504.3	20534.3	LINESTRING(763.630000 356.680000,760.030000 354.630000)
1	48	1463	1900	1	1	40	40	0	7	47	1	0	Straight	0.0	20534.3	20581.3	LINESTRING(760.030000 354.630000,748.780000 353.750000)
1	49	1900	1783	1	1	109	109	0	20	120	1	0	Straight	0.0	20581.3	20701.3	LINESTRING(748.780000 353.750000,736.360000 356.160000)
1	50	1783	1784	1	1	81	81	0	15	95	1	0	Straight	0.0	20701.3	20796.3	LINESTRING(736.360000 356.160000,724.370000 359.770000)
1	51	1784	230	1	1	769	769	0	138	898	1	0	Straight	0.0	20796.3	21694.3	LINESTRING(724.370000 359.770000,709.790000 366.890000)
1	52	230	221	1	1	11	11	0	2	12	1	0	Straight	0.0	21694.3	21706.3	LINESTRING(709.790000 366.890000,691.860000 368.820000)
1	53	221	220	1	1	201	201	0	36	236	1	0	Straight	0.0	21706.3	21942.3	LINESTRING(691.860000 368.820000,666.230000 365.440000)
1	54	220	1455	1	1	6	6	0	1	1	1	0	Straight	0.0	21942.3	21943.3	LINESTRING(666.230000 365.440000,650.150000 354.070000)
1	55	1455	1371	1	1	69	69	0	12	72	1	0	Right	5.695	21949.0	22021.0	LINESTRING(650.150000 354.070000,642.460000 358.980000)
1	56	1371	2023	1	0	0	0	0	12	0	0	0	Right	5.695	22026.7	22038.7	LINESTRING(642.460000 358.980000,648.280000 372.220000)
1	57	2023	220	0	1	112	112	0	20	130	1	0	Right	5.695	22044.4	22174.4	LINESTRING(648.280000 372.220000,666.230000 365.440000)
1	58	220	221	1	1	201	201	0	36	236	0	0	Straight	0.0	22174.4	22210.4	LINESTRING(666.230000 365.440000,691.860000 368.820000)
1	59	221	225	0	1	73	73	0	13	83	1	0	Straight	0.0	22210.4	22293.4	LINESTRING(691.860000 368.820000,709.780000 374.890000)
1	60	225	226	1	1	17	17	0	3	13	1	0	Straight	0.0	22293.4	22306.4	LINESTRING(709.780000 374.890000,711.880000 378.980000)
1	61	226	225	1	1	17	17	0	3	13	0	0	U	45.557	22351.9	22354.9	LINESTRING(711.880000 378.980000,709.780000 374.890000)
1	62	225	663	0	1	124	124	0	22	142	1	0	U	45.557	22400.5	22542.5	LINESTRING(709.780000 374.890000,726.420000 380.250000)
1	63	663	233	1	1	124	124	0	22	142	1	0	Straight	0.0	22542.5	22684.5	LINESTRING(726.420000 380.250000,745.050000 387.470000)
1	64	233	234	1	0	0	0	0	26	0	0	0	Straight	0.0	22684.5	22710.5	LINESTRING(745.050000 387.470000,756.880000 391.100000)
1	65	234	242	1	0	0	0	0	15	0	0	0	Straight	0.0	22710.5	22725.5	LINESTRING(756.880000 391.100000,769.360000 388.730000)
1	66	242	243	1	1	31	31	0	5	35	1	0	Straight	0.0	22725.5	22760.5	LINESTRING(769.360000 388.730000,774.900000 389.450000)
1	67	243	673	1	1	72	72	0	13	83	1	0	U	45.557	22806.0	22889.0	LINESTRING(774.900000 389.450000,769.390000 393.470000)
1	68	673	1886	1	1	70	70	0	13	83	1	0	Right	5.695	22894.7	22977.7	LINESTRING(769.390000 393.470000,773.390000 396.830000)
1	69	1886	673	1	1	70	70	0	13	83	0	0	U	45.557	23023.3	23036.3	LINESTRING(773.390000 396.830000,769.390000 393.470000)
1	70	673	260	1	1	73	73	0	13	83	1	0	Straight	0.0	23036.3	23119.3	LINESTRING(769.390000 393.470000,759.060000 393.710000)
1	71	260	705	1	1	71	71	0	13	83	0	0	Right	5.695	23125.0	23138.0	LINESTRING(759.060000 393.710000,767.340000 401.850000)
1	72	705	2068	1	1	112	112	0	20	130	1	0	Straight	0.0	23138.0	23268.0	LINESTRING(767.340000 401.850000,773.080000 403.330000)
1	73	2068	705	1	1	112	112	0	20	130	0	0	U	45.557	23313.5	23333.5	LINESTRING(773.080000 403.330000,767.340000 401.850000)
1	74	705	260	1	1	71	71	0	13	83	1	0	Straight	0.0	23333.5	23416.5	LINESTRING(767.340000 401.850000,759.060000 393.710000)
1	75	260	259	1	1	105	105	0	19	119	0	0	Left	11.389	23427.9	23446.9	LINESTRING(759.060000 393.710000,762.540000 392.280000)
1	76	259	260	1	1	105	105	0	19	119	1	0	U	45.557	23492.5	23611.5	LINESTRING(762.540000 392.280000,759.060000 393.710000)
1	77	260	705	1	1	71	71	0	13	83	0	0	Right	5.695	23617.2	23630.2	LINESTRING(759.060000 393.710000,767.340000 401.850000)
1	78	705	1731	1	1	61	61	0	11	71	1	0	Straight	0.0	23630.2	23701.2	LINESTRING(767.340000 401.850000,772.420000 408.860000)
1	79	1731	244	1	1	93	93	0	17	107	1	0	Straight	0.0	23701.2	23808.2	LINESTRING(772.420000 408.860000,776.440000 414.140000)
1	80	244	245	1	1	65	65	0	12	72	1	0	Straight	0.0	23808.2	23880.2	LINESTRING(776.440000 414.140000,779.750000 418.110000)
1	81	245	244	1	1	65	65	0	12	72	0	0	U	45.557	23925.7	23937.7	LINESTRING(779.750000 418.110000,776.440000 414.140000)
1	82	244	1731	1	1	93	93	0	17	107	0	0	Straight	0.0	23937.7	23954.7	LINESTRING(776.440000 414.140000,772.420000 408.860000)
1	83	1731	705	1	1	61	61	0	11	71	0	0	Straight	0.0	23954.7	23965.7	LINESTRING(772.420000 408.860000,767.340000 401.850000)
1	84	705	704	1	1	108	108	0	19	119	0	0	U	45.557	24011.3	24030.3	LINESTRING(767.340000 401.850000,770.030000 405.690000)
1	85	704	705	1	1	108	108	0	19	119	1	0	U	45.557	24075.8	24194.8	LINESTRING(770.030000 405.690000,767.340000 401.850000)
1	86	705	260	1	1	71	71	0	13	83	0	0	Straight	0.0	24194.8	24207.8	LINESTRING(767.340000 401.850000,759.060000 393.710000)
1	87	260	673	1	1	73	73	0	13	83	0	0	Left	11.389	24219.2	24232.2	LINESTRING(759.060000 393.710000,769.390000 393.470000)
1	88	673	1586	1	1	95	95	0	17	107	0	0	Straight	0.0	24232.2	24249.2	LINESTRING(769.390000 393.470000,775.170000 394.100000)
1	89	1586	673	1	1	95	95	0	17	107	1	0	U	45.557	24294.8	24401.8	LINESTRING(775.170000 394.100000,769.390000 393.470000)
1	90	673	260	1	1	73	73	0	13	83	0	0	Straight	0.0	24401.8	24414.8	LINESTRING(769.390000 393.470000,759.060000 393.710000)
1	91	260	233	1	1	115	115	0	21	131	1	0	Straight	0.0	24414.8	24545.8	LINESTRING(759.060000 393.710000,745.050000 387.470000)
1	92	233	663	1	1	124	124	0	22	142	0	0	Straight	0.0	24545.8	24567.8	LINESTRING(745.050000 387.470000,726.420000 380.250000)
1	93	663	229	0	1	126	126	0	23	143	1	0	Straight	0.0	24567.8	24710.8	LINESTRING(726.420000 380.250000,717.060000 374.550000)
1	94	229	230	0	1	72	72	0	13	83	1	0	Straight	0.0	24710.8	24793.8	LINESTRING(717.060000 374.550000,709.790000 366.890000)
1	95	230	1784	1	1	769	769	0	138	898	0	0	Left	11.389	24805.2	24943.2	LINESTRING(709.790000 366.890000,724.370000 359.770000)
1	96	1784	1869	1	1	71	71	0	13	83	1	0	Straight	0.0	24943.2	25026.2	LINESTRING(724.370000 359.770000,731.700000 352.210000)
1	97	1869	1677	1	1	11	11	0	2	12	1	0	Straight	0.0	25026.2	25038.2	LINESTRING(731.700000 352.210000,735.670000 342.360000)
1	98	1677	861	1	0	0	0	0	61	0	0	0	Right	5.695	25043.9	25104.9	LINESTRING(735.670000 342.360000,722.500000 331.320000)
1	99	861	480	1	0	0	0	0	11	0	0	0	Straight	0.0	25104.9	25115.9	LINESTRING(722.500000 331.320000,707.330000 320.810000)
1	100	480	481	1	0	0	0	0	75	0	0	0	Straight	0.0	25115.9	25190.9	LINESTRING(707.330000 320.810000,695.260000 308.710000)
1	101	481	510	1	0	0	0	0	17	0	0	0	Straight	0.0	25190.9	25207.9	LINESTRING(695.260000 308.710000,690.000000 296.320000)
1	102	510	985	1	0	0	0	0	55	0	0	0	Straight	0.0	25207.9	25262.9	LINESTRING(690.000000 296.320000,673.940000 288.260000)
1	103	985	560	1	1	183	183	0	33	213	1	0	Straight	0.0	25262.9	25475.9	LINESTRING(673.940000 288.260000,661.500000 285.260000)
1	104	560	617	1	0	0	0	0	63	0	0	0	Straight	0.0	25475.9	25538.9	LINESTRING(661.500000 285.260000,644.460000 275.320000)
1	105	617	1046	1	0	0	0	0	25	0	0	0	Straight	0.0	25538.9	25563.9	LINESTRING(644.460000 275.320000,622.630000 269.300000)
1	106	1046	1066	1	1	84	84	0	15	95	1	0	Left	11.389	25575.3	25670.3	LINESTRING(622.630000 269.300000,636.140000 250.900000)
1	107	1066	1070	1	1	62	62	0	11	71	1	0	Straight	0.0	25670.3	25741.3	LINESTRING(636.140000 250.900000,637.620000 233.490000)
1	108	1070	656	1	1	30	30	0	5	35	1	0	Right	5.695	25747.0	25782.0	LINESTRING(637.620000 233.490000,631.200000 232.300000)
1	109	656	677	1	1	46	46	0	8	48	0	0	Right	5.695	25787.6	25795.6	LINESTRING(631.200000 232.300000,629.740000 235.780000)
1	110	677	656	1	1	46	46	0	8	48	1	0	U	45.557	25841.2	25889.2	LINESTRING(629.740000 235.780000,631.200000 232.300000)
1	111	656	657	1	1	43	43	0	8	48	1	0	Right	5.695	25894.9	25942.9	LINESTRING(631.200000 232.300000,627.490000 227.390000)
1	112	657	1958	1	1	64	64	0	12	72	0	0	Straight	0.0	25942.9	25954.9	LINESTRING(627.490000 227.390000,623.290000 225.950000)
1	113	1958	657	1	1	64	64	0	12	72	1	0	U	45.557	26000.5	26072.5	LINESTRING(623.290000 225.950000,627.490000 227.390000)
1	114	657	2044	1	1	47	47	0	9	49	1	0	Right	5.695	26078.2	26127.2	LINESTRING(627.490000 227.390000,627.080000 222.820000)
1	115	2044	657	1	1	47	47	0	9	49	0	0	U	45.557	26172.7	26181.7	LINESTRING(627.080000 222.820000,627.490000 227.390000)
1	116	657	656	1	1	43	43	0	8	48	0	0	Straight	0.0	26181.7	26189.7	LINESTRING(627.490000 227.390000,631.200000 232.300000)
1	117	656	1070	1	1	30	30	0	5	35	0	0	Straight	0.0	26189.7	26194.7	LINESTRING(631.200000 232.300000,637.620000 233.490000)
1	118	1070	684	1	1	47	47	0	8	48	1	0	Right	5.695	26200.4	26248.4	LINESTRING(637.620000 233.490000,641.140000 216.290000)
1	119	684	1080	1	1	31	31	0	6	36	1	0	Straight	0.0	26248.4	26284.4	LINESTRING(641.140000 216.290000,634.860000 205.470000)
1	120	1080	1620	1	1	92	92	0	17	107	0	0	Straight	0.0	26284.4	26301.4	LINESTRING(634.860000 205.470000,630.530000 203.480000)
1	121	1620	1080	1	1	92	92	0	17	107	1	0	U	45.557	26347.0	26454.0	LINESTRING(630.530000 203.480000,634.860000 205.470000)
1	122	1080	1081	1	1	27	27	0	5	25	0	0	Right	5.695	26459.7	26464.7	LINESTRING(634.860000 205.470000,633.970000 200.820000)
1	123	1081	1080	1	1	27	27	0	5	25	1	0	U	45.557	26510.2	26535.2	LINESTRING(633.970000 200.820000,634.860000 205.470000)
1	124	1080	684	1	1	31	31	0	6	36	0	0	Straight	0.0	26535.2	26541.2	LINESTRING(634.860000 205.470000,641.140000 216.290000)
1	125	684	685	1	0	0	0	0	26	0	0	0	Right	5.695	26546.9	26572.9	LINESTRING(641.140000 216.290000,651.540000 205.900000)
1	126	685	1685	1	1	25	25	0	5	25	1	0	Straight	0.0	26572.9	26597.9	LINESTRING(651.540000 205.900000,653.440000 190.930000)
1	127	1685	1994	1	1	26	26	0	5	25	0	0	Straight	0.0	26597.9	26602.9	LINESTRING(653.440000 190.930000,653.570000 185.720000)
1	128	1994	1685	1	1	26	26	0	5	25	1	0	U	45.557	26648.5	26673.5	LINESTRING(653.570000 185.720000,653.440000 190.930000)
1	129	1685	1092	1	1	31	31	0	6	36	1	0	U	45.557	26719.0	26755.0	LINESTRING(653.440000 190.930000,653.900000 179.030000)
1	130	1092	1093	1	1	35	35	0	6	36	1	0	Straight	0.0	26755.0	26791.0	LINESTRING(653.900000 179.030000,655.480000 173.980000)
1	131	1093	1092	1	1	35	35	0	6	36	0	0	U	45.557	26836.6	26842.6	LINESTRING(655.480000 173.980000,653.900000 179.030000)
1	132	1092	1090	1	1	15	15	0	3	13	1	0	U	45.557	26888.1	26901.1	LINESTRING(653.900000 179.030000,652.570000 169.740000)
1	133	1090	1876	1	1	83	83	0	15	95	1	0	Straight	0.0	26901.1	26996.1	LINESTRING(652.570000 169.740000,653.900000 163.940000)
1	134	1876	1090	1	1	83	83	0	15	95	0	0	U	45.557	27041.7	27056.7	LINESTRING(653.900000 163.940000,652.570000 169.740000)
1	135	1090	1091	1	1	51	51	0	9	59	1	0	U	45.557	27102.2	27161.2	LINESTRING(652.570000 169.740000,650.280000 164.440000)
1	136	1091	1090	1	1	51	51	0	9	59	0	0	U	45.557	27206.8	27215.8	LINESTRING(650.280000 164.440000,652.570000 169.740000)
1	137	1090	1092	1	1	15	15	0	3	13	0	0	Straight	0.0	27215.8	27218.8	LINESTRING(652.570000 169.740000,653.900000 179.030000)
1	138	1092	1685	1	1	31	31	0	6	36	0	0	Straight	0.0	27218.8	27224.8	LINESTRING(653.900000 179.030000,653.440000 190.930000)
1	139	1685	1826	1	1	66	66	0	12	72	1	0	U	45.557	27270.4	27342.4	LINESTRING(653.440000 190.930000,656.870000 186.090000)
1	140	1826	1685	1	1	66	66	0	12	72	0	0	U	45.557	27387.9	27399.9	LINESTRING(656.870000 186.090000,653.440000 190.930000)
1	141	1685	685	1	1	25	25	0	5	25	0	0	Straight	0.0	27399.9	27404.9	LINESTRING(653.440000 190.930000,651.540000 205.900000)
1	142	685	684	1	0	0	0	0	26	0	0	0	Straight	0.0	27404.9	27430.9	LINESTRING(651.540000 205.900000,641.140000 216.290000)
1	143	684	1080	1	1	31	31	0	6	36	0	0	Left	11.389	27442.3	27448.3	LINESTRING(641.140000 216.290000,634.860000 205.470000)
1	144	1080	1436	1	1	38	38	0	7	37	1	0	Straight	0.0	27448.3	27485.3	LINESTRING(634.860000 205.470000,630.840000 195.800000)
1	145	1436	1437	1	1	18	18	0	3	13	1	0	Straight	0.0	27485.3	27498.3	LINESTRING(630.840000 195.800000,627.360000 188.080000)
1	146	1437	2035	1	1	74	74	0	13	83	1	0	Straight	0.0	27498.3	27581.3	LINESTRING(627.360000 188.080000,623.730000 184.610000)
1	147	2035	1437	1	1	74	74	0	13	83	0	0	U	45.557	27626.9	27639.9	LINESTRING(623.730000 184.610000,627.360000 188.080000)
1	148	1437	2135	1	1	73	73	0	13	83	1	0	Right	5.695	27645.6	27728.6	LINESTRING(627.360000 188.080000,627.270000 182.540000)
1	149	2135	1437	1	1	73	73	0	13	83	0	0	U	45.557	27774.1	27787.1	LINESTRING(627.270000 182.540000,627.360000 188.080000)
1	150	1437	1436	1	1	18	18	0	3	13	0	0	Straight	0.0	27787.1	27790.1	LINESTRING(627.360000 188.080000,630.840000 195.800000)
1	151	1436	2004	1	1	37	37	0	7	37	0	0	U	45.557	27835.7	27842.7	LINESTRING(630.840000 195.800000,630.380000 191.190000)
1	152	2004	1436	1	1	37	37	0	7	37	1	0	U	45.557	27888.2	27925.2	LINESTRING(630.380000 191.190000,630.840000 195.800000)
1	153	1436	1080	1	1	38	38	0	7	37	0	0	Straight	0.0	27925.2	27932.2	LINESTRING(630.840000 195.800000,634.860000 205.470000)
1	154	1080	684	1	1	31	31	0	6	36	0	0	Straight	0.0	27932.2	27938.2	LINESTRING(634.860000 205.470000,641.140000 216.290000)
1	155	684	688	1	0	0	0	0	19	0	0	0	Right	5.695	27943.9	27962.9	LINESTRING(641.140000 216.290000,644.160000 212.200000)
1	156	688	1492	1	0	0	0	0	33	0	0	0	Straight	0.0	27962.9	27995.9	LINESTRING(644.160000 212.200000,656.210000 195.550000)
1	157	1492	2189	1	1	26	26	0	5	25	1	0	Straight	0.0	27995.9	28020.9	LINESTRING(656.210000 195.550000,659.560000 192.180000)
1	158	2189	1492	1	1	26	26	0	5	25	0	0	U	45.557	28066.5	28071.5	LINESTRING(659.560000 192.180000,656.210000 195.550000)
1	159	1492	1137	1	0	0	0	0	12	0	0	0	U	45.557	28117.0	28129.0	LINESTRING(656.210000 195.550000,667.460000 179.270000)
1	160	1137	1127	1	1	66	66	0	12	72	1	0	Straight	0.0	28129.0	28201.0	LINESTRING(667.460000 179.270000,680.010000 169.220000)
1	161	1127	2059	1	1	36	36	0	7	37	0	0	Straight	0.0	28201.0	28208.0	LINESTRING(680.010000 169.220000,684.300000 165.450000)
1	162	2059	1127	1	1	36	36	0	7	37	1	0	U	45.557	28253.6	28290.6	LINESTRING(684.300000 165.450000,680.010000 169.220000)
1	163	1127	780	1	1	51	51	0	9	59	1	0	U	45.557	28336.2	28395.2	LINESTRING(680.010000 169.220000,691.110000 160.040000)
1	164	780	781	1	1	36	36	0	6	36	1	0	Straight	0.0	28395.2	28431.2	LINESTRING(691.110000 160.040000,695.550000 156.320000)
1	165	781	780	1	1	36	36	0	6	36	0	0	U	45.557	28476.7	28482.7	LINESTRING(695.550000 156.320000,691.110000 160.040000)
1	166	780	1121	1	1	33	33	0	6	36	1	0	U	45.557	28528.3	28564.3	LINESTRING(691.110000 160.040000,698.730000 147.070000)
1	167	1121	742	1	1	56	56	0	10	60	1	0	Straight	0.0	28564.3	28624.3	LINESTRING(698.730000 147.070000,707.720000 140.550000)
1	168	742	1120	1	1	99	99	0	18	108	1	0	Straight	0.0	28624.3	28732.3	LINESTRING(707.720000 140.550000,712.150000 138.260000)
1	169	1120	742	1	1	99	99	0	18	108	0	0	U	45.557	28777.8	28795.8	LINESTRING(712.150000 138.260000,707.720000 140.550000)
1	170	742	1121	1	1	56	56	0	10	60	0	0	Straight	0.0	28795.8	28805.8	LINESTRING(707.720000 140.550000,698.730000 147.070000)
1	171	1121	1122	1	1	34	34	0	6	36	1	0	Left	11.389	28817.2	28853.2	LINESTRING(698.730000 147.070000,699.870000 136.340000)
1	172	1122	1118	1	1	33	33	0	6	36	1	0	Straight	0.0	28853.2	28889.2	LINESTRING(699.870000 136.340000,698.460000 127.520000)
1	173	1118	1827	1	1	18	18	0	3	13	1	0	Straight	0.0	28889.2	28902.2	LINESTRING(698.460000 127.520000,698.780000 119.720000)
1	174	1827	1116	1	1	28	28	0	5	25	1	0	Straight	0.0	28902.2	28927.2	LINESTRING(698.780000 119.720000,701.420000 113.670000)
1	175	1116	1117	1	1	8	8	0	1	1	1	0	Straight	0.0	28927.2	28928.2	LINESTRING(701.420000 113.670000,705.590000 109.230000)
1	176	1117	1116	1	1	8	8	0	1	1	0	0	U	45.557	28973.8	28974.8	LINESTRING(705.590000 109.230000,701.420000 113.670000)
1	177	1116	1974	1	1	9	9	0	2	2	1	0	U	45.557	29020.3	29022.3	LINESTRING(701.420000 113.670000,701.300000 108.570000)
1	178	1974	1116	1	1	9	9	0	2	2	0	0	U	45.557	29067.9	29069.9	LINESTRING(701.300000 108.570000,701.420000 113.670000)
1	179	1116	1827	1	1	28	28	0	5	25	0	0	Straight	0.0	29069.9	29074.9	LINESTRING(701.420000 113.670000,698.780000 119.720000)
1	180	1827	1828	1	1	11	11	0	2	12	1	0	U	45.557	29120.4	29132.4	LINESTRING(698.780000 119.720000,698.520000 115.020000)
1	181	1828	1827	1	1	11	11	0	2	12	0	0	U	45.557	29178.0	29180.0	LINESTRING(698.520000 115.020000,698.780000 119.720000)
1	182	1827	1118	1	1	18	18	0	3	13	0	0	Straight	0.0	29180.0	29183.0	LINESTRING(698.780000 119.720000,698.460000 127.520000)
1	183	1118	1122	1	1	33	33	0	6	36	0	0	Straight	0.0	29183.0	29189.0	LINESTRING(698.460000 127.520000,699.870000 136.340000)
1	184	1122	1856	1	1	12	12	0	2	12	1	0	Right	5.695	29194.7	29206.7	LINESTRING(699.870000 136.340000,703.020000 132.130000)
1	185	1856	1122	1	1	12	12	0	2	12	0	0	U	45.557	29252.3	29254.3	LINESTRING(703.020000 132.130000,699.870000 136.340000)
1	186	1122	1118	1	1	33	33	0	6	36	0	0	Left	11.389	29265.6	29271.6	LINESTRING(699.870000 136.340000,698.460000 127.520000)
1	187	1118	1119	1	1	118	118	0	21	131	1	0	Straight	0.0	29271.6	29402.6	LINESTRING(698.460000 127.520000,696.580000 123.870000)
1	188	1119	1118	1	1	118	118	0	21	131	0	0	U	45.557	29448.2	29469.2	LINESTRING(696.580000 123.870000,698.460000 127.520000)
1	189	1118	1122	1	1	33	33	0	6	36	0	0	Straight	0.0	29469.2	29475.2	LINESTRING(698.460000 127.520000,699.870000 136.340000)
1	190	1122	1121	1	1	34	34	0	6	36	0	0	Straight	0.0	29475.2	29481.2	LINESTRING(699.870000 136.340000,698.730000 147.070000)
1	191	1121	742	1	1	56	56	0	10	60	0	0	Right	5.695	29486.9	29496.9	LINESTRING(698.730000 147.070000,707.720000 140.550000)
1	192	742	743	1	1	35	35	0	6	36	1	0	Straight	0.0	29496.9	29532.9	LINESTRING(707.720000 140.550000,715.290000 134.470000)
1	193	743	1108	1	1	26	26	0	5	25	0	0	Straight	0.0	29532.9	29537.9	LINESTRING(715.290000 134.470000,720.730000 132.280000)
1	194	1108	743	1	1	26	26	0	5	25	1	0	U	45.557	29583.5	29608.5	LINESTRING(720.730000 132.280000,715.290000 134.470000)
1	195	743	1877	1	1	98	98	0	18	108	1	0	U	45.557	29654.0	29762.0	LINESTRING(715.290000 134.470000,718.510000 129.490000)
1	196	1877	743	1	1	98	98	0	18	108	0	0	U	45.557	29807.6	29825.6	LINESTRING(718.510000 129.490000,715.290000 134.470000)
1	197	743	742	1	1	35	35	0	6	36	0	0	Straight	0.0	29825.6	29831.6	LINESTRING(715.290000 134.470000,707.720000 140.550000)
1	198	742	1121	1	1	56	56	0	10	60	0	0	Straight	0.0	29831.6	29841.6	LINESTRING(707.720000 140.550000,698.730000 147.070000)
1	199	1121	780	1	1	33	33	0	6	36	0	0	Straight	0.0	29841.6	29847.6	LINESTRING(698.730000 147.070000,691.110000 160.040000)
1	200	780	1593	1	1	176	176	0	32	202	1	0	Straight	0.0	29847.6	30049.6	LINESTRING(691.110000 160.040000,690.840000 170.370000)
1	201	1593	740	1	1	141	141	0	25	165	1	0	Straight	0.0	30049.6	30214.6	LINESTRING(690.840000 170.370000,688.980000 181.180000)
1	202	740	741	1	1	70	70	0	13	83	1	0	Right	5.695	30220.3	30303.3	LINESTRING(688.980000 181.180000,694.060000 178.400000)
1	203	741	740	1	1	70	70	0	13	83	0	0	U	45.557	30348.8	30361.8	LINESTRING(694.060000 178.400000,688.980000 181.180000)
1	204	740	2078	1	1	80	80	0	14	94	1	0	Straight	0.0	30361.8	30455.8	LINESTRING(688.980000 181.180000,683.610000 192.610000)
1	205	2078	2181	1	1	71	71	0	13	83	1	0	U	45.557	30501.4	30584.4	LINESTRING(683.610000 192.610000,688.780000 190.340000)
1	206	2181	2078	1	1	71	71	0	13	83	0	0	U	45.557	30629.9	30642.9	LINESTRING(688.780000 190.340000,683.610000 192.610000)
1	207	2078	1085	1	1	81	81	0	15	95	1	0	Straight	0.0	30642.9	30737.9	LINESTRING(683.610000 192.610000,675.300000 204.480000)
1	208	1085	696	1	0	0	0	0	30	0	0	0	Straight	0.0	30737.9	30767.9	LINESTRING(675.300000 204.480000,662.280000 211.940000)
1	209	696	697	1	1	52	52	0	9	59	1	0	Left	11.389	30779.3	30838.3	LINESTRING(662.280000 211.940000,659.010000 202.020000)
1	210	697	1095	1	1	24	24	0	4	24	1	0	Straight	0.0	30838.3	30862.3	LINESTRING(659.010000 202.020000,653.280000 193.260000)
1	211	1095	1100	1	1	40	40	0	7	47	1	0	Straight	0.0	30862.3	30909.3	LINESTRING(653.280000 193.260000,649.320000 184.650000)
1	212	1100	1099	1	1	46	46	0	8	48	0	0	Straight	0.0	30909.3	30917.3	LINESTRING(649.320000 184.650000,645.650000 180.190000)
1	213	1099	1100	1	1	46	46	0	8	48	1	0	U	45.557	30962.9	31010.9	LINESTRING(645.650000 180.190000,649.320000 184.650000)
1	214	1100	1855	1	1	41	41	0	7	47	1	0	U	45.557	31056.4	31103.4	LINESTRING(649.320000 184.650000,648.780000 178.920000)
1	215	1855	1100	1	1	41	41	0	7	47	0	0	U	45.557	31149.0	31156.0	LINESTRING(648.780000 178.920000,649.320000 184.650000)
1	216	1100	1095	1	1	40	40	0	7	47	0	0	Straight	0.0	31156.0	31163.0	LINESTRING(649.320000 184.650000,653.280000 193.260000)
1	217	1095	697	1	1	24	24	0	4	24	0	0	Straight	0.0	31163.0	31167.0	LINESTRING(653.280000 193.260000,659.010000 202.020000)
1	218	697	2077	1	1	64	64	0	12	72	0	0	Right	5.695	31172.7	31184.7	LINESTRING(659.010000 202.020000,664.070000 199.960000)
1	219	2077	697	1	1	64	64	0	12	72	1	0	U	45.557	31230.2	31302.2	LINESTRING(664.070000 199.960000,659.010000 202.020000)
1	220	697	2087	1	1	47	47	0	9	49	1	0	Straight	0.0	31302.2	31351.2	LINESTRING(659.010000 202.020000,656.930000 206.160000)
1	221	2087	697	1	1	47	47	0	9	49	0	0	U	45.557	31396.8	31405.8	LINESTRING(656.930000 206.160000,659.010000 202.020000)
1	222	697	1095	1	1	24	24	0	4	24	0	0	Right	5.695	31411.5	31415.5	LINESTRING(659.010000 202.020000,653.280000 193.260000)
1	223	1095	1094	1	1	49	49	0	9	49	0	0	Straight	0.0	31415.5	31424.5	LINESTRING(653.280000 193.260000,649.860000 189.900000)
1	224	1094	1095	1	1	49	49	0	9	49	1	0	U	45.557	31470.1	31519.1	LINESTRING(649.860000 189.900000,653.280000 193.260000)
1	225	1095	697	1	1	24	24	0	4	24	0	0	Straight	0.0	31519.1	31523.1	LINESTRING(653.280000 193.260000,659.010000 202.020000)
1	226	697	696	1	1	52	52	0	9	59	0	0	Straight	0.0	31523.1	31532.1	LINESTRING(659.010000 202.020000,662.280000 211.940000)
1	227	696	642	1	1	185	185	0	33	213	1	0	Straight	0.0	31532.1	31745.1	LINESTRING(662.280000 211.940000,660.110000 228.730000)
1	228	642	643	1	1	68	68	0	12	72	0	0	Right	5.695	31750.7	31762.7	LINESTRING(660.110000 228.730000,671.180000 228.430000)
1	229	643	1041	1	1	270	270	0	49	319	1	0	Straight	0.0	31762.7	32081.7	LINESTRING(671.180000 228.430000,678.450000 233.240000)
1	230	1041	1535	1	0	0	0	0	15	0	0	0	Right	5.695	32087.4	32102.4	LINESTRING(678.450000 233.240000,677.840000 223.610000)
1	231	1535	1722	1	1	53	53	0	10	60	1	0	Left	11.389	32113.8	32173.8	LINESTRING(677.840000 223.610000,682.580000 221.040000)
1	232	1722	1535	1	1	53	53	0	10	60	0	0	U	45.557	32219.4	32229.4	LINESTRING(682.580000 221.040000,677.840000 223.610000)
1	233	1535	643	1	1	192	192	0	35	225	1	0	Straight	0.0	32229.4	32454.4	LINESTRING(677.840000 223.610000,671.180000 228.430000)
1	234	643	642	1	1	68	68	0	12	72	1	0	Straight	0.0	32454.4	32526.4	LINESTRING(671.180000 228.430000,660.110000 228.730000)
1	235	642	1036	1	1	94	94	0	17	107	1	0	Right	5.695	32532.1	32639.1	LINESTRING(660.110000 228.730000,652.000000 244.400000)
1	236	1036	1066	1	1	250	250	0	45	295	1	0	Straight	0.0	32639.1	32934.1	LINESTRING(652.000000 244.400000,636.140000 250.900000)
1	237	1066	1046	1	1	84	84	0	15	95	0	0	Straight	0.0	32934.1	32949.1	LINESTRING(636.140000 250.900000,622.630000 269.300000)
1	238	1046	693	0	1	190	190	0	34	224	1	0	Straight	0.0	32949.1	33173.1	LINESTRING(622.630000 269.300000,605.140000 281.850000)
1	239	693	694	0	1	384	384	0	69	449	1	0	Straight	0.0	33173.1	33622.1	LINESTRING(605.140000 281.850000,568.380000 300.600000)
1	240	694	1089	0	0	0	0	0	5	0	0	0	Straight	0.0	33622.1	33627.1	LINESTRING(568.380000 300.600000,537.710000 299.310000)
1	241	1089	1096	0	0	0	0	0	9	0	0	0	Straight	0.0	33627.1	33636.1	LINESTRING(537.710000 299.310000,521.480000 285.320000)
1	242	1096	1097	0	0	0	0	0	6	0	0	0	Straight	0.0	33636.1	33642.1	LINESTRING(521.480000 285.320000,506.660000 275.680000)
1	243	1097	711	1	0	0	0	0	9	0	0	0	Straight	0.0	33642.1	33651.1	LINESTRING(506.660000 275.680000,489.800000 266.860000)
1	244	711	1084	0	1	39	39	0	7	37	1	0	Straight	0.0	33651.1	33688.1	LINESTRING(489.800000 266.860000,472.410000 259.170000)
1	245	1084	1083	1	0	0	0	0	544	0	0	0	Straight	0.0	33688.1	34232.1	LINESTRING(472.410000 259.170000,446.000000 251.770000)
2	0	1083	1083	-1	-1	0	0	0	0	0	0	300		0.0	34232.1	34532.1	LINESTRING(446.000000 251.770000,446.000000 251.770000)
