Problem Type	Solution Method	Vehicle Capacity (Weight)	Vehicle Capacity(Volume)	Disposal Trips	Route Time	Route Time wo Turns	Computational Time(Sec)	Clustering Time(Sec)	VA(NHO)	VA(ATD)	VA(CCI)	VA(DMT)	VA(ROI)	VA(AOI)	Optimal
MCARPTIF-TP	GPM	10000	10000	2	29169.9	26539	728.032	11.42	0.374	753.462	1.07692	14189.5	0.190741	0.159008	0
Load No	Sequence No	From Node ID	To Node ID	IsEdge	Required	Weight	Volume	Travel Miles	Travel Time	Service Time	Served	Dumped	Turn Type	Turn Cost	Depart Time	Arrival Time	Shape
0	0	1083	2085	1	0	0	0	0	71	0	0	300		0.0	300.0	371.0	LINESTRING(446.000000 251.770000,421.880000 250.660000)
0	1	2085	1825	0	0	0	0	0	21	0	0	0	Straight	0.0	371.0	392.0	LINESTRING(421.880000 250.660000,401.590000 256.480000)
0	2	1825	615	1	0	0	0	0	27	0	0	0	Straight	0.0	392.0	419.0	LINESTRING(401.590000 256.480000,379.090000 271.730000)
0	3	615	1684	0	0	0	0	0	58	0	0	0	Right	5.695	424.695	482.695	LINESTRING(379.090000 271.730000,393.810000 293.840000)
0	4	1684	1721	0	0	0	0	0	152	0	0	0	Straight	0.0	482.695	634.695	LINESTRING(393.810000 293.840000,413.370000 313.350000)
0	5	1721	1587	0	0	0	0	0	121	0	0	0	Straight	0.0	634.695	755.695	LINESTRING(413.370000 313.350000,435.110000 331.040000)
0	6	1587	306	1	1	16	16	0	3	13	1	0	Left	11.389	767.084	780.084	LINESTRING(435.110000 331.040000,426.660000 339.530000)
0	7	306	1844	1	1	119	119	0	21	131	1	0	Straight	0.0	780.084	911.084	LINESTRING(426.660000 339.530000,421.330000 345.850000)
0	8	1844	265	1	0	0	0	0	48	0	0	0	Right	5.695	916.779	964.779	LINESTRING(421.330000 345.850000,424.430000 354.300000)
0	9	265	263	1	1	9	9	0	2	2	1	0	Straight	0.0	964.779	966.779	LINESTRING(424.430000 354.300000,424.960000 362.340000)
0	10	263	264	1	0	0	0	0	11	0	0	0	Straight	0.0	966.779	977.779	LINESTRING(424.960000 362.340000,422.470000 370.620000)
0	11	264	709	1	1	299	299	0	54	344	1	0	Straight	0.0	977.779	1321.78	LINESTRING(422.470000 370.620000,415.470000 376.670000)
0	12	709	239	1	0	0	0	0	44	0	0	0	Straight	0.0	1321.78	1365.78	LINESTRING(415.470000 376.670000,408.900000 385.910000)
0	13	239	240	1	1	410	410	0	74	484	1	0	Straight	0.0	1365.78	1849.78	LINESTRING(408.900000 385.910000,400.960000 393.910000)
0	14	240	250	1	0	0	0	0	21	0	0	0	Straight	0.0	1849.78	1870.78	LINESTRING(400.960000 393.910000,392.000000 402.100000)
0	15	250	246	1	0	0	0	0	11	0	0	0	Right	5.695	1876.47	1887.47	LINESTRING(392.000000 402.100000,391.810000 413.350000)
0	16	246	247	1	0	0	0	0	46	0	0	0	Right	5.695	1893.17	1939.17	LINESTRING(391.810000 413.350000,413.220000 419.390000)
0	17	247	639	1	0	0	0	0	7	0	0	0	Straight	0.0	1939.17	1946.17	LINESTRING(413.220000 419.390000,434.470000 425.140000)
0	18	639	1936	1	0	0	0	0	6	0	0	0	Straight	0.0	1946.17	1952.17	LINESTRING(434.470000 425.140000,455.410000 442.150000)
0	19	1936	2025	1	0	0	0	0	6	0	0	0	Straight	0.0	1952.17	1958.17	LINESTRING(455.410000 442.150000,471.460000 459.180000)
0	20	2025	1635	1	0	0	0	0	20	0	0	0	Straight	0.0	1958.17	1978.17	LINESTRING(471.460000 459.180000,487.420000 476.420000)
0	21	1635	1320	1	1	22	22	0	4	24	1	0	Straight	0.0	1978.17	2002.17	LINESTRING(487.420000 476.420000,500.310000 492.950000)
0	22	1320	1321	1	1	93	93	0	17	107	1	0	Straight	0.0	2002.17	2109.17	LINESTRING(500.310000 492.950000,503.160000 503.470000)
0	23	1321	1421	1	1	262	262	0	47	307	1	0	Straight	0.0	2109.17	2416.17	LINESTRING(503.160000 503.470000,506.730000 513.740000)
0	24	1421	1324	1	1	118	118	0	21	131	1	0	Straight	0.0	2416.17	2547.17	LINESTRING(506.730000 513.740000,511.560000 524.030000)
0	25	1324	1325	1	1	673	673	0	121	791	1	0	Straight	0.0	2547.17	3338.17	LINESTRING(511.560000 524.030000,512.600000 545.320000)
0	26	1325	1341	1	1	203	203	0	37	237	1	0	Straight	0.0	3338.17	3575.17	LINESTRING(512.600000 545.320000,513.870000 566.310000)
0	27	1341	113	1	0	0	0	0	13	0	0	0	Right	5.695	3580.86	3593.86	LINESTRING(513.870000 566.310000,535.160000 574.310000)
0	28	113	527	1	1	382	382	0	69	449	1	0	Straight	0.0	3593.86	4042.86	LINESTRING(535.160000 574.310000,554.860000 576.260000)
0	29	527	520	1	1	96	96	0	17	107	1	0	Straight	0.0	4042.86	4149.86	LINESTRING(554.860000 576.260000,560.500000 580.860000)
0	30	520	1884	1	1	154	154	0	28	178	0	0	Straight	0.0	4149.86	4177.86	LINESTRING(560.500000 580.860000,565.260000 582.720000)
0	31	1884	520	1	1	154	154	0	28	178	1	0	U	45.557	4223.42	4401.42	LINESTRING(565.260000 582.720000,560.500000 580.860000)
0	32	520	516	1	1	93	93	0	17	107	1	0	Right	5.695	4407.12	4514.12	LINESTRING(560.500000 580.860000,562.250000 585.110000)
0	33	516	520	1	1	93	93	0	17	107	0	0	U	45.557	4559.67	4576.67	LINESTRING(562.250000 585.110000,560.500000 580.860000)
0	34	520	527	1	1	96	96	0	17	107	0	0	Straight	0.0	4576.67	4593.67	LINESTRING(560.500000 580.860000,554.860000 576.260000)
0	35	527	1914	1	1	492	492	0	89	579	1	0	U	45.557	4639.23	5218.23	LINESTRING(554.860000 576.260000,573.370000 576.210000)
0	36	1914	577	1	1	98	98	0	18	108	1	0	Straight	0.0	5218.23	5326.23	LINESTRING(573.370000 576.210000,583.900000 583.410000)
0	37	577	1800	1	1	66	66	0	12	72	1	0	Straight	0.0	5326.23	5398.23	LINESTRING(583.900000 583.410000,587.170000 586.790000)
0	38	1800	577	1	1	66	66	0	12	72	0	0	U	45.557	5443.79	5455.79	LINESTRING(587.170000 586.790000,583.900000 583.410000)
0	39	577	578	1	1	69	69	0	12	72	1	0	U	45.557	5501.34	5573.34	LINESTRING(583.900000 583.410000,593.480000 589.400000)
0	40	578	159	1	1	70	70	0	13	83	1	0	Straight	0.0	5573.34	5656.34	LINESTRING(593.480000 589.400000,601.870000 593.900000)
0	41	159	161	1	1	79	79	0	14	84	1	0	Straight	0.0	5656.34	5740.34	LINESTRING(601.870000 593.900000,605.720000 598.260000)
0	42	161	159	1	1	79	79	0	14	84	0	0	U	45.557	5785.9	5799.9	LINESTRING(605.720000 598.260000,601.870000 593.900000)
0	43	159	160	1	1	78	78	0	14	84	1	0	U	45.557	5845.46	5929.46	LINESTRING(601.870000 593.900000,607.600000 595.100000)
0	44	160	159	1	1	78	78	0	14	84	0	0	U	45.557	5975.01	5989.01	LINESTRING(607.600000 595.100000,601.870000 593.900000)
0	45	159	578	1	1	70	70	0	13	83	0	0	Straight	0.0	5989.01	6002.01	LINESTRING(601.870000 593.900000,593.480000 589.400000)
0	46	578	2082	1	1	76	76	0	14	84	1	0	U	45.557	6047.57	6131.57	LINESTRING(593.480000 589.400000,596.990000 592.780000)
0	47	2082	578	1	1	76	76	0	14	84	0	0	U	45.557	6177.13	6191.13	LINESTRING(596.990000 592.780000,593.480000 589.400000)
0	48	578	577	1	1	69	69	0	12	72	0	0	Straight	0.0	6191.13	6203.13	LINESTRING(593.480000 589.400000,583.900000 583.410000)
0	49	577	1914	1	1	98	98	0	18	108	0	0	Straight	0.0	6203.13	6221.13	LINESTRING(583.900000 583.410000,573.370000 576.210000)
0	50	1914	552	1	1	71	71	0	13	83	1	0	Left	11.389	6232.52	6315.52	LINESTRING(573.370000 576.210000,586.600000 569.530000)
0	51	552	1380	1	1	349	349	0	63	403	1	0	Straight	0.0	6315.52	6718.52	LINESTRING(586.600000 569.530000,601.920000 573.930000)
0	52	1380	519	1	1	73	73	0	13	83	1	0	Straight	0.0	6718.52	6801.52	LINESTRING(601.920000 573.930000,616.010000 578.940000)
0	53	519	1518	1	1	71	71	0	13	83	1	0	Straight	0.0	6801.52	6884.52	LINESTRING(616.010000 578.940000,628.270000 584.060000)
0	54	1518	1499	1	1	76	76	0	14	84	1	0	Straight	0.0	6884.52	6968.52	LINESTRING(628.270000 584.060000,637.030000 585.780000)
0	55	1499	1498	1	1	101	101	0	18	118	1	0	Straight	0.0	6968.52	7086.52	LINESTRING(637.030000 585.780000,642.510000 585.180000)
0	56	1498	1499	1	1	101	101	0	18	118	0	0	U	45.557	7132.07	7150.07	LINESTRING(642.510000 585.180000,637.030000 585.780000)
0	57	1499	1757	1	1	60	60	0	11	71	1	0	Right	5.695	7155.77	7226.77	LINESTRING(637.030000 585.780000,641.430000 589.720000)
0	58	1757	1758	1	1	19	19	0	3	13	1	0	Straight	0.0	7226.77	7239.77	LINESTRING(641.430000 589.720000,646.920000 592.330000)
0	59	1758	1757	1	1	19	19	0	3	13	0	0	U	45.557	7285.33	7288.33	LINESTRING(646.920000 592.330000,641.430000 589.720000)
0	60	1757	452	1	1	147	147	0	27	167	1	0	Straight	0.0	7288.33	7455.33	LINESTRING(641.430000 589.720000,635.550000 589.150000)
0	61	452	453	1	1	27	27	0	5	25	1	0	U	45.557	7500.88	7525.88	LINESTRING(635.550000 589.150000,639.300000 593.430000)
0	62	453	452	1	1	27	27	0	5	25	0	0	U	45.557	7571.44	7576.44	LINESTRING(639.300000 593.430000,635.550000 589.150000)
0	63	452	1518	1	1	305	305	0	55	355	1	0	Straight	0.0	7576.44	7931.44	LINESTRING(635.550000 589.150000,628.270000 584.060000)
0	64	1518	519	1	1	71	71	0	13	83	0	0	Straight	0.0	7931.44	7944.44	LINESTRING(628.270000 584.060000,616.010000 578.940000)
0	65	519	518	1	1	136	136	0	25	155	0	0	U	45.557	7990.0	8015.0	LINESTRING(616.010000 578.940000,621.110000 579.500000)
0	66	518	519	1	1	136	136	0	25	155	1	0	U	45.557	8060.55	8215.55	LINESTRING(621.110000 579.500000,616.010000 578.940000)
0	67	519	1380	1	1	73	73	0	13	83	0	0	Straight	0.0	8215.55	8228.55	LINESTRING(616.010000 578.940000,601.920000 573.930000)
0	68	1380	1412	1	1	73	73	0	13	83	1	0	Right	5.695	8234.25	8317.25	LINESTRING(601.920000 573.930000,599.510000 575.360000)
0	69	1412	502	1	1	63	63	0	11	71	1	0	Right	5.695	8322.94	8393.94	LINESTRING(599.510000 575.360000,601.620000 577.500000)
0	70	502	503	1	1	15	15	0	3	13	1	0	Straight	0.0	8393.94	8406.94	LINESTRING(601.620000 577.500000,606.800000 579.750000)
0	71	503	502	1	1	15	15	0	3	13	0	0	U	45.557	8452.5	8455.5	LINESTRING(606.800000 579.750000,601.620000 577.500000)
0	72	502	553	1	1	300	300	0	54	354	1	0	Straight	0.0	8455.5	8809.5	LINESTRING(601.620000 577.500000,595.150000 573.810000)
0	73	553	552	1	0	0	0	0	26	0	0	0	Straight	0.0	8809.5	8835.5	LINESTRING(595.150000 573.810000,586.600000 569.530000)
0	74	552	150	1	1	186	186	0	33	213	1	0	Straight	0.0	8835.5	9048.5	LINESTRING(586.600000 569.530000,577.770000 555.730000)
0	75	150	136	1	1	350	350	0	63	413	1	0	Straight	0.0	9048.5	9461.5	LINESTRING(577.770000 555.730000,576.560000 550.430000)
0	76	136	137	1	1	40	40	0	7	47	1	0	U	45.557	9507.06	9554.06	LINESTRING(576.560000 550.430000,584.290000 555.760000)
0	77	137	2046	1	1	72	72	0	13	83	1	0	Straight	0.0	9554.06	9637.06	LINESTRING(584.290000 555.760000,587.840000 560.250000)
0	78	2046	137	1	1	72	72	0	13	83	0	0	U	45.557	9682.62	9695.62	LINESTRING(587.840000 560.250000,584.290000 555.760000)
0	79	137	2098	1	1	48	48	0	9	49	1	0	U	45.557	9741.17	9790.17	LINESTRING(584.290000 555.760000,590.100000 557.210000)
0	80	2098	137	1	1	48	48	0	9	49	0	0	U	45.557	9835.73	9844.73	LINESTRING(590.100000 557.210000,584.290000 555.760000)
0	81	137	136	1	1	40	40	0	7	47	0	0	Straight	0.0	9844.73	9851.73	LINESTRING(584.290000 555.760000,576.560000 550.430000)
0	82	136	1764	1	1	128	128	0	23	143	1	0	Straight	0.0	9851.73	9994.73	LINESTRING(576.560000 550.430000,568.580000 542.320000)
0	83	1764	152	1	1	99	99	0	18	108	1	0	Straight	0.0	9994.73	10102.7	LINESTRING(568.580000 542.320000,557.030000 525.390000)
0	84	152	1348	1	1	63	63	0	11	71	1	0	Straight	0.0	10102.7	10173.7	LINESTRING(557.030000 525.390000,543.190000 514.310000)
0	85	1348	1353	1	1	182	182	0	33	213	1	0	Straight	0.0	10173.7	10386.7	LINESTRING(543.190000 514.310000,529.470000 507.540000)
0	86	1353	1352	1	1	114	114	0	21	131	1	0	Straight	0.0	10386.7	10517.7	LINESTRING(529.470000 507.540000,513.690000 505.610000)
0	87	1352	1324	1	1	286	286	0	52	332	0	0	Right	5.695	10523.4	10575.4	LINESTRING(513.690000 505.610000,511.560000 524.030000)
0	88	1324	1352	1	1	286	286	0	52	332	1	0	U	45.557	10621.0	10953.0	LINESTRING(511.560000 524.030000,513.690000 505.610000)
0	89	1352	1320	1	1	130	130	0	23	153	1	0	Right	5.695	10958.7	11111.7	LINESTRING(513.690000 505.610000,500.310000 492.950000)
0	90	1320	1635	1	1	22	22	0	4	24	0	0	Straight	0.0	11111.7	11115.7	LINESTRING(500.310000 492.950000,487.420000 476.420000)
0	91	1635	2025	1	0	0	0	0	20	0	0	0	Straight	0.0	11115.7	11135.7	LINESTRING(487.420000 476.420000,471.460000 459.180000)
0	92	2025	1936	1	0	0	0	0	6	0	0	0	Straight	0.0	11135.7	11141.7	LINESTRING(471.460000 459.180000,455.410000 442.150000)
0	93	1936	583	0	0	0	0	0	252	0	0	0	Right	5.695	11147.4	11399.4	LINESTRING(455.410000 442.150000,434.100000 466.020000)
0	94	583	157	1	0	0	0	0	5	0	0	0	Straight	0.0	11399.4	11404.4	LINESTRING(434.100000 466.020000,412.480000 468.730000)
0	95	157	158	1	0	0	0	0	2	0	0	0	Straight	0.0	11404.4	11406.4	LINESTRING(412.480000 468.730000,395.610000 469.280000)
0	96	158	1647	1	0	0	0	0	5	0	0	0	Straight	0.0	11406.4	11411.4	LINESTRING(395.610000 469.280000,378.350000 466.910000)
0	97	1647	178	1	0	0	0	0	12	0	0	0	Straight	0.0	11411.4	11423.4	LINESTRING(378.350000 466.910000,360.880000 464.360000)
0	98	178	179	0	0	0	0	0	32	0	0	0	Straight	0.0	11423.4	11455.4	LINESTRING(360.880000 464.360000,349.240000 465.280000)
0	99	179	1521	0	0	0	0	0	8	0	0	0	Straight	0.0	11455.4	11463.4	LINESTRING(349.240000 465.280000,339.840000 463.860000)
0	100	1521	222	0	0	0	0	0	25	0	0	0	Straight	0.0	11463.4	11488.4	LINESTRING(339.840000 463.860000,330.240000 457.470000)
0	101	222	223	0	0	0	0	0	32	0	0	0	Straight	0.0	11488.4	11520.4	LINESTRING(330.240000 457.470000,319.420000 451.510000)
0	102	223	236	1	0	0	0	0	3	0	0	0	Left	11.389	11531.8	11534.8	LINESTRING(319.420000 451.510000,323.050000 445.110000)
0	103	236	635	1	0	0	0	0	38	0	0	0	Straight	0.0	11534.8	11572.8	LINESTRING(323.050000 445.110000,323.740000 433.050000)
0	104	635	1551	1	0	0	0	0	21	0	0	0	Straight	0.0	11572.8	11593.8	LINESTRING(323.740000 433.050000,328.390000 427.040000)
0	105	1551	681	1	0	0	0	0	30	0	0	0	Straight	0.0	11593.8	11623.8	LINESTRING(328.390000 427.040000,336.050000 424.640000)
0	106	681	1522	1	0	0	0	0	19	0	0	0	Straight	0.0	11623.8	11642.8	LINESTRING(336.050000 424.640000,342.860000 426.930000)
0	107	1522	631	1	1	53	53	0	10	60	1	0	Straight	0.0	11642.8	11702.8	LINESTRING(342.860000 426.930000,345.760000 431.230000)
0	108	631	630	1	0	0	0	0	22	0	0	0	Right	5.695	11708.5	11730.5	LINESTRING(345.760000 431.230000,353.320000 428.700000)
0	109	630	665	1	1	370	370	0	67	437	1	0	Straight	0.0	11730.5	12167.5	LINESTRING(353.320000 428.700000,359.430000 425.990000)
0	110	665	2194	1	1	133	133	0	24	154	0	0	Left	11.389	12178.8	12202.8	LINESTRING(359.430000 425.990000,362.840000 429.440000)
0	111	2194	665	1	1	133	133	0	24	154	1	0	U	45.557	12248.4	12402.4	LINESTRING(362.840000 429.440000,359.430000 425.990000)
0	112	665	724	1	1	96	96	0	17	107	1	0	Left	11.389	12413.8	12520.8	LINESTRING(359.430000 425.990000,360.500000 419.090000)
0	113	724	723	1	1	196	196	0	35	225	1	0	Right	5.695	12526.5	12751.5	LINESTRING(360.500000 419.090000,352.150000 417.810000)
0	114	723	1633	1	1	239	239	0	43	273	1	0	Straight	0.0	12751.5	13024.5	LINESTRING(352.150000 417.810000,345.910000 419.850000)
0	115	1633	723	1	1	239	239	0	43	273	0	0	U	45.557	13070.0	13113.0	LINESTRING(345.910000 419.850000,352.150000 417.810000)
0	116	723	726	1	1	99	99	0	18	108	1	0	Right	5.695	13118.7	13226.7	LINESTRING(352.150000 417.810000,346.480000 414.180000)
0	117	726	733	1	0	0	0	0	17	0	0	0	Left	11.389	13238.1	13255.1	LINESTRING(346.480000 414.180000,350.330000 407.120000)
0	118	733	1898	1	0	0	0	0	20	0	0	0	Right	5.695	13260.8	13280.8	LINESTRING(350.330000 407.120000,329.660000 405.740000)
0	119	1898	766	1	0	0	0	0	22	0	0	0	Straight	0.0	13280.8	13302.8	LINESTRING(329.660000 405.740000,312.040000 400.610000)
0	120	766	353	1	0	0	0	0	22	0	0	0	Straight	0.0	13302.8	13324.8	LINESTRING(312.040000 400.610000,291.230000 401.780000)
0	121	353	348	0	0	0	0	0	20	0	0	0	Straight	0.0	13324.8	13344.8	LINESTRING(291.230000 401.780000,278.310000 408.080000)
0	122	348	352	1	0	0	0	0	2	0	0	0	Left	11.389	13356.2	13358.2	LINESTRING(278.310000 408.080000,275.860000 397.770000)
0	123	352	395	1	1	183	183	0	33	213	1	0	Straight	0.0	13358.2	13571.2	LINESTRING(275.860000 397.770000,280.370000 386.230000)
0	124	395	2009	1	1	165	165	0	30	190	1	0	Right	5.695	13576.9	13766.9	LINESTRING(280.370000 386.230000,276.960000 384.580000)
0	125	2009	395	1	1	165	165	0	30	190	0	0	U	45.557	13812.5	13842.5	LINESTRING(276.960000 384.580000,280.370000 386.230000)
0	126	395	396	1	1	154	154	0	28	178	1	0	Right	5.695	13848.2	14026.2	LINESTRING(280.370000 386.230000,284.820000 374.870000)
0	127	396	853	1	1	32	32	0	6	36	1	0	Right	5.695	14031.9	14067.9	LINESTRING(284.820000 374.870000,281.440000 373.170000)
0	128	853	396	1	1	32	32	0	6	36	0	0	U	45.557	14113.4	14119.4	LINESTRING(281.440000 373.170000,284.820000 374.870000)
0	129	396	413	1	1	156	156	0	28	178	1	0	Right	5.695	14125.1	14303.1	LINESTRING(284.820000 374.870000,289.670000 363.760000)
0	130	413	1678	1	0	0	0	0	18	0	0	0	Straight	0.0	14303.1	14321.1	LINESTRING(289.670000 363.760000,302.470000 357.350000)
0	131	1678	459	1	0	0	0	0	11	0	0	0	Right	5.695	14326.8	14337.8	LINESTRING(302.470000 357.350000,290.760000 342.770000)
0	132	459	458	1	0	0	0	0	34	0	0	0	Left	11.389	14349.2	14383.2	LINESTRING(290.760000 342.770000,292.810000 327.990000)
0	133	458	2097	1	1	513	513	0	92	602	1	0	Right	5.695	14388.9	14990.9	LINESTRING(292.810000 327.990000,279.580000 320.460000)
0	134	2097	556	1	0	0	0	0	25	0	0	0	Left	11.389	15002.3	15027.3	LINESTRING(279.580000 320.460000,289.600000 308.420000)
0	135	556	564	1	0	0	0	0	27	0	0	0	Straight	0.0	15027.3	15054.3	LINESTRING(289.600000 308.420000,297.850000 297.270000)
0	136	564	594	1	0	0	0	0	26	0	0	0	Straight	0.0	15054.3	15080.3	LINESTRING(297.850000 297.270000,307.380000 288.170000)
0	137	594	593	1	0	0	0	0	34	0	0	0	Straight	0.0	15080.3	15114.3	LINESTRING(307.380000 288.170000,320.190000 279.470000)
0	138	593	607	1	0	0	0	0	30	0	0	0	Straight	0.0	15114.3	15144.3	LINESTRING(320.190000 279.470000,341.470000 281.280000)
0	139	607	616	1	0	0	0	0	22	0	0	0	Straight	0.0	15144.3	15166.3	LINESTRING(341.470000 281.280000,363.030000 281.580000)
0	140	616	615	1	0	0	0	0	3	0	0	0	Straight	0.0	15166.3	15169.3	LINESTRING(363.030000 281.580000,379.090000 271.730000)
0	141	615	1825	1	0	0	0	0	27	0	0	0	Straight	0.0	15169.3	15196.3	LINESTRING(379.090000 271.730000,401.590000 256.480000)
0	142	1825	690	1	0	0	0	0	12	0	0	0	Straight	0.0	15196.3	15208.3	LINESTRING(401.590000 256.480000,411.190000 240.760000)
0	143	690	2085	1	0	0	0	0	15	0	0	0	Left	11.389	15219.7	15234.7	LINESTRING(411.190000 240.760000,421.880000 250.660000)
0	144	2085	1083	1	0	0	0	0	71	0	0	0	Straight	0.0	15234.7	15305.7	LINESTRING(421.880000 250.660000,446.000000 251.770000)
1	0	1083	2085	1	0	0	0	0	71	0	0	300		0.0	15605.7	15676.7	LINESTRING(446.000000 251.770000,421.880000 250.660000)
1	1	2085	1825	0	0	0	0	0	21	0	0	0	Straight	0.0	15676.7	15697.7	LINESTRING(421.880000 250.660000,401.590000 256.480000)
1	2	1825	615	1	0	0	0	0	27	0	0	0	Straight	0.0	15697.7	15724.7	LINESTRING(401.590000 256.480000,379.090000 271.730000)
1	3	615	1684	0	0	0	0	0	58	0	0	0	Right	5.695	15730.4	15788.4	LINESTRING(379.090000 271.730000,393.810000 293.840000)
1	4	1684	1721	0	0	0	0	0	152	0	0	0	Straight	0.0	15788.4	15940.4	LINESTRING(393.810000 293.840000,413.370000 313.350000)
1	5	1721	1587	0	0	0	0	0	121	0	0	0	Straight	0.0	15940.4	16061.4	LINESTRING(413.370000 313.350000,435.110000 331.040000)
1	6	1587	281	0	0	0	0	0	54	0	0	0	Straight	0.0	16061.4	16115.4	LINESTRING(435.110000 331.040000,459.710000 345.200000)
1	7	281	707	0	0	0	0	0	8	0	0	0	Straight	0.0	16115.4	16123.4	LINESTRING(459.710000 345.200000,472.620000 354.790000)
1	8	707	703	0	0	0	0	0	5	0	0	0	Straight	0.0	16123.4	16128.4	LINESTRING(472.620000 354.790000,485.130000 364.600000)
1	9	703	698	0	0	0	0	0	5	0	0	0	Straight	0.0	16128.4	16133.4	LINESTRING(485.130000 364.600000,504.740000 377.850000)
1	10	698	1946	0	0	0	0	0	6	0	0	0	Straight	0.0	16133.4	16139.4	LINESTRING(504.740000 377.850000,513.150000 392.610000)
1	11	1946	1607	0	0	0	0	0	13	0	0	0	Straight	0.0	16139.4	16152.4	LINESTRING(513.150000 392.610000,521.020000 407.560000)
1	12	1607	1326	0	0	0	0	0	24	0	0	0	Straight	0.0	16152.4	16176.4	LINESTRING(521.020000 407.560000,530.550000 425.070000)
1	13	1326	641	1	0	0	0	0	21	0	0	0	Straight	0.0	16176.4	16197.4	LINESTRING(530.550000 425.070000,540.530000 441.930000)
1	14	641	627	1	0	0	0	0	29	0	0	0	Straight	0.0	16197.4	16226.4	LINESTRING(540.530000 441.930000,541.640000 454.290000)
1	15	627	628	1	0	0	0	0	6	0	0	0	Straight	0.0	16226.4	16232.4	LINESTRING(541.640000 454.290000,539.320000 463.330000)
1	16	628	633	1	0	0	0	0	3	0	0	0	Straight	0.0	16232.4	16235.4	LINESTRING(539.320000 463.330000,534.950000 467.180000)
1	17	633	1791	1	0	0	0	0	65	0	0	0	Straight	0.0	16235.4	16300.4	LINESTRING(534.950000 467.180000,533.720000 473.060000)
1	18	1791	626	1	1	20	20	0	4	24	1	0	Straight	0.0	16300.4	16324.4	LINESTRING(533.720000 473.060000,535.130000 480.110000)
1	19	626	175	1	0	0	0	0	19	0	0	0	Right	5.695	16330.1	16349.1	LINESTRING(535.130000 480.110000,543.740000 483.520000)
1	20	175	174	1	0	0	0	0	19	0	0	0	Straight	0.0	16349.1	16368.1	LINESTRING(543.740000 483.520000,550.160000 491.340000)
1	21	174	1608	1	1	117	117	0	21	131	0	0	Straight	0.0	16368.1	16389.1	LINESTRING(550.160000 491.340000,549.750000 503.310000)
1	22	1608	151	1	0	0	0	0	21	0	0	0	Straight	0.0	16389.1	16410.1	LINESTRING(549.750000 503.310000,555.400000 514.020000)
1	23	151	540	1	1	118	118	0	21	131	1	0	Right	5.695	16415.7	16546.7	LINESTRING(555.400000 514.020000,563.180000 514.760000)
1	24	540	541	1	1	390	390	0	70	460	1	0	Left	11.389	16558.1	17018.1	LINESTRING(563.180000 514.760000,562.620000 521.110000)
1	25	541	1966	1	1	122	122	0	22	142	0	0	Right	5.695	17023.8	17045.8	LINESTRING(562.620000 521.110000,569.410000 522.940000)
1	26	1966	534	1	1	389	389	0	70	450	1	0	Right	5.695	17051.5	17501.5	LINESTRING(569.410000 522.940000,571.530000 511.690000)
1	27	534	118	1	1	118	118	0	21	131	1	0	Left	11.389	17512.9	17643.9	LINESTRING(571.530000 511.690000,576.910000 519.510000)
1	28	118	496	1	1	115	115	0	21	131	0	0	Straight	0.0	17643.9	17664.9	LINESTRING(576.910000 519.510000,583.690000 522.370000)
1	29	496	495	1	1	117	117	0	21	131	1	0	Straight	0.0	17664.9	17795.9	LINESTRING(583.690000 522.370000,592.730000 520.270000)
1	30	495	2055	1	1	153	153	0	27	177	0	0	Straight	0.0	17795.9	17822.9	LINESTRING(592.730000 520.270000,597.980000 522.070000)
1	31	2055	495	1	1	153	153	0	27	177	1	0	U	45.557	17868.5	18045.5	LINESTRING(597.980000 522.070000,592.730000 520.270000)
1	32	495	94	1	1	118	118	0	21	131	1	0	Left	11.389	18056.9	18187.9	LINESTRING(592.730000 520.270000,597.250000 514.940000)
1	33	94	96	1	1	105	105	0	19	119	1	0	Left	11.389	18199.2	18318.2	LINESTRING(597.250000 514.940000,603.260000 522.480000)
1	34	96	1863	1	1	134	134	0	24	154	1	0	Straight	0.0	18318.2	18472.2	LINESTRING(603.260000 522.480000,609.570000 524.840000)
1	35	1863	96	1	1	134	134	0	24	154	0	0	U	45.557	18517.8	18541.8	LINESTRING(609.570000 524.840000,603.260000 522.480000)
1	36	96	1796	1	1	102	102	0	18	118	1	0	Right	5.695	18547.5	18665.5	LINESTRING(603.260000 522.480000,599.510000 528.460000)
1	37	1796	68	1	1	87	87	0	16	96	0	0	Left	11.389	18676.9	18692.9	LINESTRING(599.510000 528.460000,593.860000 528.540000)
1	38	68	1796	1	1	87	87	0	16	96	1	0	U	45.557	18738.4	18834.4	LINESTRING(593.860000 528.540000,599.510000 528.460000)
1	39	1796	78	1	1	101	101	0	18	118	1	0	U	45.557	18880.0	18998.0	LINESTRING(599.510000 528.460000,594.220000 532.230000)
1	40	78	1582	1	1	101	101	0	18	118	1	0	Straight	0.0	18998.0	19116.0	LINESTRING(594.220000 532.230000,586.670000 534.500000)
1	41	1582	1701	1	1	385	385	0	69	449	1	0	Right	5.695	19121.7	19570.7	LINESTRING(586.670000 534.500000,591.860000 538.140000)
1	42	1701	1582	1	1	385	385	0	69	449	0	0	U	45.557	19616.3	19685.3	LINESTRING(591.860000 538.140000,586.670000 534.500000)
1	43	1582	435	1	1	96	96	0	17	107	1	0	Right	5.695	19691.0	19798.0	LINESTRING(586.670000 534.500000,576.460000 538.740000)
1	44	435	54	1	1	453	453	0	82	532	1	0	Left	11.389	19809.3	20341.3	LINESTRING(576.460000 538.740000,577.220000 529.400000)
1	45	54	1347	1	1	203	203	0	36	236	1	0	Straight	0.0	20341.3	20577.3	LINESTRING(577.220000 529.400000,577.660000 515.250000)
1	46	1347	1820	1	1	47	47	0	8	48	1	0	Right	5.695	20583.0	20631.0	LINESTRING(577.660000 515.250000,574.190000 515.060000)
1	47	1820	1581	1	1	41	41	0	7	47	0	0	U	45.557	20676.6	20683.6	LINESTRING(574.190000 515.060000,579.690000 513.840000)
1	48	1581	1820	1	1	41	41	0	7	47	1	0	U	45.557	20729.1	20776.1	LINESTRING(579.690000 513.840000,574.190000 515.060000)
1	49	1820	50	1	1	51	51	0	9	59	1	0	Straight	0.0	20776.1	20835.1	LINESTRING(574.190000 515.060000,567.060000 515.950000)
1	50	50	1667	1	1	29	29	0	5	25	1	0	Right	5.695	20840.8	20865.8	LINESTRING(567.060000 515.950000,563.570000 524.530000)
1	51	1667	1729	1	1	167	167	0	30	190	1	0	Straight	0.0	20865.8	21055.8	LINESTRING(563.570000 524.530000,559.780000 532.350000)
1	52	1729	31	1	1	214	214	0	38	248	1	0	Straight	0.0	21055.8	21303.8	LINESTRING(559.780000 532.350000,556.410000 538.750000)
1	53	31	32	1	1	222	222	0	40	260	1	0	Straight	0.0	21303.8	21563.8	LINESTRING(556.410000 538.750000,557.030000 543.640000)
1	54	32	31	1	1	222	222	0	40	260	0	0	U	45.557	21609.4	21649.4	LINESTRING(557.030000 543.640000,556.410000 538.750000)
1	55	31	33	1	1	83	83	0	15	95	1	0	Right	5.695	21655.1	21750.1	LINESTRING(556.410000 538.750000,553.090000 542.040000)
1	56	33	31	1	1	83	83	0	15	95	0	0	U	45.557	21795.7	21810.7	LINESTRING(553.090000 542.040000,556.410000 538.750000)
1	57	31	1729	1	1	214	214	0	38	248	0	0	Straight	0.0	21810.7	21848.7	LINESTRING(556.410000 538.750000,559.780000 532.350000)
1	58	1729	2168	1	1	133	133	0	24	154	0	0	U	45.557	21894.2	21918.2	LINESTRING(559.780000 532.350000,559.550000 536.360000)
1	59	2168	1729	1	1	133	133	0	24	154	1	0	U	45.557	21963.8	22117.8	LINESTRING(559.550000 536.360000,559.780000 532.350000)
1	60	1729	1667	1	1	167	167	0	30	190	0	0	Straight	0.0	22117.8	22147.8	LINESTRING(559.780000 532.350000,563.570000 524.530000)
1	61	1667	51	0	1	42	42	0	8	48	1	0	Left	11.389	22159.2	22207.2	LINESTRING(563.570000 524.530000,567.210000 524.690000)
1	62	51	394	1	0	0	0	0	18	0	0	0	Left	11.389	22218.5	22236.5	LINESTRING(567.210000 524.690000,569.180000 532.440000)
1	63	394	393	1	1	65	65	0	12	72	0	0	Right	5.695	22242.2	22254.2	LINESTRING(569.180000 532.440000,573.710000 533.680000)
1	64	393	394	1	1	65	65	0	12	72	1	0	U	45.557	22299.8	22371.8	LINESTRING(573.710000 533.680000,569.180000 532.440000)
1	65	394	53	1	0	0	0	0	10	0	0	0	Right	5.695	22377.5	22387.5	LINESTRING(569.180000 532.440000,569.520000 539.920000)
1	66	53	54	1	1	95	95	0	17	107	1	0	U	45.557	22433.0	22540.0	LINESTRING(569.520000 539.920000,577.220000 529.400000)
1	67	54	67	1	0	0	0	0	17	0	0	0	Straight	0.0	22540.0	22557.0	LINESTRING(577.220000 529.400000,586.630000 526.240000)
1	68	67	465	1	1	100	100	0	18	118	1	0	Right	5.695	22562.7	22680.7	LINESTRING(586.630000 526.240000,588.310000 515.080000)
1	69	465	1771	1	1	101	101	0	18	118	1	0	Straight	0.0	22680.7	22798.7	LINESTRING(588.310000 515.080000,586.120000 509.520000)
1	70	1771	434	1	1	94	94	0	17	107	1	0	Left	11.389	22810.1	22917.1	LINESTRING(586.120000 509.520000,593.980000 504.550000)
1	71	434	86	1	1	95	95	0	17	107	1	0	Straight	0.0	22917.1	23024.1	LINESTRING(593.980000 504.550000,600.720000 500.910000)
1	72	86	87	1	1	98	98	0	18	108	1	0	Straight	0.0	23024.1	23132.1	LINESTRING(600.720000 500.910000,604.160000 496.930000)
1	73	87	1484	1	1	97	97	0	17	107	1	0	Right	5.695	23137.8	23244.8	LINESTRING(604.160000 496.930000,598.790000 497.120000)
1	74	1484	466	1	0	0	0	0	18	0	0	0	Straight	0.0	23244.8	23262.8	LINESTRING(598.790000 497.120000,589.490000 505.290000)
1	75	466	94	1	1	102	102	0	18	118	1	0	Right	5.695	23268.5	23386.5	LINESTRING(589.490000 505.290000,597.250000 514.940000)
1	76	94	95	1	1	129	129	0	23	143	1	0	Straight	0.0	23386.5	23529.5	LINESTRING(597.250000 514.940000,603.660000 515.870000)
1	77	95	94	1	1	129	129	0	23	143	0	0	U	45.557	23575.1	23598.1	LINESTRING(603.660000 515.870000,597.250000 514.940000)
1	78	94	466	1	1	102	102	0	18	118	0	0	Straight	0.0	23598.1	23616.1	LINESTRING(597.250000 514.940000,589.490000 505.290000)
1	79	466	1484	1	0	0	0	0	18	0	0	0	Left	11.389	23627.5	23645.5	LINESTRING(589.490000 505.290000,598.790000 497.120000)
1	80	1484	2029	1	1	109	109	0	20	120	1	0	Straight	0.0	23645.5	23765.5	LINESTRING(598.790000 497.120000,608.770000 497.660000)
1	81	2029	2176	1	1	47	47	0	9	49	1	0	Straight	0.0	23765.5	23814.5	LINESTRING(608.770000 497.660000,615.260000 499.150000)
1	82	2176	2029	1	1	47	47	0	9	49	0	0	U	45.557	23860.0	23869.0	LINESTRING(615.260000 499.150000,608.770000 497.660000)
1	83	2029	1775	1	1	94	94	0	17	107	1	0	Left	11.389	23880.4	23987.4	LINESTRING(608.770000 497.660000,611.930000 494.050000)
1	84	1775	92	1	1	96	96	0	17	107	1	0	Right	5.695	23993.1	24100.1	LINESTRING(611.930000 494.050000,606.480000 491.810000)
1	85	92	87	1	0	0	0	0	37	0	0	0	Right	5.695	24105.8	24142.8	LINESTRING(606.480000 491.810000,604.160000 496.930000)
1	86	87	1484	1	1	97	97	0	17	107	0	0	Left	11.389	24154.2	24171.2	LINESTRING(604.160000 496.930000,598.790000 497.120000)
1	87	1484	466	1	0	0	0	0	18	0	0	0	Straight	0.0	24171.2	24189.2	LINESTRING(598.790000 497.120000,589.490000 505.290000)
1	88	466	465	1	1	385	385	0	69	449	1	0	Straight	0.0	24189.2	24638.2	LINESTRING(589.490000 505.290000,588.310000 515.080000)
1	89	465	1771	1	1	101	101	0	18	118	0	0	U	45.557	24683.8	24701.8	LINESTRING(588.310000 515.080000,586.120000 509.520000)
1	90	1771	1347	1	1	97	97	0	17	107	1	0	Right	5.695	24707.4	24814.4	LINESTRING(586.120000 509.520000,577.660000 515.250000)
1	91	1347	54	1	1	203	203	0	36	236	0	0	Right	5.695	24820.1	24856.1	LINESTRING(577.660000 515.250000,577.220000 529.400000)
1	92	54	53	1	1	95	95	0	17	107	0	0	Straight	0.0	24856.1	24873.1	LINESTRING(577.220000 529.400000,569.520000 539.920000)
1	93	53	391	1	0	0	0	0	39	0	0	0	Straight	0.0	24873.1	24912.1	LINESTRING(569.520000 539.920000,563.330000 553.310000)
1	94	391	390	1	1	148	148	0	27	167	0	0	Right	5.695	24917.8	24944.8	LINESTRING(563.330000 553.310000,565.270000 558.090000)
1	95	390	391	1	1	148	148	0	27	167	1	0	U	45.557	24990.4	25157.4	LINESTRING(565.270000 558.090000,563.330000 553.310000)
1	96	391	1821	1	0	0	0	0	35	0	0	0	Right	5.695	25163.1	25198.1	LINESTRING(563.330000 553.310000,556.490000 565.170000)
1	97	1821	1629	1	1	201	201	0	36	236	1	0	U	45.557	25243.6	25479.6	LINESTRING(556.490000 565.170000,566.820000 548.860000)
1	98	1629	1916	1	1	560	560	0	101	661	1	0	Straight	0.0	25479.6	26140.6	LINESTRING(566.820000 548.860000,571.050000 535.190000)
1	99	1916	119	1	1	179	179	0	32	202	0	0	Straight	0.0	26140.6	26172.6	LINESTRING(571.050000 535.190000,576.740000 526.470000)
1	100	119	496	1	1	314	314	0	56	366	1	0	Straight	0.0	26172.6	26538.6	LINESTRING(576.740000 526.470000,583.690000 522.370000)
1	101	496	118	1	1	115	115	0	21	131	1	0	Right	5.695	26544.3	26675.3	LINESTRING(583.690000 522.370000,576.910000 519.510000)
1	102	118	119	1	1	211	211	0	38	248	1	0	Right	5.695	26681.0	26929.0	LINESTRING(576.910000 519.510000,576.740000 526.470000)
1	103	119	1916	1	1	179	179	0	32	202	1	0	Straight	0.0	26929.0	27131.0	LINESTRING(576.740000 526.470000,571.050000 535.190000)
1	104	1916	1760	1	1	43	43	0	8	48	1	0	Right	5.695	27136.7	27184.7	LINESTRING(571.050000 535.190000,576.090000 541.150000)
1	105	1760	1761	1	1	4	4	0	1	1	1	0	Straight	0.0	27184.7	27185.7	LINESTRING(576.090000 541.150000,582.540000 545.300000)
1	106	1761	2182	1	1	85	85	0	15	95	0	0	Straight	0.0	27185.7	27200.7	LINESTRING(582.540000 545.300000,587.530000 547.970000)
1	107	2182	1761	1	1	85	85	0	15	95	1	0	U	45.557	27246.3	27341.3	LINESTRING(587.530000 547.970000,582.540000 545.300000)
1	108	1761	1760	1	1	4	4	0	1	1	0	0	Straight	0.0	27341.3	27342.3	LINESTRING(582.540000 545.300000,576.090000 541.150000)
1	109	1760	1916	1	1	43	43	0	8	48	0	0	Straight	0.0	27342.3	27350.3	LINESTRING(576.090000 541.150000,571.050000 535.190000)
1	110	1916	1966	1	1	113	113	0	20	130	1	0	Straight	0.0	27350.3	27480.3	LINESTRING(571.050000 535.190000,569.410000 522.940000)
1	111	1966	541	1	1	122	122	0	22	142	1	0	Right	5.695	27486.0	27628.0	LINESTRING(569.410000 522.940000,562.620000 521.110000)
1	112	541	152	1	1	118	118	0	21	131	1	0	Right	5.695	27633.7	27764.7	LINESTRING(562.620000 521.110000,557.030000 525.390000)
1	113	152	151	1	1	390	390	0	70	460	1	0	Left	11.389	27776.1	28236.1	LINESTRING(557.030000 525.390000,555.400000 514.020000)
1	114	151	1608	1	0	0	0	0	21	0	0	0	Straight	0.0	28236.1	28257.1	LINESTRING(555.400000 514.020000,549.750000 503.310000)
1	115	1608	174	1	1	117	117	0	21	131	1	0	Straight	0.0	28257.1	28388.1	LINESTRING(549.750000 503.310000,550.160000 491.340000)
1	116	174	1509	1	0	0	0	0	18	0	0	0	Left	11.389	28399.5	28417.5	LINESTRING(550.160000 491.340000,562.280000 488.010000)
1	117	1509	183	1	0	0	0	0	19	0	0	0	Right	5.695	28423.2	28442.2	LINESTRING(562.280000 488.010000,557.100000 474.550000)
1	118	183	2122	1	0	0	0	0	53	0	0	0	Straight	0.0	28442.2	28495.2	LINESTRING(557.100000 474.550000,552.720000 463.740000)
1	119	2122	173	1	0	0	0	0	19	0	0	0	Straight	0.0	28495.2	28514.2	LINESTRING(552.720000 463.740000,551.700000 453.380000)
1	120	173	641	1	0	0	0	0	40	0	0	0	Straight	0.0	28514.2	28554.2	LINESTRING(551.700000 453.380000,540.530000 441.930000)
1	121	641	1326	1	0	0	0	0	21	0	0	0	Straight	0.0	28554.2	28575.2	LINESTRING(540.530000 441.930000,530.550000 425.070000)
1	122	1326	668	0	0	0	0	0	25	0	0	0	Straight	0.0	28575.2	28600.2	LINESTRING(530.550000 425.070000,507.190000 416.860000)
1	123	668	1523	0	0	0	0	0	12	0	0	0	Straight	0.0	28600.2	28612.2	LINESTRING(507.190000 416.860000,497.610000 406.340000)
1	124	1523	251	0	0	0	0	0	5	0	0	0	Straight	0.0	28612.2	28617.2	LINESTRING(497.610000 406.340000,487.860000 396.120000)
1	125	251	261	0	0	0	0	0	5	0	0	0	Straight	0.0	28617.2	28622.2	LINESTRING(487.860000 396.120000,470.500000 382.250000)
1	126	261	262	0	0	0	0	0	5	0	0	0	Straight	0.0	28622.2	28627.2	LINESTRING(470.500000 382.250000,458.440000 372.130000)
1	127	262	272	0	0	0	0	0	8	0	0	0	Straight	0.0	28627.2	28635.2	LINESTRING(458.440000 372.130000,446.100000 362.390000)
1	128	272	306	0	0	0	0	0	54	0	0	0	Straight	0.0	28635.2	28689.2	LINESTRING(446.100000 362.390000,426.660000 339.530000)
1	129	306	983	0	0	0	0	0	122	0	0	0	Straight	0.0	28689.2	28811.2	LINESTRING(426.660000 339.530000,404.910000 318.790000)
1	130	983	984	0	0	0	0	0	151	0	0	0	Straight	0.0	28811.2	28962.2	LINESTRING(404.910000 318.790000,381.850000 299.240000)
1	131	984	616	0	0	0	0	0	57	0	0	0	Straight	0.0	28962.2	29019.2	LINESTRING(381.850000 299.240000,363.030000 281.580000)
1	132	616	615	1	0	0	0	0	3	0	0	0	Left	11.389	29030.5	29033.5	LINESTRING(363.030000 281.580000,379.090000 271.730000)
1	133	615	1825	1	0	0	0	0	27	0	0	0	Straight	0.0	29033.5	29060.5	LINESTRING(379.090000 271.730000,401.590000 256.480000)
1	134	1825	690	1	0	0	0	0	12	0	0	0	Straight	0.0	29060.5	29072.5	LINESTRING(401.590000 256.480000,411.190000 240.760000)
1	135	690	2085	1	0	0	0	0	15	0	0	0	Left	11.389	29083.9	29098.9	LINESTRING(411.190000 240.760000,421.880000 250.660000)
1	136	2085	1083	1	0	0	0	0	71	0	0	0	Straight	0.0	29098.9	29169.9	LINESTRING(421.880000 250.660000,446.000000 251.770000)
2	0	1083	1083	-1	-1	0	0	0	0	0	0	300		0.0	29169.9	29469.9	LINESTRING(446.000000 251.770000,446.000000 251.770000)
