Problem Type	Solution Method	Vehicle Capacity (Weight)	Vehicle Capacity(Volume)	Disposal Trips	Route Time	Route Time wo Turns	Computational Time(Sec)	Clustering Time(Sec)	VA(NHO)	VA(ATD)	VA(CCI)	VA(DMT)	VA(ROI)	VA(AOI)	Optimal
MCARPTIF-TP	GPM	10000	10000	2	31994.3	29500	402.218	3.526	0	2118.73	1	47408.5	0.0739122	0.0471134	0
Load No	Sequence No	From Node ID	To Node ID	IsEdge	Required	Weight	Volume	Travel Miles	Travel Time	Service Time	Served	Dumped	Turn Type	Turn Cost	Depart Time	Arrival Time	Shape
0	0	1083	2085	1	0	0	0	0	71	0	0	300		0.0	300.0	371.0	LINESTRING(446.000000 251.770000,421.880000 250.660000)
0	1	2085	690	1	0	0	0	0	15	0	0	0	Straight	0.0	371.0	386.0	LINESTRING(421.880000 250.660000,411.190000 240.760000)
0	2	690	691	1	0	0	0	0	47	0	0	0	Straight	0.0	386.0	433.0	LINESTRING(411.190000 240.760000,407.970000 225.860000)
0	3	691	692	0	0	0	0	0	1	0	0	0	Straight	0.0	433.0	434.0	LINESTRING(407.970000 225.860000,403.970000 215.090000)
0	4	692	1787	0	0	0	0	0	2	0	0	0	Straight	0.0	434.0	436.0	LINESTRING(403.970000 215.090000,404.170000 207.910000)
0	5	1787	1172	1	0	0	0	0	53	0	0	0	Straight	0.0	436.0	489.0	LINESTRING(404.170000 207.910000,400.840000 197.070000)
0	6	1172	1173	1	0	0	0	0	72	0	0	0	Straight	0.0	489.0	561.0	LINESTRING(400.840000 197.070000,395.060000 186.710000)
0	7	1173	1215	1	0	0	0	0	71	0	0	0	Straight	0.0	561.0	632.0	LINESTRING(395.060000 186.710000,388.080000 177.110000)
0	8	1215	1598	1	0	0	0	0	36	0	0	0	Straight	0.0	632.0	668.0	LINESTRING(388.080000 177.110000,378.830000 168.810000)
0	9	1598	1599	1	0	0	0	0	28	0	0	0	Straight	0.0	668.0	696.0	LINESTRING(378.830000 168.810000,366.710000 166.060000)
0	10	1599	1236	1	0	0	0	0	44	0	0	0	Straight	0.0	696.0	740.0	LINESTRING(366.710000 166.060000,359.620000 161.340000)
0	11	1236	1251	1	0	0	0	0	50	0	0	0	Straight	0.0	740.0	790.0	LINESTRING(359.620000 161.340000,350.570000 157.740000)
0	12	1251	1250	1	0	0	0	0	20	0	0	0	Left	11.389	801.389	821.389	LINESTRING(350.570000 157.740000,349.500000 151.450000)
0	13	1250	2014	1	0	0	0	0	10	0	0	0	Right	5.695	827.084	837.084	LINESTRING(349.500000 151.450000,339.690000 148.740000)
0	14	2014	1072	1	0	0	0	0	44	0	0	0	Straight	0.0	837.084	881.084	LINESTRING(339.690000 148.740000,330.840000 139.340000)
0	15	1072	1264	1	0	0	0	0	3	0	0	0	Straight	0.0	881.084	884.084	LINESTRING(330.840000 139.340000,324.060000 130.290000)
0	16	1264	1795	0	0	0	0	0	119	0	0	0	Left	11.389	895.473	1014.47	LINESTRING(324.060000 130.290000,339.810000 123.590000)
0	17	1795	1179	0	0	0	0	0	50	0	0	0	Left	11.389	1025.86	1075.86	LINESTRING(339.810000 123.590000,355.830000 131.700000)
0	18	1179	1114	1	0	0	0	0	278	0	0	0	Straight	0.0	1075.86	1353.86	LINESTRING(355.830000 131.700000,375.590000 140.220000)
0	19	1114	1115	0	1	38	38	0	7	37	1	0	Straight	0.0	1353.86	1390.86	LINESTRING(375.590000 140.220000,384.480000 144.310000)
0	20	1115	2037	1	1	34	34	0	6	36	1	0	Straight	0.0	1390.86	1426.86	LINESTRING(384.480000 144.310000,392.860000 148.510000)
0	21	2037	2038	1	0	0	0	0	14	0	0	0	Straight	0.0	1426.86	1440.86	LINESTRING(392.860000 148.510000,411.820000 157.330000)
0	22	2038	2115	1	0	0	0	0	150	0	0	0	Straight	0.0	1440.86	1590.86	LINESTRING(411.820000 157.330000,430.340000 166.850000)
0	23	2115	1474	1	0	0	0	0	8	0	0	0	Straight	0.0	1590.86	1598.86	LINESTRING(430.340000 166.850000,448.580000 177.010000)
0	24	1474	1281	1	0	0	0	0	14	0	0	0	Straight	0.0	1598.86	1612.86	LINESTRING(448.580000 177.010000,459.080000 180.120000)
0	25	1281	1282	1	0	0	0	0	5	0	0	0	Straight	0.0	1612.86	1617.86	LINESTRING(459.080000 180.120000,469.710000 183.750000)
0	26	1282	1749	1	0	0	0	0	7	0	0	0	Straight	0.0	1617.86	1624.86	LINESTRING(469.710000 183.750000,480.390000 187.540000)
0	27	1749	1750	0	0	0	0	0	54	0	0	0	Straight	0.0	1624.86	1678.86	LINESTRING(480.390000 187.540000,491.130000 191.930000)
0	28	1750	1037	0	0	0	0	0	59	0	0	0	Straight	0.0	1678.86	1737.86	LINESTRING(491.130000 191.930000,502.200000 196.520000)
0	29	1037	1038	0	0	0	0	0	9	0	0	0	Straight	0.0	1737.86	1746.86	LINESTRING(502.200000 196.520000,513.720000 201.340000)
0	30	1038	1644	0	0	0	0	0	10	0	0	0	Straight	0.0	1746.86	1756.86	LINESTRING(513.720000 201.340000,525.200000 207.270000)
0	31	1644	1814	0	0	0	0	0	65	0	0	0	Straight	0.0	1756.86	1821.86	LINESTRING(525.200000 207.270000,536.250000 214.030000)
0	32	1814	1213	0	0	0	0	0	136	0	0	0	Straight	0.0	1821.86	1957.86	LINESTRING(536.250000 214.030000,544.930000 223.200000)
0	33	1213	1202	0	0	0	0	0	3	0	0	0	Straight	0.0	1957.86	1960.86	LINESTRING(544.930000 223.200000,554.250000 230.140000)
0	34	1202	1203	0	0	0	0	0	4	0	0	0	Straight	0.0	1960.86	1964.86	LINESTRING(554.250000 230.140000,563.860000 235.890000)
0	35	1203	1381	0	0	0	0	0	5	0	0	0	Straight	0.0	1964.86	1969.86	LINESTRING(563.860000 235.890000,573.890000 239.000000)
0	36	1381	1595	0	0	0	0	0	135	0	0	0	Right	5.695	1975.56	2110.56	LINESTRING(573.890000 239.000000,582.040000 229.700000)
0	37	1595	2247	0	0	0	0	0	498	0	0	0	Straight	0.0	2110.56	2608.56	LINESTRING(582.040000 229.700000,589.490000 220.880000)
0	38	2247	2211	0	0	0	0	0	124	0	0	0	Straight	0.0	2608.56	2732.56	LINESTRING(589.490000 220.880000,596.650000 212.780000)
0	39	2211	2207	0	0	0	0	0	10	0	0	0	Straight	0.0	2732.56	2742.56	LINESTRING(596.650000 212.780000,599.270000 201.740000)
0	40	2207	2206	1	0	0	0	0	1	0	0	0	Straight	0.0	2742.56	2743.56	LINESTRING(599.270000 201.740000,599.100000 181.010000)
0	41	2206	2205	1	0	0	0	0	1	0	0	0	Straight	0.0	2743.56	2744.56	LINESTRING(599.100000 181.010000,599.530000 160.550000)
0	42	2205	2230	0	0	0	0	0	17	0	0	0	Straight	0.0	2744.56	2761.56	LINESTRING(599.530000 160.550000,598.330000 146.720000)
0	43	2230	2209	0	1	177	177	0	32	202	1	0	Straight	0.0	2761.56	2963.56	LINESTRING(598.330000 146.720000,596.800000 134.990000)
0	44	2209	2238	1	1	17	17	0	3	13	0	0	Straight	0.0	2963.56	2966.56	LINESTRING(596.800000 134.990000,594.740000 122.500000)
0	45	2238	2237	1	1	344	344	0	62	402	0	0	Straight	0.0	2966.56	3028.56	LINESTRING(594.740000 122.500000,595.550000 112.780000)
0	46	2237	2233	1	1	101	101	0	18	118	1	0	Right	5.695	3034.25	3152.25	LINESTRING(595.550000 112.780000,590.200000 111.810000)
0	47	2233	2234	1	1	331	331	0	60	390	1	0	Straight	0.0	3152.25	3542.25	LINESTRING(590.200000 111.810000,585.650000 109.230000)
0	48	2234	2233	1	1	331	331	0	60	390	0	0	U	45.557	3587.81	3647.81	LINESTRING(585.650000 109.230000,590.200000 111.810000)
0	49	2233	2236	1	1	81	81	0	15	95	1	0	Straight	0.0	3647.81	3742.81	LINESTRING(590.200000 111.810000,591.500000 115.750000)
0	50	2236	2248	1	1	342	342	0	62	402	0	0	U	45.557	3788.37	3850.37	LINESTRING(591.500000 115.750000,590.690000 109.520000)
0	51	2248	2236	1	1	342	342	0	62	402	1	0	U	45.557	3895.92	4297.92	LINESTRING(590.690000 109.520000,591.500000 115.750000)
0	52	2236	2238	1	1	359	359	0	65	415	1	0	Straight	0.0	4297.92	4712.92	LINESTRING(591.500000 115.750000,594.740000 122.500000)
0	53	2238	2209	1	1	17	17	0	3	13	1	0	Straight	0.0	4712.92	4725.92	LINESTRING(594.740000 122.500000,596.800000 134.990000)
0	54	2209	2210	0	1	110	110	0	20	130	1	0	Straight	0.0	4725.92	4855.92	LINESTRING(596.800000 134.990000,600.290000 140.110000)
0	55	2210	2244	0	0	0	0	0	8	0	0	0	Right	5.695	4861.62	4869.62	LINESTRING(600.290000 140.110000,604.830000 134.470000)
0	56	2244	2229	0	0	0	0	0	16	0	0	0	Straight	0.0	4869.62	4885.62	LINESTRING(604.830000 134.470000,606.920000 128.820000)
0	57	2229	2201	0	0	0	0	0	4	0	0	0	Straight	0.0	4885.62	4889.62	LINESTRING(606.920000 128.820000,605.590000 124.470000)
0	58	2201	2202	0	1	31	31	0	11	71	1	0	Straight	0.0	4889.62	4960.62	LINESTRING(605.590000 124.470000,606.780000 115.530000)
0	59	2202	2214	0	0	0	0	0	11	0	0	0	Straight	0.0	4960.62	4971.62	LINESTRING(606.780000 115.530000,605.700000 107.780000)
0	60	2214	2215	1	0	0	0	0	92	0	0	0	Straight	0.0	4971.62	5063.62	LINESTRING(605.700000 107.780000,604.970000 97.775000)
0	61	2215	2224	1	0	0	0	0	192	0	0	0	Straight	0.0	5063.62	5255.62	LINESTRING(604.970000 97.775000,608.120000 86.441000)
0	62	2224	2225	1	0	0	0	0	122	0	0	0	Straight	0.0	5255.62	5377.62	LINESTRING(608.120000 86.441000,610.990000 75.995000)
0	63	2225	2223	1	1	121	121	0	22	142	1	0	Straight	0.0	5377.62	5519.62	LINESTRING(610.990000 75.995000,613.370000 66.490000)
0	64	2223	2222	1	1	84	84	0	15	95	1	0	Straight	0.0	5519.62	5614.62	LINESTRING(613.370000 66.490000,616.810000 58.189000)
0	65	2222	2235	1	1	81	81	0	15	95	1	0	Straight	0.0	5614.62	5709.62	LINESTRING(616.810000 58.189000,619.450000 49.622000)
0	66	2235	2246	1	1	93	93	0	17	107	1	0	Straight	0.0	5709.62	5816.62	LINESTRING(619.450000 49.622000,623.540000 40.431000)
0	67	2246	2221	1	1	85	85	0	15	95	1	0	Straight	0.0	5816.62	5911.62	LINESTRING(623.540000 40.431000,627.610000 35.162000)
0	68	2221	2219	1	1	87	87	0	16	96	1	0	Straight	0.0	5911.62	6007.62	LINESTRING(627.610000 35.162000,630.660000 30.075000)
0	69	2219	2220	1	1	256	256	0	46	296	1	0	Right	5.695	6013.31	6309.31	LINESTRING(630.660000 30.075000,628.190000 27.537000)
0	70	2220	2242	1	1	86	86	0	15	95	1	0	Right	5.695	6315.01	6410.01	LINESTRING(628.190000 27.537000,625.410000 33.256000)
0	71	2242	2221	1	1	250	250	0	45	295	1	0	Right	5.695	6415.7	6710.7	LINESTRING(625.410000 33.256000,627.610000 35.162000)
0	72	2221	2219	1	1	87	87	0	16	96	0	0	Right	5.695	6716.4	6732.4	LINESTRING(627.610000 35.162000,630.660000 30.075000)
0	73	2219	2218	1	1	72	72	0	13	83	1	0	Straight	0.0	6732.4	6815.4	LINESTRING(630.660000 30.075000,633.310000 26.060000)
0	74	2218	2239	1	1	263	263	0	47	307	1	0	Right	5.695	6821.09	7128.09	LINESTRING(633.310000 26.060000,631.220000 22.810000)
0	75	2239	2245	1	1	20	20	0	4	24	1	0	Left	11.389	7139.48	7163.48	LINESTRING(631.220000 22.810000,633.260000 18.000000)
0	76	2245	2239	1	1	20	20	0	4	24	0	0	U	45.557	7209.04	7213.04	LINESTRING(633.260000 18.000000,631.220000 22.810000)
0	77	2239	2220	1	1	87	87	0	16	96	1	0	Straight	0.0	7213.04	7309.04	LINESTRING(631.220000 22.810000,628.190000 27.537000)
0	78	2220	2242	1	1	86	86	0	15	95	0	0	Straight	0.0	7309.04	7324.04	LINESTRING(628.190000 27.537000,625.410000 33.256000)
0	79	2242	2246	1	1	322	322	0	58	378	1	0	Straight	0.0	7324.04	7702.04	LINESTRING(625.410000 33.256000,623.540000 40.431000)
0	80	2246	2235	1	1	93	93	0	17	107	0	0	Straight	0.0	7702.04	7719.04	LINESTRING(623.540000 40.431000,619.450000 49.622000)
0	81	2235	2226	1	1	160	160	0	29	189	1	0	Straight	0.0	7719.04	7908.04	LINESTRING(619.450000 49.622000,615.520000 55.130000)
0	82	2226	2227	1	1	93	93	0	17	107	1	0	Straight	0.0	7908.04	8015.04	LINESTRING(615.520000 55.130000,611.560000 58.186000)
0	83	2227	2250	1	1	334	334	0	60	390	1	0	Straight	0.0	8015.04	8405.04	LINESTRING(611.560000 58.186000,608.170000 59.609000)
0	84	2250	2228	1	1	379	379	0	68	438	1	0	Right	5.695	8410.73	8848.73	LINESTRING(608.170000 59.609000,610.630000 62.575000)
0	85	2228	2223	1	1	301	301	0	54	354	1	0	Straight	0.0	8848.73	9202.73	LINESTRING(610.630000 62.575000,613.370000 66.490000)
0	86	2223	2222	1	1	84	84	0	15	95	0	0	Right	5.695	9208.43	9223.43	LINESTRING(613.370000 66.490000,616.810000 58.189000)
0	87	2222	2226	1	1	239	239	0	43	273	1	0	Right	5.695	9229.12	9502.12	LINESTRING(616.810000 58.189000,615.520000 55.130000)
0	88	2226	2227	1	1	93	93	0	17	107	0	0	Right	5.695	9507.82	9524.82	LINESTRING(615.520000 55.130000,611.560000 58.186000)
0	89	2227	2228	1	1	122	122	0	22	142	1	0	Straight	0.0	9524.82	9666.82	LINESTRING(611.560000 58.186000,610.630000 62.575000)
0	90	2228	2223	1	1	301	301	0	54	354	0	0	Right	5.695	9672.51	9726.51	LINESTRING(610.630000 62.575000,613.370000 66.490000)
0	91	2223	2225	1	1	121	121	0	22	142	0	0	Left	11.389	9737.9	9759.9	LINESTRING(613.370000 66.490000,610.990000 75.995000)
0	92	2225	2224	1	0	0	0	0	122	0	0	0	Straight	0.0	9759.9	9881.9	LINESTRING(610.990000 75.995000,608.120000 86.441000)
0	93	2224	2215	1	0	0	0	0	192	0	0	0	Straight	0.0	9881.9	10073.9	LINESTRING(608.120000 86.441000,604.970000 97.775000)
0	94	2215	2216	1	1	189	189	0	34	214	1	0	Straight	0.0	10073.9	10287.9	LINESTRING(604.970000 97.775000,599.040000 104.190000)
0	95	2216	2217	1	1	242	242	0	44	284	1	0	U	45.557	10333.5	10617.5	LINESTRING(599.040000 104.190000,598.960000 98.653000)
0	96	2217	2216	1	1	242	242	0	44	284	0	0	U	45.557	10663.0	10707.0	LINESTRING(598.960000 98.653000,599.040000 104.190000)
0	97	2216	2237	1	1	161	161	0	29	189	1	0	Straight	0.0	10707.0	10896.0	LINESTRING(599.040000 104.190000,595.550000 112.780000)
0	98	2237	2238	1	1	344	344	0	62	402	1	0	Straight	0.0	10896.0	11298.0	LINESTRING(595.550000 112.780000,594.740000 122.500000)
0	99	2238	2209	1	1	17	17	0	3	13	0	0	Straight	0.0	11298.0	11301.0	LINESTRING(594.740000 122.500000,596.800000 134.990000)
0	100	2209	2210	0	1	110	110	0	20	130	0	0	Straight	0.0	11301.0	11321.0	LINESTRING(596.800000 134.990000,600.290000 140.110000)
0	101	2210	2204	0	1	5	5	0	1	1	1	0	Straight	0.0	11321.0	11322.0	LINESTRING(600.290000 140.110000,600.920000 146.090000)
0	102	2204	2205	0	0	0	0	0	38	0	0	0	Straight	0.0	11322.0	11360.0	LINESTRING(600.920000 146.090000,599.530000 160.550000)
0	103	2205	2206	1	0	0	0	0	1	0	0	0	Straight	0.0	11360.0	11361.0	LINESTRING(599.530000 160.550000,599.100000 181.010000)
0	104	2206	2207	1	0	0	0	0	1	0	0	0	Straight	0.0	11361.0	11362.0	LINESTRING(599.100000 181.010000,599.270000 201.740000)
0	105	2207	2208	1	0	0	0	0	7	0	0	0	Straight	0.0	11362.0	11369.0	LINESTRING(599.270000 201.740000,601.620000 219.500000)
0	106	2208	2231	1	0	0	0	0	27	0	0	0	Straight	0.0	11369.0	11396.0	LINESTRING(601.620000 219.500000,606.040000 238.760000)
0	107	2231	2232	1	0	0	0	0	8	0	0	0	Straight	0.0	11396.0	11404.0	LINESTRING(606.040000 238.760000,610.660000 258.170000)
0	108	2232	2213	1	0	0	0	0	28	0	0	0	Straight	0.0	11404.0	11432.0	LINESTRING(610.660000 258.170000,615.030000 277.540000)
0	109	2213	2212	1	0	0	0	0	8	0	0	0	Straight	0.0	11432.0	11440.0	LINESTRING(615.030000 277.540000,619.720000 296.700000)
0	110	2212	2243	1	0	0	0	0	4	0	0	0	Straight	0.0	11440.0	11444.0	LINESTRING(619.720000 296.700000,624.390000 315.710000)
0	111	2243	1937	1	0	0	0	0	66	0	0	0	Straight	0.0	11444.0	11510.0	LINESTRING(624.390000 315.710000,637.220000 339.850000)
0	112	1937	1371	1	0	0	0	0	11	0	0	0	Straight	0.0	11510.0	11521.0	LINESTRING(637.220000 339.850000,642.460000 358.980000)
0	113	1371	1455	1	0	0	0	0	12	0	0	0	Right	5.695	11526.7	11538.7	LINESTRING(642.460000 358.980000,650.150000 354.070000)
0	114	1455	1937	0	1	103	103	0	18	118	1	0	Right	5.695	11544.4	11662.4	LINESTRING(650.150000 354.070000,637.220000 339.850000)
0	115	1937	1371	1	0	0	0	0	11	0	0	0	U	45.557	11708.0	11719.0	LINESTRING(637.220000 339.850000,642.460000 358.980000)
0	116	1371	1455	1	0	0	0	0	12	0	0	0	Right	5.695	11724.7	11736.7	LINESTRING(642.460000 358.980000,650.150000 354.070000)
0	117	1455	220	1	0	0	0	0	1	0	0	0	Left	11.389	11748.0	11749.0	LINESTRING(650.150000 354.070000,666.230000 365.440000)
0	118	220	221	1	0	0	0	0	36	0	0	0	Straight	0.0	11749.0	11785.0	LINESTRING(666.230000 365.440000,691.860000 368.820000)
0	119	221	225	0	0	0	0	0	13	0	0	0	Straight	0.0	11785.0	11798.0	LINESTRING(691.860000 368.820000,709.780000 374.890000)
0	120	225	663	0	0	0	0	0	22	0	0	0	Straight	0.0	11798.0	11820.0	LINESTRING(709.780000 374.890000,726.420000 380.250000)
0	121	663	233	1	0	0	0	0	22	0	0	0	Straight	0.0	11820.0	11842.0	LINESTRING(726.420000 380.250000,745.050000 387.470000)
0	122	233	234	1	0	0	0	0	26	0	0	0	Straight	0.0	11842.0	11868.0	LINESTRING(745.050000 387.470000,756.880000 391.100000)
0	123	234	242	1	0	0	0	0	15	0	0	0	Straight	0.0	11868.0	11883.0	LINESTRING(756.880000 391.100000,769.360000 388.730000)
0	124	242	243	1	0	0	0	0	5	0	0	0	Straight	0.0	11883.0	11888.0	LINESTRING(769.360000 388.730000,774.900000 389.450000)
0	125	243	253	1	1	71	71	0	13	83	1	0	Straight	0.0	11888.0	11971.0	LINESTRING(774.900000 389.450000,781.660000 387.530000)
0	126	253	278	1	0	0	0	0	19	0	0	0	Straight	0.0	11971.0	11990.0	LINESTRING(781.660000 387.530000,794.820000 385.370000)
0	127	278	770	1	0	0	0	0	66	0	0	0	Straight	0.0	11990.0	12056.0	LINESTRING(794.820000 385.370000,806.270000 380.770000)
0	128	770	771	1	1	73	73	0	13	83	1	0	Right	5.695	12061.7	12144.7	LINESTRING(806.270000 380.770000,802.440000 372.670000)
0	129	771	759	1	1	91	91	0	16	106	1	0	U	45.557	12190.3	12296.3	LINESTRING(802.440000 372.670000,807.470000 375.150000)
0	130	759	1375	1	1	80	80	0	14	94	1	0	Straight	0.0	12296.3	12390.3	LINESTRING(807.470000 375.150000,812.580000 374.880000)
0	131	1375	759	1	1	80	80	0	14	94	0	0	U	45.557	12435.9	12449.9	LINESTRING(812.580000 374.880000,807.470000 375.150000)
0	132	759	760	1	1	47	47	0	8	48	1	0	Right	5.695	12455.6	12503.6	LINESTRING(807.470000 375.150000,810.890000 378.710000)
0	133	760	759	1	1	47	47	0	8	48	0	0	U	45.557	12549.1	12557.1	LINESTRING(810.890000 378.710000,807.470000 375.150000)
0	134	759	771	1	1	91	91	0	16	106	0	0	Straight	0.0	12557.1	12573.1	LINESTRING(807.470000 375.150000,802.440000 372.670000)
0	135	771	331	1	1	59	59	0	11	61	1	0	Straight	0.0	12573.1	12634.1	LINESTRING(802.440000 372.670000,796.770000 364.190000)
0	136	331	800	1	1	81	81	0	15	95	1	0	Left	11.389	12645.5	12740.5	LINESTRING(796.770000 364.190000,800.310000 356.700000)
0	137	800	355	1	1	89	89	0	16	96	0	0	Left	11.389	12751.9	12767.9	LINESTRING(800.310000 356.700000,809.900000 355.730000)
0	138	355	800	1	1	89	89	0	16	96	1	0	U	45.557	12813.4	12909.4	LINESTRING(809.900000 355.730000,800.310000 356.700000)
0	139	800	799	1	1	192	192	0	35	225	1	0	Left	11.389	12920.8	13145.8	LINESTRING(800.310000 356.700000,794.670000 350.750000)
0	140	799	1925	1	0	0	0	0	14	0	0	0	Straight	0.0	13145.8	13159.8	LINESTRING(794.670000 350.750000,782.210000 348.140000)
0	141	1925	827	1	1	80	80	0	14	94	1	0	Left	11.389	13171.2	13265.2	LINESTRING(782.210000 348.140000,788.590000 343.660000)
0	142	827	1846	1	1	88	88	0	16	96	1	0	Straight	0.0	13265.2	13361.2	LINESTRING(788.590000 343.660000,791.540000 339.380000)
0	143	1846	827	1	1	88	88	0	16	96	0	0	U	45.557	13406.8	13422.8	LINESTRING(791.540000 339.380000,788.590000 343.660000)
0	144	827	828	1	1	87	87	0	16	96	1	0	U	45.557	13468.3	13564.3	LINESTRING(788.590000 343.660000,793.730000 342.510000)
0	145	828	827	1	1	87	87	0	16	96	0	0	U	45.557	13609.9	13625.9	LINESTRING(793.730000 342.510000,788.590000 343.660000)
0	146	827	1925	1	1	80	80	0	14	94	0	0	Straight	0.0	13625.9	13639.9	LINESTRING(788.590000 343.660000,782.210000 348.140000)
0	147	1925	1377	1	0	0	0	0	10	0	0	0	Straight	0.0	13639.9	13649.9	LINESTRING(782.210000 348.140000,767.310000 348.420000)
0	148	1377	1479	1	0	0	0	0	5	0	0	0	Straight	0.0	13649.9	13654.9	LINESTRING(767.310000 348.420000,751.340000 346.950000)
0	149	1479	1900	1	1	22	22	0	4	24	1	0	Right	5.695	13660.6	13684.6	LINESTRING(751.340000 346.950000,748.780000 353.750000)
0	150	1900	1783	1	0	0	0	0	20	0	0	0	Left	11.389	13696.0	13716.0	LINESTRING(748.780000 353.750000,736.360000 356.160000)
0	151	1783	1869	1	1	23	23	0	4	24	1	0	Left	11.389	13727.4	13751.4	LINESTRING(736.360000 356.160000,731.700000 352.210000)
0	152	1869	1677	1	0	0	0	0	2	0	0	0	Left	11.389	13762.8	13764.8	LINESTRING(731.700000 352.210000,735.670000 342.360000)
0	153	1677	861	1	0	0	0	0	61	0	0	0	Right	5.695	13770.4	13831.4	LINESTRING(735.670000 342.360000,722.500000 331.320000)
0	154	861	418	1	0	0	0	0	14	0	0	0	Left	11.389	13842.8	13856.8	LINESTRING(722.500000 331.320000,729.890000 330.430000)
0	155	418	419	1	0	0	0	0	14	0	0	0	Straight	0.0	13856.8	13870.8	LINESTRING(729.890000 330.430000,733.850000 325.790000)
0	156	419	1806	1	1	83	83	0	15	95	1	0	Right	5.695	13876.5	13971.5	LINESTRING(733.850000 325.790000,733.230000 320.530000)
0	157	1806	2152	1	0	0	0	0	15	0	0	0	Straight	0.0	13971.5	13986.5	LINESTRING(733.230000 320.530000,729.650000 315.720000)
0	158	2152	475	1	0	0	0	0	15	0	0	0	Straight	0.0	13986.5	14001.5	LINESTRING(729.650000 315.720000,723.500000 311.860000)
0	159	475	482	1	0	0	0	0	15	0	0	0	Straight	0.0	14001.5	14016.5	LINESTRING(723.500000 311.860000,719.110000 305.860000)
0	160	482	508	1	0	0	0	0	15	0	0	0	Straight	0.0	14016.5	14031.5	LINESTRING(719.110000 305.860000,713.240000 299.770000)
0	161	508	515	1	0	0	0	0	15	0	0	0	Straight	0.0	14031.5	14046.5	LINESTRING(713.240000 299.770000,704.650000 294.360000)
0	162	515	510	1	0	0	0	0	14	0	0	0	Straight	0.0	14046.5	14060.5	LINESTRING(704.650000 294.360000,690.000000 296.320000)
0	163	510	985	1	0	0	0	0	55	0	0	0	Straight	0.0	14060.5	14115.5	LINESTRING(690.000000 296.320000,673.940000 288.260000)
0	164	985	995	1	0	0	0	0	16	0	0	0	Straight	0.0	14115.5	14131.5	LINESTRING(673.940000 288.260000,664.980000 279.280000)
0	165	995	2134	1	1	62	62	0	11	71	1	0	Right	5.695	14137.2	14208.2	LINESTRING(664.980000 279.280000,661.990000 280.870000)
0	166	2134	995	1	1	62	62	0	11	71	0	0	U	45.557	14253.8	14264.8	LINESTRING(661.990000 280.870000,664.980000 279.280000)
0	167	995	1393	1	0	0	0	0	27	0	0	0	Right	5.695	14270.5	14297.5	LINESTRING(664.980000 279.280000,656.580000 269.830000)
0	168	1393	617	1	0	0	0	0	24	0	0	0	Right	5.695	14303.2	14327.2	LINESTRING(656.580000 269.830000,644.460000 275.320000)
0	169	617	1046	1	0	0	0	0	25	0	0	0	Straight	0.0	14327.2	14352.2	LINESTRING(644.460000 275.320000,622.630000 269.300000)
0	170	1046	693	0	0	0	0	0	34	0	0	0	Right	5.695	14357.9	14391.9	LINESTRING(622.630000 269.300000,605.140000 281.850000)
0	171	693	694	0	0	0	0	0	69	0	0	0	Straight	0.0	14391.9	14460.9	LINESTRING(605.140000 281.850000,568.380000 300.600000)
0	172	694	1089	0	0	0	0	0	5	0	0	0	Straight	0.0	14460.9	14465.9	LINESTRING(568.380000 300.600000,537.710000 299.310000)
0	173	1089	1096	0	0	0	0	0	9	0	0	0	Straight	0.0	14465.9	14474.9	LINESTRING(537.710000 299.310000,521.480000 285.320000)
0	174	1096	1097	0	0	0	0	0	6	0	0	0	Straight	0.0	14474.9	14480.9	LINESTRING(521.480000 285.320000,506.660000 275.680000)
0	175	1097	711	1	0	0	0	0	9	0	0	0	Straight	0.0	14480.9	14489.9	LINESTRING(506.660000 275.680000,489.800000 266.860000)
0	176	711	1084	0	0	0	0	0	7	0	0	0	Straight	0.0	14489.9	14496.9	LINESTRING(489.800000 266.860000,472.410000 259.170000)
0	177	1084	1083	1	0	0	0	0	544	0	0	0	Straight	0.0	14496.9	15040.9	LINESTRING(472.410000 259.170000,446.000000 251.770000)
1	0	1083	2085	1	0	0	0	0	71	0	0	300		0.0	15340.9	15411.9	LINESTRING(446.000000 251.770000,421.880000 250.660000)
1	1	2085	1825	0	0	0	0	0	21	0	0	0	Straight	0.0	15411.9	15432.9	LINESTRING(421.880000 250.660000,401.590000 256.480000)
1	2	1825	615	1	0	0	0	0	27	0	0	0	Straight	0.0	15432.9	15459.9	LINESTRING(401.590000 256.480000,379.090000 271.730000)
1	3	615	616	1	0	0	0	0	3	0	0	0	Straight	0.0	15459.9	15462.9	LINESTRING(379.090000 271.730000,363.030000 281.580000)
1	4	616	607	1	0	0	0	0	22	0	0	0	Straight	0.0	15462.9	15484.9	LINESTRING(363.030000 281.580000,341.470000 281.280000)
1	5	607	593	1	0	0	0	0	30	0	0	0	Straight	0.0	15484.9	15514.9	LINESTRING(341.470000 281.280000,320.190000 279.470000)
1	6	593	594	1	0	0	0	0	34	0	0	0	Straight	0.0	15514.9	15548.9	LINESTRING(320.190000 279.470000,307.380000 288.170000)
1	7	594	564	1	0	0	0	0	26	0	0	0	Straight	0.0	15548.9	15574.9	LINESTRING(307.380000 288.170000,297.850000 297.270000)
1	8	564	556	1	0	0	0	0	27	0	0	0	Straight	0.0	15574.9	15601.9	LINESTRING(297.850000 297.270000,289.600000 308.420000)
1	9	556	2097	1	1	139	139	0	25	155	1	0	Straight	0.0	15601.9	15756.9	LINESTRING(289.600000 308.420000,279.580000 320.460000)
1	10	2097	969	1	0	0	0	0	24	0	0	0	Straight	0.0	15756.9	15780.9	LINESTRING(279.580000 320.460000,267.880000 330.780000)
1	11	969	507	1	0	0	0	0	85	0	0	0	Right	5.695	15786.6	15871.6	LINESTRING(267.880000 330.780000,275.170000 339.790000)
1	12	507	459	1	0	0	0	0	23	0	0	0	Straight	0.0	15871.6	15894.6	LINESTRING(275.170000 339.790000,290.760000 342.770000)
1	13	459	1678	1	0	0	0	0	11	0	0	0	Straight	0.0	15894.6	15905.6	LINESTRING(290.760000 342.770000,302.470000 357.350000)
1	14	1678	413	1	0	0	0	0	18	0	0	0	Left	11.389	15917.0	15935.0	LINESTRING(302.470000 357.350000,289.670000 363.760000)
1	15	413	396	1	0	0	0	0	28	0	0	0	Straight	0.0	15935.0	15963.0	LINESTRING(289.670000 363.760000,284.820000 374.870000)
1	16	396	395	1	0	0	0	0	28	0	0	0	Straight	0.0	15963.0	15991.0	LINESTRING(284.820000 374.870000,280.370000 386.230000)
1	17	395	352	1	0	0	0	0	33	0	0	0	Straight	0.0	15991.0	16024.0	LINESTRING(280.370000 386.230000,275.860000 397.770000)
1	18	352	348	1	0	0	0	0	2	0	0	0	Straight	0.0	16024.0	16026.0	LINESTRING(275.860000 397.770000,278.310000 408.080000)
1	19	348	408	0	0	0	0	0	107	0	0	0	Left	11.389	16037.3	16144.3	LINESTRING(278.310000 408.080000,259.570000 409.900000)
1	20	408	412	0	0	0	0	0	3	0	0	0	Straight	0.0	16144.3	16147.3	LINESTRING(259.570000 409.900000,244.880000 405.620000)
1	21	412	893	0	1	12	12	0	2	12	1	0	Left	11.389	16158.7	16170.7	LINESTRING(244.880000 405.620000,241.320000 390.940000)
1	22	893	424	0	0	0	0	0	2	0	0	0	Left	11.389	16182.1	16184.1	LINESTRING(241.320000 390.940000,257.750000 396.330000)
1	23	424	408	0	0	0	0	0	2	0	0	0	Left	11.389	16195.5	16197.5	LINESTRING(257.750000 396.330000,259.570000 409.900000)
1	24	408	1526	0	0	0	0	0	71	0	0	0	Straight	0.0	16197.5	16268.5	LINESTRING(259.570000 409.900000,253.730000 426.600000)
1	25	1526	312	0	0	0	0	0	67	0	0	0	Straight	0.0	16268.5	16335.5	LINESTRING(253.730000 426.600000,254.450000 442.650000)
1	26	312	310	0	0	0	0	0	4	0	0	0	Straight	0.0	16335.5	16339.5	LINESTRING(254.450000 442.650000,257.180000 455.600000)
1	27	310	311	0	0	0	0	0	51	0	0	0	Straight	0.0	16339.5	16390.5	LINESTRING(257.180000 455.600000,261.600000 470.860000)
1	28	311	1984	0	0	0	0	0	28	0	0	0	Straight	0.0	16390.5	16418.5	LINESTRING(261.600000 470.860000,269.750000 485.780000)
1	29	1984	666	0	0	0	0	0	33	0	0	0	Straight	0.0	16418.5	16451.5	LINESTRING(269.750000 485.780000,283.580000 497.100000)
1	30	666	204	0	0	0	0	0	34	0	0	0	Straight	0.0	16451.5	16485.5	LINESTRING(283.580000 497.100000,288.670000 506.890000)
1	31	204	192	0	0	0	0	0	27	0	0	0	Straight	0.0	16485.5	16512.5	LINESTRING(288.670000 506.890000,295.280000 514.410000)
1	32	192	193	0	0	0	0	0	6	0	0	0	Straight	0.0	16512.5	16518.5	LINESTRING(295.280000 514.410000,302.120000 520.810000)
1	33	193	1569	0	0	0	0	0	11	0	0	0	Left	11.389	16529.9	16540.9	LINESTRING(302.120000 520.810000,296.250000 528.010000)
1	34	1569	177	0	0	0	0	0	5	0	0	0	Straight	0.0	16540.9	16545.9	LINESTRING(296.250000 528.010000,296.330000 538.890000)
1	35	177	1896	0	0	0	0	0	7	0	0	0	Straight	0.0	16545.9	16552.9	LINESTRING(296.330000 538.890000,299.970000 546.160000)
1	36	1896	1897	0	0	0	0	0	23	0	0	0	Left	11.389	16564.3	16587.3	LINESTRING(299.970000 546.160000,291.640000 557.620000)
1	37	1897	172	1	1	123	123	0	22	142	1	0	Straight	0.0	16587.3	16729.3	LINESTRING(291.640000 557.620000,284.570000 559.500000)
1	38	172	1780	0	1	32	32	0	6	36	1	0	Left	11.389	16740.7	16776.7	LINESTRING(284.570000 559.500000,278.200000 551.770000)
1	39	1780	188	0	1	85	85	0	15	95	1	0	Straight	0.0	16776.7	16871.7	LINESTRING(278.200000 551.770000,269.070000 550.240000)
1	40	188	701	0	0	0	0	0	116	0	0	0	Straight	0.0	16871.7	16987.7	LINESTRING(269.070000 550.240000,253.870000 554.330000)
1	41	701	671	1	0	0	0	0	45	0	0	0	Right	5.695	16993.4	17038.4	LINESTRING(253.870000 554.330000,254.830000 573.320000)
1	42	671	1781	1	1	142	142	0	26	166	1	0	Left	11.389	17049.8	17215.8	LINESTRING(254.830000 573.320000,239.370000 565.490000)
1	43	1781	671	1	1	142	142	0	26	166	0	0	U	45.557	17261.3	17287.3	LINESTRING(239.370000 565.490000,254.830000 573.320000)
1	44	671	672	1	1	135	135	0	24	154	1	0	Left	11.389	17298.7	17452.7	LINESTRING(254.830000 573.320000,245.210000 585.390000)
1	45	672	206	1	1	284	284	0	51	331	1	0	Straight	0.0	17452.7	17783.7	LINESTRING(245.210000 585.390000,237.160000 592.190000)
1	46	206	207	1	1	65	65	0	12	72	1	0	Straight	0.0	17783.7	17855.7	LINESTRING(237.160000 592.190000,231.640000 594.040000)
1	47	207	206	1	1	65	65	0	12	72	0	0	U	45.557	17901.3	17913.3	LINESTRING(231.640000 594.040000,237.160000 592.190000)
1	48	206	208	1	1	91	91	0	16	106	1	0	U	45.557	17958.8	18064.8	LINESTRING(237.160000 592.190000,233.040000 599.070000)
1	49	208	629	1	1	50	50	0	9	59	1	0	Straight	0.0	18064.8	18123.8	LINESTRING(233.040000 599.070000,227.620000 602.580000)
1	50	629	208	1	1	50	50	0	9	59	0	0	U	45.557	18169.4	18178.4	LINESTRING(227.620000 602.580000,233.040000 599.070000)
1	51	208	189	1	1	244	244	0	44	284	1	0	Left	11.389	18189.8	18473.8	LINESTRING(233.040000 599.070000,236.850000 603.560000)
1	52	189	167	1	1	264	264	0	47	307	1	0	Straight	0.0	18473.8	18780.8	LINESTRING(236.850000 603.560000,239.560000 611.300000)
1	53	167	168	1	1	83	83	0	15	95	1	0	Left	11.389	18792.2	18887.2	LINESTRING(239.560000 611.300000,235.300000 616.380000)
1	54	168	167	1	1	83	83	0	15	95	0	0	U	45.557	18932.7	18947.7	LINESTRING(235.300000 616.380000,239.560000 611.300000)
1	55	167	1866	1	1	160	160	0	29	189	1	0	Left	11.389	18959.1	19148.1	LINESTRING(239.560000 611.300000,247.620000 612.840000)
1	56	1866	2048	1	1	111	111	0	20	130	1	0	Left	11.389	19159.5	19289.5	LINESTRING(247.620000 612.840000,243.960000 618.000000)
1	57	2048	1866	1	1	111	111	0	20	130	0	0	U	45.557	19335.0	19355.0	LINESTRING(243.960000 618.000000,247.620000 612.840000)
1	58	1866	129	1	1	360	360	0	65	425	1	0	Straight	0.0	19355.0	19780.0	LINESTRING(247.620000 612.840000,257.720000 609.090000)
1	59	129	128	1	1	70	70	0	13	83	0	0	U	45.557	19825.6	19838.6	LINESTRING(257.720000 609.090000,254.200000 612.880000)
1	60	128	129	1	1	70	70	0	13	83	1	0	U	45.557	19884.2	19967.2	LINESTRING(254.200000 612.880000,257.720000 609.090000)
1	61	129	132	1	1	186	186	0	33	213	1	0	Straight	0.0	19967.2	20180.2	LINESTRING(257.720000 609.090000,268.970000 603.040000)
1	62	132	1864	1	1	167	167	0	30	190	0	0	Right	5.695	20185.9	20215.9	LINESTRING(268.970000 603.040000,267.320000 600.460000)
1	63	1864	2042	1	1	268	268	0	48	308	1	0	Right	5.695	20221.6	20529.6	LINESTRING(267.320000 600.460000,264.590000 599.960000)
1	64	2042	582	1	1	257	257	0	46	296	1	0	Left	11.389	20540.9	20836.9	LINESTRING(264.590000 599.960000,269.310000 596.170000)
1	65	582	581	1	1	51	51	0	9	59	1	0	Straight	0.0	20836.9	20895.9	LINESTRING(269.310000 596.170000,273.850000 590.140000)
1	66	581	181	1	1	115	115	0	21	131	1	0	U	45.557	20941.5	21072.5	LINESTRING(273.850000 590.140000,265.980000 592.580000)
1	67	181	185	1	1	480	480	0	86	566	1	0	Straight	0.0	21072.5	21638.5	LINESTRING(265.980000 592.580000,260.750000 593.110000)
1	68	185	182	1	1	159	159	0	29	179	1	0	Right	5.695	21644.2	21823.2	LINESTRING(260.750000 593.110000,261.260000 595.770000)
1	69	182	181	1	1	491	491	0	88	578	1	0	Right	5.695	21828.9	22406.9	LINESTRING(261.260000 595.770000,265.980000 592.580000)
1	70	181	581	1	1	115	115	0	21	131	0	0	Straight	0.0	22406.9	22427.9	LINESTRING(265.980000 592.580000,273.850000 590.140000)
1	71	581	572	1	1	71	71	0	13	83	1	0	Straight	0.0	22427.9	22510.9	LINESTRING(273.850000 590.140000,283.050000 583.100000)
1	72	572	1585	1	1	81	81	0	15	95	1	0	Straight	0.0	22510.9	22605.9	LINESTRING(283.050000 583.100000,292.120000 578.080000)
1	73	1585	572	1	1	81	81	0	15	95	0	0	U	45.557	22651.4	22666.4	LINESTRING(292.120000 578.080000,283.050000 583.100000)
1	74	572	581	1	1	71	71	0	13	83	0	0	Straight	0.0	22666.4	22679.4	LINESTRING(283.050000 583.100000,273.850000 590.140000)
1	75	581	582	1	1	51	51	0	9	59	0	0	Straight	0.0	22679.4	22688.4	LINESTRING(273.850000 590.140000,269.310000 596.170000)
1	76	582	1864	1	0	0	0	0	34	0	0	0	Straight	0.0	22688.4	22722.4	LINESTRING(269.310000 596.170000,267.320000 600.460000)
1	77	1864	132	1	1	167	167	0	30	190	1	0	Right	5.695	22728.1	22918.1	LINESTRING(267.320000 600.460000,268.970000 603.040000)
1	78	132	133	1	1	105	105	0	19	119	1	0	Right	5.695	22923.8	23042.8	LINESTRING(268.970000 603.040000,280.830000 596.150000)
1	79	133	114	1	1	87	87	0	16	96	1	0	U	45.557	23088.4	23184.4	LINESTRING(280.830000 596.150000,273.660000 607.250000)
1	80	114	115	1	1	361	361	0	65	425	1	0	Straight	0.0	23184.4	23609.4	LINESTRING(273.660000 607.250000,267.130000 615.000000)
1	81	115	1759	1	1	282	282	0	51	331	0	0	U	45.557	23654.9	23705.9	LINESTRING(267.130000 615.000000,269.600000 614.440000)
1	82	1759	115	1	1	282	282	0	51	331	1	0	U	45.557	23751.5	24082.5	LINESTRING(269.600000 614.440000,267.130000 615.000000)
1	83	115	488	1	1	97	97	0	17	107	1	0	Straight	0.0	24082.5	24189.5	LINESTRING(267.130000 615.000000,262.020000 621.690000)
1	84	488	1756	1	1	52	52	0	9	59	0	0	Straight	0.0	24189.5	24198.5	LINESTRING(262.020000 621.690000,257.770000 626.790000)
1	85	1756	488	1	1	52	52	0	9	59	1	0	U	45.557	24244.1	24303.1	LINESTRING(257.770000 626.790000,262.020000 621.690000)
1	86	488	487	1	1	281	281	0	51	331	1	0	Straight	0.0	24303.1	24634.1	LINESTRING(262.020000 621.690000,265.370000 619.720000)
1	87	487	1759	1	1	91	91	0	16	106	1	0	Straight	0.0	24634.1	24740.1	LINESTRING(265.370000 619.720000,269.600000 614.440000)
1	88	1759	114	1	1	120	120	0	22	142	1	0	Straight	0.0	24740.1	24882.1	LINESTRING(269.600000 614.440000,273.660000 607.250000)
1	89	114	133	1	1	87	87	0	16	96	0	0	Straight	0.0	24882.1	24898.1	LINESTRING(273.660000 607.250000,280.830000 596.150000)
1	90	133	572	1	0	0	0	0	71	0	0	0	Straight	0.0	24898.1	24969.1	LINESTRING(280.830000 596.150000,283.050000 583.100000)
1	91	572	171	1	0	0	0	0	9	0	0	0	Straight	0.0	24969.1	24978.1	LINESTRING(283.050000 583.100000,286.190000 568.770000)
1	92	171	172	0	0	0	0	0	63	0	0	0	Straight	0.0	24978.1	25041.1	LINESTRING(286.190000 568.770000,284.570000 559.500000)
1	93	172	1780	0	1	32	32	0	6	36	0	0	Straight	0.0	25041.1	25047.1	LINESTRING(284.570000 559.500000,278.200000 551.770000)
1	94	1780	187	0	0	0	0	0	14	0	0	0	Left	11.389	25058.5	25072.5	LINESTRING(278.200000 551.770000,281.190000 543.250000)
1	95	187	661	0	0	0	0	0	4	0	0	0	Straight	0.0	25072.5	25076.5	LINESTRING(281.190000 543.250000,277.780000 532.600000)
1	96	661	660	0	0	0	0	0	45	0	0	0	Straight	0.0	25076.5	25121.5	LINESTRING(277.780000 532.600000,269.670000 523.720000)
1	97	660	238	0	0	0	0	0	8	0	0	0	Straight	0.0	25121.5	25129.5	LINESTRING(269.670000 523.720000,269.650000 514.880000)
1	98	238	1648	0	0	0	0	0	22	0	0	0	Right	5.695	25135.1	25157.1	LINESTRING(269.650000 514.880000,260.490000 519.040000)
1	99	1648	2094	1	1	183	183	0	33	213	1	0	Left	11.389	25168.5	25381.5	LINESTRING(260.490000 519.040000,250.510000 513.730000)
1	100	2094	254	0	0	0	0	0	3	0	0	0	Left	11.389	25392.9	25395.9	LINESTRING(250.510000 513.730000,252.880000 507.530000)
1	101	254	280	0	1	22	22	0	4	24	1	0	Straight	0.0	25395.9	25419.9	LINESTRING(252.880000 507.530000,252.670000 502.190000)
1	102	280	279	1	0	0	0	0	30	0	0	0	Straight	0.0	25419.9	25449.9	LINESTRING(252.670000 502.190000,249.070000 496.590000)
1	103	279	775	1	0	0	0	0	70	0	0	0	Right	5.695	25455.6	25525.6	LINESTRING(249.070000 496.590000,236.870000 501.040000)
1	104	775	774	1	0	0	0	0	22	0	0	0	Straight	0.0	25525.6	25547.6	LINESTRING(236.870000 501.040000,224.570000 496.730000)
1	105	774	795	1	1	150	150	0	27	177	0	0	Right	5.695	25553.3	25580.3	LINESTRING(224.570000 496.730000,217.860000 509.720000)
1	106	795	796	1	1	19	19	0	3	13	1	0	Left	11.389	25591.7	25604.7	LINESTRING(217.860000 509.720000,212.620000 509.840000)
1	107	796	795	1	1	19	19	0	3	13	0	0	U	45.557	25650.3	25653.3	LINESTRING(212.620000 509.840000,217.860000 509.720000)
1	108	795	774	1	1	150	150	0	27	177	1	0	Right	5.695	25659.0	25836.0	LINESTRING(217.860000 509.720000,224.570000 496.730000)
1	109	774	851	1	0	0	0	0	75	0	0	0	Straight	0.0	25836.0	25911.0	LINESTRING(224.570000 496.730000,218.650000 475.140000)
1	110	851	1616	0	0	0	0	0	26	0	0	0	Straight	0.0	25911.0	25937.0	LINESTRING(218.650000 475.140000,211.300000 460.450000)
1	111	1616	854	0	0	0	0	0	3	0	0	0	Straight	0.0	25937.0	25940.0	LINESTRING(211.300000 460.450000,201.990000 446.050000)
1	112	854	855	0	1	16	16	0	3	13	1	0	Left	11.389	25951.3	25964.3	LINESTRING(201.990000 446.050000,212.610000 444.800000)
1	113	855	1382	0	0	0	0	0	97	0	0	0	Straight	0.0	25964.3	26061.3	LINESTRING(212.610000 444.800000,226.960000 447.490000)
1	114	1382	336	1	0	0	0	0	4	0	0	0	Left	11.389	26072.7	26076.7	LINESTRING(226.960000 447.490000,230.730000 455.650000)
1	115	336	850	0	1	542	542	0	97	637	1	0	Left	11.389	26088.1	26725.1	LINESTRING(230.730000 455.650000,218.420000 459.360000)
1	116	850	1616	0	1	17	17	0	3	13	1	0	Straight	0.0	26725.1	26738.1	LINESTRING(218.420000 459.360000,211.300000 460.450000)
1	117	1616	854	0	0	0	0	0	3	0	0	0	Left	11.389	26749.5	26752.5	LINESTRING(211.300000 460.450000,201.990000 446.050000)
1	118	854	904	0	0	0	0	0	44	0	0	0	Straight	0.0	26752.5	26796.5	LINESTRING(201.990000 446.050000,188.580000 433.120000)
1	119	904	952	0	0	0	0	0	72	0	0	0	Straight	0.0	26796.5	26868.5	LINESTRING(188.580000 433.120000,186.420000 412.800000)
1	120	952	1742	0	0	0	0	0	2	0	0	0	Straight	0.0	26868.5	26870.5	LINESTRING(186.420000 412.800000,189.970000 392.150000)
1	121	1742	979	0	0	0	0	0	25	0	0	0	Straight	0.0	26870.5	26895.5	LINESTRING(189.970000 392.150000,197.850000 376.830000)
1	122	979	980	1	0	0	0	0	60	0	0	0	Straight	0.0	26895.5	26955.5	LINESTRING(197.850000 376.830000,200.540000 354.200000)
1	123	980	750	1	0	0	0	0	85	0	0	0	Straight	0.0	26955.5	27040.5	LINESTRING(200.540000 354.200000,212.300000 331.820000)
1	124	750	647	1	0	0	0	0	36	0	0	0	Straight	0.0	27040.5	27076.5	LINESTRING(212.300000 331.820000,237.650000 320.090000)
1	125	647	713	1	0	0	0	0	22	0	0	0	Right	5.695	27082.2	27104.2	LINESTRING(237.650000 320.090000,240.280000 306.030000)
1	126	713	712	1	0	0	0	0	48	0	0	0	Straight	0.0	27104.2	27152.2	LINESTRING(240.280000 306.030000,249.760000 298.900000)
1	127	712	746	1	0	0	0	0	29	0	0	0	Right	5.695	27157.9	27186.9	LINESTRING(249.760000 298.900000,241.830000 290.610000)
1	128	746	1957	1	0	0	0	0	8	0	0	0	Straight	0.0	27186.9	27194.9	LINESTRING(241.830000 290.610000,240.720000 278.800000)
1	129	1957	783	1	0	0	0	0	26	0	0	0	Left	11.389	27206.3	27232.3	LINESTRING(240.720000 278.800000,255.740000 271.980000)
1	130	783	803	1	0	0	0	0	27	0	0	0	Straight	0.0	27232.3	27259.3	LINESTRING(255.740000 271.980000,271.480000 265.270000)
1	131	803	812	1	0	0	0	0	34	0	0	0	Straight	0.0	27259.3	27293.3	LINESTRING(271.480000 265.270000,291.600000 260.100000)
1	132	812	1165	1	0	0	0	0	33	0	0	0	Straight	0.0	27293.3	27326.3	LINESTRING(291.600000 260.100000,308.530000 252.270000)
1	133	1165	1166	1	1	103	103	0	19	119	1	0	Straight	0.0	27326.3	27445.3	LINESTRING(308.530000 252.270000,323.100000 246.690000)
1	134	1166	1471	0	0	0	0	0	71	0	0	0	Right	5.695	27451.0	27522.0	LINESTRING(323.100000 246.690000,313.380000 232.020000)
1	135	1471	882	0	0	0	0	0	19	0	0	0	Right	5.695	27527.7	27546.7	LINESTRING(313.380000 232.020000,301.300000 238.560000)
1	136	882	891	0	0	0	0	0	24	0	0	0	Straight	0.0	27546.7	27570.7	LINESTRING(301.300000 238.560000,288.250000 240.990000)
1	137	891	870	1	1	9	9	0	2	2	1	0	Left	11.389	27582.1	27584.1	LINESTRING(288.250000 240.990000,279.260000 234.550000)
1	138	870	917	1	1	152	152	0	27	177	1	0	Straight	0.0	27584.1	27761.1	LINESTRING(279.260000 234.550000,273.490000 227.380000)
1	139	917	918	1	0	0	0	0	22	0	0	0	Straight	0.0	27761.1	27783.1	LINESTRING(273.490000 227.380000,262.830000 224.210000)
1	140	918	953	1	0	0	0	0	40	0	0	0	Straight	0.0	27783.1	27823.1	LINESTRING(262.830000 224.210000,256.060000 216.250000)
1	141	953	1234	1	1	278	278	0	50	320	1	0	Straight	0.0	27823.1	28143.1	LINESTRING(256.060000 216.250000,252.750000 204.370000)
1	142	1234	1016	1	0	0	0	0	49	0	0	0	Straight	0.0	28143.1	28192.1	LINESTRING(252.750000 204.370000,253.150000 189.690000)
1	143	1016	1695	1	0	0	0	0	54	0	0	0	Straight	0.0	28192.1	28246.1	LINESTRING(253.150000 189.690000,260.430000 170.650000)
1	144	1695	1642	0	0	0	0	0	81	0	0	0	Right	5.695	28251.8	28332.8	LINESTRING(260.430000 170.650000,241.590000 173.390000)
1	145	1642	1018	0	1	102	102	0	18	118	1	0	Straight	0.0	28332.8	28450.8	LINESTRING(241.590000 173.390000,228.210000 179.390000)
1	146	1018	1400	0	0	0	0	0	12	0	0	0	Straight	0.0	28450.8	28462.8	LINESTRING(228.210000 179.390000,216.320000 189.730000)
1	147	1400	1601	0	0	0	0	0	12	0	0	0	Straight	0.0	28462.8	28474.8	LINESTRING(216.320000 189.730000,204.600000 195.120000)
1	148	1601	1243	0	0	0	0	0	11	0	0	0	U	45.557	28520.3	28531.3	LINESTRING(204.600000 195.120000,211.030000 183.280000)
1	149	1243	1244	0	0	0	0	0	14	0	0	0	Straight	0.0	28531.3	28545.3	LINESTRING(211.030000 183.280000,218.330000 172.190000)
1	150	1244	1403	0	0	0	0	0	3	0	0	0	Straight	0.0	28545.3	28548.3	LINESTRING(218.330000 172.190000,220.630000 161.830000)
1	151	1403	1707	0	0	0	0	0	32	0	0	0	Straight	0.0	28548.3	28580.3	LINESTRING(220.630000 161.830000,223.270000 151.880000)
1	152	1707	1602	1	1	37	37	0	7	37	1	0	Straight	0.0	28580.3	28617.3	LINESTRING(223.270000 151.880000,228.930000 144.640000)
1	153	1602	1039	1	1	42	42	0	8	48	1	0	Straight	0.0	28617.3	28665.3	LINESTRING(228.930000 144.640000,229.770000 138.980000)
1	154	1039	1156	1	1	829	829	0	149	969	1	0	Right	5.695	28671.0	29640.0	LINESTRING(229.770000 138.980000,224.600000 133.620000)
1	155	1156	1157	1	1	179	179	0	32	202	1	0	Straight	0.0	29640.0	29842.0	LINESTRING(224.600000 133.620000,220.510000 129.410000)
1	156	1157	1156	1	1	179	179	0	32	202	0	0	U	45.557	29887.6	29919.6	LINESTRING(220.510000 129.410000,224.600000 133.620000)
1	157	1156	1039	1	1	829	829	0	149	969	0	0	Straight	0.0	29919.6	30068.6	LINESTRING(224.600000 133.620000,229.770000 138.980000)
1	158	1039	1040	0	1	56	56	0	10	60	1	0	Straight	0.0	30068.6	30128.6	LINESTRING(229.770000 138.980000,236.540000 143.350000)
1	159	1040	1602	1	0	0	0	0	5	0	0	0	U	45.557	30174.1	30179.1	LINESTRING(236.540000 143.350000,228.930000 144.640000)
1	160	1602	1707	1	1	37	37	0	7	37	0	0	Straight	0.0	30179.1	30186.1	LINESTRING(228.930000 144.640000,223.270000 151.880000)
1	161	1707	1694	0	0	0	0	0	7	0	0	0	Left	11.389	30197.5	30204.5	LINESTRING(223.270000 151.880000,220.210000 147.510000)
1	162	1694	1472	0	0	0	0	0	7	0	0	0	Left	11.389	30215.9	30222.9	LINESTRING(220.210000 147.510000,223.990000 146.950000)
1	163	1472	1643	0	1	29	29	0	5	25	1	0	U	45.557	30268.5	30293.5	LINESTRING(223.990000 146.950000,220.300000 150.800000)
1	164	1643	1245	0	0	0	0	0	10	0	0	0	Right	5.695	30299.2	30309.2	LINESTRING(220.300000 150.800000,222.630000 156.430000)
1	165	1245	1542	0	1	30	30	0	5	35	1	0	Right	5.695	30314.9	30349.9	LINESTRING(222.630000 156.430000,227.080000 156.030000)
1	166	1542	1026	0	0	0	0	0	15	0	0	0	Straight	0.0	30349.9	30364.9	LINESTRING(227.080000 156.030000,231.860000 150.890000)
1	167	1026	1027	0	0	0	0	0	9	0	0	0	Right	5.695	30370.6	30379.6	LINESTRING(231.860000 150.890000,230.830000 147.320000)
1	168	1027	1028	0	1	32	32	0	6	36	1	0	Left	11.389	30390.9	30426.9	LINESTRING(230.830000 147.320000,237.730000 148.190000)
1	169	1028	1052	0	0	0	0	0	29	0	0	0	Straight	0.0	30426.9	30455.9	LINESTRING(237.730000 148.190000,246.930000 147.810000)
1	170	1052	1053	0	0	0	0	0	35	0	0	0	Straight	0.0	30455.9	30490.9	LINESTRING(246.930000 147.810000,260.770000 152.070000)
1	171	1053	1062	0	0	0	0	0	72	0	0	0	Straight	0.0	30490.9	30562.9	LINESTRING(260.770000 152.070000,279.630000 153.130000)
1	172	1062	1073	0	0	0	0	0	12	0	0	0	Right	5.695	30568.6	30580.6	LINESTRING(279.630000 153.130000,283.260000 144.620000)
1	173	1073	2002	0	0	0	0	0	27	0	0	0	Straight	0.0	30580.6	30607.6	LINESTRING(283.260000 144.620000,288.370000 137.480000)
1	174	2002	1274	1	1	17	17	0	3	13	1	0	Straight	0.0	30607.6	30620.6	LINESTRING(288.370000 137.480000,294.670000 131.460000)
1	175	1274	1275	1	1	19	19	0	3	13	1	0	Straight	0.0	30620.6	30633.6	LINESTRING(294.670000 131.460000,298.960000 121.020000)
1	176	1275	1103	0	0	0	0	0	7	0	0	0	Straight	0.0	30633.6	30640.6	LINESTRING(298.960000 121.020000,300.410000 111.080000)
1	177	1103	1102	1	0	0	0	0	1	0	0	0	U	45.557	30686.2	30687.2	LINESTRING(300.410000 111.080000,305.680000 120.360000)
1	178	1102	1263	1	0	0	0	0	34	0	0	0	Straight	0.0	30687.2	30721.2	LINESTRING(305.680000 120.360000,307.990000 129.580000)
1	179	1263	1262	1	0	0	0	0	5	0	0	0	Straight	0.0	30721.2	30726.2	LINESTRING(307.990000 129.580000,310.700000 139.520000)
1	180	1262	1061	1	0	0	0	0	4	0	0	0	Straight	0.0	30726.2	30730.2	LINESTRING(310.700000 139.520000,315.710000 149.150000)
1	181	1061	1060	1	0	0	0	0	7	0	0	0	Straight	0.0	30730.2	30737.2	LINESTRING(315.710000 149.150000,321.040000 156.190000)
1	182	1060	1258	1	0	0	0	0	32	0	0	0	Straight	0.0	30737.2	30769.2	LINESTRING(321.040000 156.190000,326.660000 163.470000)
1	183	1258	1259	1	1	180	180	0	32	212	0	0	U	45.557	30814.7	30846.7	LINESTRING(326.660000 163.470000,325.550000 159.840000)
1	184	1259	1258	1	1	180	180	0	32	212	1	0	U	45.557	30892.3	31104.3	LINESTRING(325.550000 159.840000,326.660000 163.470000)
1	185	1258	1247	1	0	0	0	0	20	0	0	0	Straight	0.0	31104.3	31124.3	LINESTRING(326.660000 163.470000,332.640000 171.720000)
1	186	1247	1249	1	0	0	0	0	18	0	0	0	Right	5.695	31130.0	31148.0	LINESTRING(332.640000 171.720000,341.750000 159.060000)
1	187	1249	1250	1	0	0	0	0	8	0	0	0	Straight	0.0	31148.0	31156.0	LINESTRING(341.750000 159.060000,349.500000 151.450000)
1	188	1250	1055	1	0	0	0	0	27	0	0	0	Straight	0.0	31156.0	31183.0	LINESTRING(349.500000 151.450000,361.890000 144.760000)
1	189	1055	1074	1	0	0	0	0	47	0	0	0	Straight	0.0	31183.0	31230.0	LINESTRING(361.890000 144.760000,364.870000 136.390000)
1	190	1074	2114	1	1	94	94	0	17	107	1	0	Straight	0.0	31230.0	31337.0	LINESTRING(364.870000 136.390000,363.530000 131.760000)
1	191	2114	1074	1	1	94	94	0	17	107	0	0	U	45.557	31382.6	31399.6	LINESTRING(363.530000 131.760000,364.870000 136.390000)
1	192	1074	1055	1	0	0	0	0	47	0	0	0	Straight	0.0	31399.6	31446.6	LINESTRING(364.870000 136.390000,361.890000 144.760000)
1	193	1055	1563	1	0	0	0	0	32	0	0	0	Right	5.695	31452.3	31484.3	LINESTRING(361.890000 144.760000,367.300000 149.500000)
1	194	1563	1385	1	0	0	0	0	40	0	0	0	Straight	0.0	31484.3	31524.3	LINESTRING(367.300000 149.500000,372.480000 155.780000)
1	195	1385	1693	1	0	0	0	0	74	0	0	0	Straight	0.0	31524.3	31598.3	LINESTRING(372.480000 155.780000,383.320000 161.510000)
1	196	1693	942	1	0	0	0	0	32	0	0	0	Straight	0.0	31598.3	31630.3	LINESTRING(383.320000 161.510000,391.010000 170.300000)
1	197	942	1181	1	0	0	0	0	71	0	0	0	Straight	0.0	31630.3	31701.3	LINESTRING(391.010000 170.300000,396.410000 179.630000)
1	198	1181	1173	1	0	0	0	0	30	0	0	0	Straight	0.0	31701.3	31731.3	LINESTRING(396.410000 179.630000,395.060000 186.710000)
1	199	1173	1172	1	0	0	0	0	72	0	0	0	Straight	0.0	31731.3	31803.3	LINESTRING(395.060000 186.710000,400.840000 197.070000)
1	200	1172	1787	1	0	0	0	0	53	0	0	0	Straight	0.0	31803.3	31856.3	LINESTRING(400.840000 197.070000,404.170000 207.910000)
1	201	1787	720	0	0	0	0	0	3	0	0	0	Straight	0.0	31856.3	31859.3	LINESTRING(404.170000 207.910000,407.790000 216.000000)
1	202	720	691	0	0	0	0	0	2	0	0	0	Straight	0.0	31859.3	31861.3	LINESTRING(407.790000 216.000000,407.970000 225.860000)
1	203	691	690	1	0	0	0	0	47	0	0	0	Straight	0.0	31861.3	31908.3	LINESTRING(407.970000 225.860000,411.190000 240.760000)
1	204	690	2085	1	0	0	0	0	15	0	0	0	Straight	0.0	31908.3	31923.3	LINESTRING(411.190000 240.760000,421.880000 250.660000)
1	205	2085	1083	1	0	0	0	0	71	0	0	0	Straight	0.0	31923.3	31994.3	LINESTRING(421.880000 250.660000,446.000000 251.770000)
2	0	1083	1083	-1	-1	0	0	0	0	0	0	300		0.0	31994.3	32294.3	LINESTRING(446.000000 251.770000,446.000000 251.770000)
