Problem Type	Solution Method	Vehicle Capacity (Weight)	Vehicle Capacity(Volume)	Disposal Trips	Route Time	Route Time wo Turns	Computational Time(Sec)	Clustering Time(Sec)	VA(NHO)	VA(ATD)	VA(CCI)	VA(DMT)	VA(ROI)	VA(AOI)	Optimal
MCARPTIF-TP	WJ19	10000	10000	2	34615.1	30851	98.5224	0	0.676226	1138.05	1.38462	32535	4.24931	0.365129	0
Load No	Sequence No	From Node ID	To Node ID	IsEdge	Required	Weight	Volume	Travel Miles	Travel Time	Service Time	Served	Dumped	Turn Type	Turn Cost	Depart Time	Arrival Time	Shape
0	0	1083	2085	1	0	0	0	0	71	0	0	300		0.0	300.0	371.0	LINESTRING(446.000000 251.770000,421.880000 250.660000)
0	1	2085	1825	0	0	0	0	0	21	0	0	0	Straight	0.0	371.0	392.0	LINESTRING(421.880000 250.660000,401.590000 256.480000)
0	2	1825	615	1	0	0	0	0	27	0	0	0	Straight	0.0	392.0	419.0	LINESTRING(401.590000 256.480000,379.090000 271.730000)
0	3	615	1684	0	0	0	0	0	58	0	0	0	Right	5.695	424.695	482.695	LINESTRING(379.090000 271.730000,393.810000 293.840000)
0	4	1684	984	1	0	0	0	0	3	0	0	0	Left	11.389	494.084	497.084	LINESTRING(393.810000 293.840000,381.850000 299.240000)
0	5	984	558	1	0	0	0	0	7	0	0	0	Straight	0.0	497.084	504.084	LINESTRING(381.850000 299.240000,362.770000 297.070000)
0	6	558	554	1	1	56	56	0	10	60	1	0	Straight	0.0	504.084	564.084	LINESTRING(362.770000 297.070000,347.040000 297.520000)
0	7	554	1553	1	0	0	0	0	36	0	0	0	Straight	0.0	564.084	600.084	LINESTRING(347.040000 297.520000,331.400000 298.100000)
0	8	1553	957	1	0	0	0	0	51	0	0	0	Straight	0.0	600.084	651.084	LINESTRING(331.400000 298.100000,316.930000 302.600000)
0	9	957	557	1	0	0	0	0	28	0	0	0	Straight	0.0	651.084	679.084	LINESTRING(316.930000 302.600000,303.930000 309.490000)
0	10	557	1971	1	0	0	0	0	16	0	0	0	Right	5.695	684.779	700.779	LINESTRING(303.930000 309.490000,305.810000 320.420000)
0	11	1971	458	1	0	0	0	0	15	0	0	0	Left	11.389	712.168	727.168	LINESTRING(305.810000 320.420000,292.810000 327.990000)
0	12	458	459	1	0	0	0	0	34	0	0	0	Right	5.695	732.863	766.863	LINESTRING(292.810000 327.990000,290.760000 342.770000)
0	13	459	1678	1	0	0	0	0	11	0	0	0	Right	5.695	772.558	783.558	LINESTRING(290.760000 342.770000,302.470000 357.350000)
0	14	1678	413	1	0	0	0	0	18	0	0	0	Left	11.389	794.947	812.947	LINESTRING(302.470000 357.350000,289.670000 363.760000)
0	15	413	396	1	0	0	0	0	28	0	0	0	Straight	0.0	812.947	840.947	LINESTRING(289.670000 363.760000,284.820000 374.870000)
0	16	396	395	1	0	0	0	0	28	0	0	0	Straight	0.0	840.947	868.947	LINESTRING(284.820000 374.870000,280.370000 386.230000)
0	17	395	352	1	0	0	0	0	33	0	0	0	Straight	0.0	868.947	901.947	LINESTRING(280.370000 386.230000,275.860000 397.770000)
0	18	352	348	1	0	0	0	0	2	0	0	0	Straight	0.0	901.947	903.947	LINESTRING(275.860000 397.770000,278.310000 408.080000)
0	19	348	347	1	1	375	375	0	67	437	0	0	Straight	0.0	903.947	970.947	LINESTRING(278.310000 408.080000,290.110000 418.850000)
0	20	347	249	1	0	0	0	0	73	0	0	0	Straight	0.0	970.947	1043.95	LINESTRING(290.110000 418.850000,295.020000 431.030000)
0	21	249	248	1	0	0	0	0	6	0	0	0	Straight	0.0	1043.95	1049.95	LINESTRING(295.020000 431.030000,302.750000 437.830000)
0	22	248	235	0	0	0	0	0	8	0	0	0	Straight	0.0	1049.95	1057.95	LINESTRING(302.750000 437.830000,310.880000 442.530000)
0	23	235	236	0	0	0	0	0	24	0	0	0	Straight	0.0	1057.95	1081.95	LINESTRING(310.880000 442.530000,323.050000 445.110000)
0	24	236	1675	0	0	0	0	0	32	0	0	0	Straight	0.0	1081.95	1113.95	LINESTRING(323.050000 445.110000,334.850000 453.490000)
0	25	1675	180	0	0	0	0	0	32	0	0	0	Straight	0.0	1113.95	1145.95	LINESTRING(334.850000 453.490000,348.050000 459.750000)
0	26	180	178	0	0	0	0	0	31	0	0	0	Straight	0.0	1145.95	1176.95	LINESTRING(348.050000 459.750000,360.880000 464.360000)
0	27	178	1647	1	0	0	0	0	12	0	0	0	Straight	0.0	1176.95	1188.95	LINESTRING(360.880000 464.360000,378.350000 466.910000)
0	28	1647	158	1	0	0	0	0	5	0	0	0	Straight	0.0	1188.95	1193.95	LINESTRING(378.350000 466.910000,395.610000 469.280000)
0	29	158	157	1	0	0	0	0	2	0	0	0	Straight	0.0	1193.95	1195.95	LINESTRING(395.610000 469.280000,412.480000 468.730000)
0	30	157	583	1	0	0	0	0	5	0	0	0	Straight	0.0	1195.95	1200.95	LINESTRING(412.480000 468.730000,434.100000 466.020000)
0	31	583	1778	1	0	0	0	0	2	0	0	0	Left	11.389	1212.34	1214.34	LINESTRING(434.100000 466.020000,435.670000 483.210000)
0	32	1778	1430	1	0	0	0	0	10	0	0	0	Straight	0.0	1214.34	1224.34	LINESTRING(435.670000 483.210000,436.880000 500.490000)
0	33	1430	145	0	0	0	0	0	23	0	0	0	Straight	0.0	1224.34	1247.34	LINESTRING(436.880000 500.490000,438.570000 514.380000)
0	34	145	1777	0	0	0	0	0	22	0	0	0	Straight	0.0	1247.34	1269.34	LINESTRING(438.570000 514.380000,438.570000 529.890000)
0	35	1777	135	0	0	0	0	0	17	0	0	0	Straight	0.0	1269.34	1286.34	LINESTRING(438.570000 529.890000,439.510000 547.020000)
0	36	135	493	0	0	0	0	0	49	0	0	0	Straight	0.0	1286.34	1335.34	LINESTRING(439.510000 547.020000,456.360000 564.610000)
0	37	493	467	0	0	0	0	0	40	0	0	0	Straight	0.0	1335.34	1375.34	LINESTRING(456.360000 564.610000,475.890000 580.340000)
0	38	467	101	0	0	0	0	0	3	0	0	0	Straight	0.0	1375.34	1378.34	LINESTRING(475.890000 580.340000,487.520000 592.890000)
0	39	101	102	0	0	0	0	0	4	0	0	0	Left	11.389	1389.72	1393.72	LINESTRING(487.520000 592.890000,481.160000 608.080000)
0	40	102	79	0	0	0	0	0	78	0	0	0	Straight	0.0	1393.72	1471.72	LINESTRING(481.160000 608.080000,475.660000 625.840000)
0	41	79	436	0	1	141	141	0	25	165	1	0	Straight	0.0	1471.72	1636.72	LINESTRING(475.660000 625.840000,465.490000 635.450000)
0	42	436	60	1	1	252	252	0	45	295	1	0	Straight	0.0	1636.72	1931.72	LINESTRING(465.490000 635.450000,455.600000 639.830000)
0	43	60	1500	1	1	423	423	0	76	496	1	0	Straight	0.0	1931.72	2427.72	LINESTRING(455.600000 639.830000,449.510000 645.730000)
0	44	1500	325	1	1	170	170	0	31	201	1	0	Straight	0.0	2427.72	2628.72	LINESTRING(449.510000 645.730000,443.040000 649.230000)
0	45	325	1663	1	1	19	19	0	3	13	1	0	Straight	0.0	2628.72	2641.72	LINESTRING(443.040000 649.230000,440.130000 654.130000)
0	46	1663	325	1	1	19	19	0	3	13	0	0	U	45.557	2687.28	2690.28	LINESTRING(440.130000 654.130000,443.040000 649.230000)
0	47	325	324	1	1	69	69	0	12	72	1	0	Right	5.695	2695.98	2767.98	LINESTRING(443.040000 649.230000,438.060000 648.020000)
0	48	324	35	1	1	117	117	0	21	131	1	0	Left	11.389	2779.37	2910.37	LINESTRING(438.060000 648.020000,440.570000 639.970000)
0	49	35	305	1	1	104	104	0	19	119	1	0	Straight	0.0	2910.37	3029.37	LINESTRING(440.570000 639.970000,438.560000 632.250000)
0	50	305	2177	1	1	127	127	0	23	143	1	0	Right	5.695	3035.06	3178.06	LINESTRING(438.560000 632.250000,435.020000 634.410000)
0	51	2177	305	1	1	127	127	0	23	143	0	0	U	45.557	3223.62	3246.62	LINESTRING(435.020000 634.410000,438.560000 632.250000)
0	52	305	35	1	1	104	104	0	19	119	0	0	Left	11.389	3258.01	3277.01	LINESTRING(438.560000 632.250000,440.570000 639.970000)
0	53	35	324	1	1	117	117	0	21	131	0	0	Straight	0.0	3277.01	3298.01	LINESTRING(440.570000 639.970000,438.060000 648.020000)
0	54	324	2127	1	1	91	91	0	16	106	1	0	Straight	0.0	3298.01	3404.01	LINESTRING(438.060000 648.020000,433.870000 650.840000)
0	55	2127	324	1	1	91	91	0	16	106	0	0	U	45.557	3449.56	3465.56	LINESTRING(433.870000 650.840000,438.060000 648.020000)
0	56	324	397	1	1	172	172	0	31	201	1	0	Left	11.389	3476.95	3677.95	LINESTRING(438.060000 648.020000,437.020000 654.510000)
0	57	397	1433	1	1	74	74	0	13	83	1	0	Straight	0.0	3677.95	3760.95	LINESTRING(437.020000 654.510000,434.110000 659.490000)
0	58	1433	397	1	1	74	74	0	13	83	0	0	U	45.557	3806.51	3819.51	LINESTRING(434.110000 659.490000,437.020000 654.510000)
0	59	397	69	1	1	178	178	0	32	202	1	0	Left	11.389	3830.9	4032.9	LINESTRING(437.020000 654.510000,443.000000 653.160000)
0	60	69	70	1	1	64	64	0	12	72	1	0	Left	11.389	4044.29	4116.29	LINESTRING(443.000000 653.160000,442.780000 657.280000)
0	61	70	69	1	1	64	64	0	12	72	0	0	U	45.557	4161.85	4173.85	LINESTRING(442.780000 657.280000,443.000000 653.160000)
0	62	69	1711	1	1	113	113	0	20	130	1	0	Left	11.389	4185.23	4315.23	LINESTRING(443.000000 653.160000,449.080000 650.280000)
0	63	1711	1500	1	1	339	339	0	61	391	1	0	Right	5.695	4320.93	4711.93	LINESTRING(449.080000 650.280000,449.510000 645.730000)
0	64	1500	1711	1	1	339	339	0	61	391	0	0	U	45.557	4757.49	4818.49	LINESTRING(449.510000 645.730000,449.080000 650.280000)
0	65	1711	1765	1	1	173	173	0	31	201	1	0	Right	5.695	4824.18	5025.18	LINESTRING(449.080000 650.280000,455.790000 648.810000)
0	66	1765	81	0	1	15	15	0	3	13	1	0	Left	11.389	5036.57	5049.57	LINESTRING(455.790000 648.810000,457.890000 653.200000)
0	67	81	82	0	1	27	27	0	5	25	1	0	Straight	0.0	5049.57	5074.57	LINESTRING(457.890000 653.200000,457.160000 656.280000)
0	68	82	440	0	1	22	22	0	4	24	1	0	Left	11.389	5085.96	5109.96	LINESTRING(457.160000 656.280000,452.020000 656.960000)
0	69	440	486	1	1	395	395	0	71	461	1	0	Straight	0.0	5109.96	5570.96	LINESTRING(452.020000 656.960000,443.380000 665.810000)
0	70	486	1997	1	1	184	184	0	33	213	0	0	Straight	0.0	5570.96	5603.96	LINESTRING(443.380000 665.810000,442.660000 672.120000)
0	71	1997	486	1	1	184	184	0	33	213	1	0	U	45.557	5649.52	5862.52	LINESTRING(442.660000 672.120000,443.380000 665.810000)
0	72	486	100	1	1	285	285	0	51	331	1	0	Right	5.695	5868.21	6199.21	LINESTRING(443.380000 665.810000,434.240000 670.490000)
0	73	100	99	1	1	80	80	0	14	94	0	0	Straight	0.0	6199.21	6213.21	LINESTRING(434.240000 670.490000,432.200000 676.040000)
0	74	99	100	1	1	80	80	0	14	94	1	0	U	45.557	6258.77	6352.77	LINESTRING(432.200000 676.040000,434.240000 670.490000)
0	75	100	443	1	1	255	255	0	46	296	1	0	Right	5.695	6358.46	6654.46	LINESTRING(434.240000 670.490000,425.800000 668.810000)
0	76	443	1565	1	1	121	121	0	22	142	1	0	Right	5.695	6660.16	6802.16	LINESTRING(425.800000 668.810000,423.490000 674.850000)
0	77	1565	443	1	1	121	121	0	22	142	0	0	U	45.557	6847.71	6869.71	LINESTRING(423.490000 674.850000,425.800000 668.810000)
0	78	443	88	1	1	10	10	0	2	12	1	0	Right	5.695	6875.41	6887.41	LINESTRING(425.800000 668.810000,421.000000 660.550000)
0	79	88	89	1	1	105	105	0	19	119	1	0	Straight	0.0	6887.41	7006.41	LINESTRING(421.000000 660.550000,417.590000 652.410000)
0	80	89	433	1	1	68	68	0	12	72	1	0	Straight	0.0	7006.41	7078.41	LINESTRING(417.590000 652.410000,414.770000 642.860000)
0	81	433	432	1	1	171	171	0	31	201	1	0	U	45.557	7123.97	7324.97	LINESTRING(414.770000 642.860000,414.970000 647.630000)
0	82	432	433	1	1	171	171	0	31	201	0	0	U	45.557	7370.52	7401.52	LINESTRING(414.970000 647.630000,414.770000 642.860000)
0	83	433	1943	1	1	156	156	0	28	178	1	0	Straight	0.0	7401.52	7579.52	LINESTRING(414.770000 642.860000,413.530000 631.960000)
0	84	1943	2120	1	1	90	90	0	16	106	1	0	Right	5.695	7585.22	7691.22	LINESTRING(413.530000 631.960000,409.390000 631.260000)
0	85	2120	1943	1	1	90	90	0	16	106	0	0	U	45.557	7736.78	7752.78	LINESTRING(409.390000 631.260000,413.530000 631.960000)
0	86	1943	1369	1	1	197	197	0	35	225	1	0	Right	5.695	7758.47	7983.47	LINESTRING(413.530000 631.960000,414.530000 621.460000)
0	87	1369	1367	1	1	300	300	0	54	354	1	0	Right	5.695	7989.17	8343.17	LINESTRING(414.530000 621.460000,398.780000 623.930000)
0	88	1367	1333	1	1	137	137	0	25	155	1	0	Straight	0.0	8343.17	8498.17	LINESTRING(398.780000 623.930000,386.620000 632.510000)
0	89	1333	1308	1	1	481	481	0	86	566	1	0	Straight	0.0	8498.17	9064.17	LINESTRING(386.620000 632.510000,381.140000 640.590000)
0	90	1308	1307	1	1	215	215	0	39	249	1	0	Straight	0.0	9064.17	9313.17	LINESTRING(381.140000 640.590000,379.140000 647.320000)
0	91	1307	1309	1	1	123	123	0	22	142	1	0	Straight	0.0	9313.17	9455.17	LINESTRING(379.140000 647.320000,379.140000 653.960000)
0	92	1309	1418	1	1	144	144	0	26	166	1	0	Right	5.695	9460.86	9626.86	LINESTRING(379.140000 653.960000,384.000000 650.810000)
0	93	1418	1848	1	1	173	173	0	31	201	1	0	U	45.557	9672.42	9873.42	LINESTRING(384.000000 650.810000,382.780000 655.760000)
0	94	1848	1672	1	1	121	121	0	22	142	1	0	Right	5.695	9879.11	10021.1	LINESTRING(382.780000 655.760000,385.960000 656.730000)
0	95	1672	1306	1	1	187	187	0	34	214	1	0	Right	5.695	10026.8	10240.8	LINESTRING(385.960000 656.730000,390.910000 650.870000)
0	96	1306	1305	1	1	170	170	0	31	201	1	0	Straight	0.0	10240.8	10441.8	LINESTRING(390.910000 650.870000,397.950000 649.630000)
0	97	1305	1416	1	1	338	338	0	61	391	1	0	Straight	0.0	10441.8	10832.8	LINESTRING(397.950000 649.630000,402.430000 644.360000)
0	98	1416	1769	1	1	160	160	0	29	189	1	0	Straight	0.0	10832.8	11021.8	LINESTRING(402.430000 644.360000,408.440000 638.880000)
0	99	1769	1416	1	1	160	160	0	29	189	0	0	U	45.557	11067.4	11096.4	LINESTRING(408.440000 638.880000,402.430000 644.360000)
0	100	1416	1417	1	1	297	297	0	53	343	1	0	Straight	0.0	11096.4	11439.4	LINESTRING(402.430000 644.360000,401.520000 649.040000)
0	101	1417	1305	1	1	171	171	0	31	201	1	0	Left	11.389	11450.8	11651.8	LINESTRING(401.520000 649.040000,397.950000 649.630000)
0	102	1305	214	1	1	206	206	0	37	237	1	0	Right	5.695	11657.4	11894.4	LINESTRING(397.950000 649.630000,401.780000 654.710000)
0	103	214	1548	1	1	193	193	0	35	225	1	0	Right	5.695	11900.1	12125.1	LINESTRING(401.780000 654.710000,405.210000 651.220000)
0	104	1548	1417	1	1	139	139	0	25	155	1	0	Right	5.695	12130.8	12285.8	LINESTRING(405.210000 651.220000,401.520000 649.040000)
0	105	1417	1548	1	1	139	139	0	25	155	0	0	U	45.557	12331.4	12356.4	LINESTRING(401.520000 649.040000,405.210000 651.220000)
0	106	1548	1354	1	1	150	150	0	27	177	1	0	Right	5.695	12362.1	12539.1	LINESTRING(405.210000 651.220000,411.080000 648.480000)
0	107	1354	1355	1	1	242	242	0	43	283	1	0	Straight	0.0	12539.1	12822.1	LINESTRING(411.080000 648.480000,417.490000 643.160000)
0	108	1355	1363	1	1	233	233	0	42	272	1	0	U	45.557	12867.6	13139.6	LINESTRING(417.490000 643.160000,408.250000 651.290000)
0	109	1363	214	1	1	174	174	0	31	201	1	0	Straight	0.0	13139.6	13340.6	LINESTRING(408.250000 651.290000,401.780000 654.710000)
0	110	214	2	1	1	231	231	0	42	272	1	0	Straight	0.0	13340.6	13612.6	LINESTRING(401.780000 654.710000,397.650000 661.610000)
0	111	2	3	0	1	42	42	0	8	48	1	0	Straight	0.0	13612.6	13660.6	LINESTRING(397.650000 661.610000,392.160000 667.020000)
0	112	3	219	0	1	132	132	0	24	154	1	0	Straight	0.0	13660.6	13814.6	LINESTRING(392.160000 667.020000,386.540000 670.590000)
0	113	219	1335	0	0	0	0	0	4	0	0	0	Left	11.389	13826.0	13830.0	LINESTRING(386.540000 670.590000,381.390000 667.840000)
0	114	1335	1753	0	1	31	31	0	6	36	1	0	Straight	0.0	13830.0	13866.0	LINESTRING(381.390000 667.840000,379.250000 665.080000)
0	115	1753	1673	1	1	103	103	0	18	118	0	0	Straight	0.0	13866.0	13884.0	LINESTRING(379.250000 665.080000,375.650000 658.090000)
0	116	1673	16	1	1	110	110	0	20	130	0	0	Straight	0.0	13884.0	13904.0	LINESTRING(375.650000 658.090000,373.420000 651.220000)
0	117	16	1364	0	1	24	24	0	4	24	0	0	Straight	0.0	13904.0	13908.0	LINESTRING(373.420000 651.220000,376.170000 644.650000)
0	118	1364	285	0	1	19	19	0	4	14	0	0	Straight	0.0	13908.0	13912.0	LINESTRING(376.170000 644.650000,378.140000 639.650000)
0	119	285	1333	1	1	234	234	0	42	272	0	0	Straight	0.0	13912.0	13954.0	LINESTRING(378.140000 639.650000,386.620000 632.510000)
0	120	1333	1367	1	1	137	137	0	25	155	0	0	Straight	0.0	13954.0	13979.0	LINESTRING(386.620000 632.510000,398.780000 623.930000)
0	121	1367	1368	1	0	0	0	0	71	0	0	0	Right	5.695	13984.7	14055.7	LINESTRING(398.780000 623.930000,398.500000 609.900000)
0	122	1368	2252	1	0	0	0	0	16	0	0	0	Straight	0.0	14055.7	14071.7	LINESTRING(398.500000 609.900000,384.810000 591.140000)
0	123	2252	1311	1	0	0	0	0	4	0	0	0	Straight	0.0	14071.7	14075.7	LINESTRING(384.810000 591.140000,371.290000 572.050000)
0	124	1311	1310	1	0	0	0	0	6	0	0	0	Straight	0.0	14075.7	14081.7	LINESTRING(371.290000 572.050000,346.040000 564.610000)
0	125	1310	2251	1	0	0	0	0	2	0	0	0	Straight	0.0	14081.7	14083.7	LINESTRING(346.040000 564.610000,320.670000 578.130000)
0	126	2251	1490	1	0	0	0	0	62	0	0	0	Straight	0.0	14083.7	14145.7	LINESTRING(320.670000 578.130000,295.200000 590.930000)
0	127	1490	133	1	0	0	0	0	66	0	0	0	Straight	0.0	14145.7	14211.7	LINESTRING(295.200000 590.930000,280.830000 596.150000)
0	128	133	572	1	0	0	0	0	71	0	0	0	Left	11.389	14223.1	14294.1	LINESTRING(280.830000 596.150000,283.050000 583.100000)
0	129	572	171	1	0	0	0	0	9	0	0	0	Straight	0.0	14294.1	14303.1	LINESTRING(283.050000 583.100000,286.190000 568.770000)
0	130	171	172	0	0	0	0	0	63	0	0	0	Straight	0.0	14303.1	14366.1	LINESTRING(286.190000 568.770000,284.570000 559.500000)
0	131	172	1780	0	0	0	0	0	6	0	0	0	Straight	0.0	14366.1	14372.1	LINESTRING(284.570000 559.500000,278.200000 551.770000)
0	132	1780	187	0	0	0	0	0	14	0	0	0	Left	11.389	14383.5	14397.5	LINESTRING(278.200000 551.770000,281.190000 543.250000)
0	133	187	661	0	0	0	0	0	4	0	0	0	Straight	0.0	14397.5	14401.5	LINESTRING(281.190000 543.250000,277.780000 532.600000)
0	134	661	660	0	0	0	0	0	45	0	0	0	Straight	0.0	14401.5	14446.5	LINESTRING(277.780000 532.600000,269.670000 523.720000)
0	135	660	238	0	0	0	0	0	8	0	0	0	Straight	0.0	14446.5	14454.5	LINESTRING(269.670000 523.720000,269.650000 514.880000)
0	136	238	237	0	0	0	0	0	16	0	0	0	Straight	0.0	14454.5	14470.5	LINESTRING(269.650000 514.880000,268.890000 506.990000)
0	137	237	682	0	0	0	0	0	17	0	0	0	Straight	0.0	14470.5	14487.5	LINESTRING(268.890000 506.990000,265.040000 499.510000)
0	138	682	727	0	0	0	0	0	33	0	0	0	Straight	0.0	14487.5	14520.5	LINESTRING(265.040000 499.510000,259.710000 490.350000)
0	139	727	290	0	0	0	0	0	11	0	0	0	Straight	0.0	14520.5	14531.5	LINESTRING(259.710000 490.350000,256.630000 479.340000)
0	140	290	289	0	0	0	0	0	13	0	0	0	Straight	0.0	14531.5	14544.5	LINESTRING(256.630000 479.340000,253.340000 468.030000)
0	141	289	335	0	0	0	0	0	53	0	0	0	Straight	0.0	14544.5	14597.5	LINESTRING(253.340000 468.030000,245.130000 456.300000)
0	142	335	317	0	0	0	0	0	4	0	0	0	Straight	0.0	14597.5	14601.5	LINESTRING(245.130000 456.300000,241.260000 443.730000)
0	143	317	815	0	0	0	0	0	68	0	0	0	Straight	0.0	14601.5	14669.5	LINESTRING(241.260000 443.730000,240.330000 429.250000)
0	144	815	2070	0	0	0	0	0	49	0	0	0	Straight	0.0	14669.5	14718.5	LINESTRING(240.330000 429.250000,240.270000 415.950000)
0	145	2070	412	0	0	0	0	0	22	0	0	0	Straight	0.0	14718.5	14740.5	LINESTRING(240.270000 415.950000,244.880000 405.620000)
0	146	412	893	0	0	0	0	0	2	0	0	0	Straight	0.0	14740.5	14742.5	LINESTRING(244.880000 405.620000,241.320000 390.940000)
0	147	893	477	0	0	0	0	0	23	0	0	0	Straight	0.0	14742.5	14765.5	LINESTRING(241.320000 390.940000,247.760000 376.520000)
0	148	477	478	1	0	0	0	0	61	0	0	0	Straight	0.0	14765.5	14826.5	LINESTRING(247.760000 376.520000,250.630000 358.810000)
0	149	478	506	1	0	0	0	0	25	0	0	0	Straight	0.0	14826.5	14851.5	LINESTRING(250.630000 358.810000,262.850000 344.550000)
0	150	506	969	1	0	0	0	0	43	0	0	0	Straight	0.0	14851.5	14894.5	LINESTRING(262.850000 344.550000,267.880000 330.780000)
0	151	969	2097	1	0	0	0	0	24	0	0	0	Straight	0.0	14894.5	14918.5	LINESTRING(267.880000 330.780000,279.580000 320.460000)
0	152	2097	556	1	0	0	0	0	25	0	0	0	Straight	0.0	14918.5	14943.5	LINESTRING(279.580000 320.460000,289.600000 308.420000)
0	153	556	564	1	0	0	0	0	27	0	0	0	Straight	0.0	14943.5	14970.5	LINESTRING(289.600000 308.420000,297.850000 297.270000)
0	154	564	594	1	0	0	0	0	26	0	0	0	Straight	0.0	14970.5	14996.5	LINESTRING(297.850000 297.270000,307.380000 288.170000)
0	155	594	593	1	0	0	0	0	34	0	0	0	Straight	0.0	14996.5	15030.5	LINESTRING(307.380000 288.170000,320.190000 279.470000)
0	156	593	607	1	0	0	0	0	30	0	0	0	Straight	0.0	15030.5	15060.5	LINESTRING(320.190000 279.470000,341.470000 281.280000)
0	157	607	616	1	0	0	0	0	22	0	0	0	Straight	0.0	15060.5	15082.5	LINESTRING(341.470000 281.280000,363.030000 281.580000)
0	158	616	615	1	0	0	0	0	3	0	0	0	Straight	0.0	15082.5	15085.5	LINESTRING(363.030000 281.580000,379.090000 271.730000)
0	159	615	1825	1	0	0	0	0	27	0	0	0	Straight	0.0	15085.5	15112.5	LINESTRING(379.090000 271.730000,401.590000 256.480000)
0	160	1825	690	1	0	0	0	0	12	0	0	0	Straight	0.0	15112.5	15124.5	LINESTRING(401.590000 256.480000,411.190000 240.760000)
0	161	690	2085	1	0	0	0	0	15	0	0	0	Left	11.389	15135.9	15150.9	LINESTRING(411.190000 240.760000,421.880000 250.660000)
0	162	2085	1083	1	0	0	0	0	71	0	0	0	Straight	0.0	15150.9	15221.9	LINESTRING(421.880000 250.660000,446.000000 251.770000)
0	163	1083	2085	1	0	0	0	0	71	0	0	0	U	45.557	15267.5	15338.5	LINESTRING(446.000000 251.770000,421.880000 250.660000)
0	164	2085	1825	0	0	0	0	0	21	0	0	0	Straight	0.0	15338.5	15359.5	LINESTRING(421.880000 250.660000,401.590000 256.480000)
0	165	1825	615	1	0	0	0	0	27	0	0	0	Straight	0.0	15359.5	15386.5	LINESTRING(401.590000 256.480000,379.090000 271.730000)
0	166	615	1684	0	0	0	0	0	58	0	0	0	Right	5.695	15392.2	15450.2	LINESTRING(379.090000 271.730000,393.810000 293.840000)
0	167	1684	984	1	0	0	0	0	3	0	0	0	Left	11.389	15461.5	15464.5	LINESTRING(393.810000 293.840000,381.850000 299.240000)
0	168	984	558	1	0	0	0	0	7	0	0	0	Straight	0.0	15464.5	15471.5	LINESTRING(381.850000 299.240000,362.770000 297.070000)
0	169	558	554	1	1	56	56	0	10	60	0	0	Straight	0.0	15471.5	15481.5	LINESTRING(362.770000 297.070000,347.040000 297.520000)
0	170	554	1553	1	0	0	0	0	36	0	0	0	Straight	0.0	15481.5	15517.5	LINESTRING(347.040000 297.520000,331.400000 298.100000)
0	171	1553	957	1	0	0	0	0	51	0	0	0	Straight	0.0	15517.5	15568.5	LINESTRING(331.400000 298.100000,316.930000 302.600000)
0	172	957	557	1	0	0	0	0	28	0	0	0	Straight	0.0	15568.5	15596.5	LINESTRING(316.930000 302.600000,303.930000 309.490000)
0	173	557	1971	1	0	0	0	0	16	0	0	0	Right	5.695	15602.2	15618.2	LINESTRING(303.930000 309.490000,305.810000 320.420000)
0	174	1971	458	1	0	0	0	0	15	0	0	0	Left	11.389	15629.6	15644.6	LINESTRING(305.810000 320.420000,292.810000 327.990000)
0	175	458	459	1	0	0	0	0	34	0	0	0	Right	5.695	15650.3	15684.3	LINESTRING(292.810000 327.990000,290.760000 342.770000)
0	176	459	1678	1	0	0	0	0	11	0	0	0	Right	5.695	15690.0	15701.0	LINESTRING(290.760000 342.770000,302.470000 357.350000)
0	177	1678	413	1	0	0	0	0	18	0	0	0	Left	11.389	15712.4	15730.4	LINESTRING(302.470000 357.350000,289.670000 363.760000)
0	178	413	396	1	0	0	0	0	28	0	0	0	Straight	0.0	15730.4	15758.4	LINESTRING(289.670000 363.760000,284.820000 374.870000)
0	179	396	395	1	0	0	0	0	28	0	0	0	Straight	0.0	15758.4	15786.4	LINESTRING(284.820000 374.870000,280.370000 386.230000)
0	180	395	352	1	0	0	0	0	33	0	0	0	Straight	0.0	15786.4	15819.4	LINESTRING(280.370000 386.230000,275.860000 397.770000)
0	181	352	348	1	0	0	0	0	2	0	0	0	Straight	0.0	15819.4	15821.4	LINESTRING(275.860000 397.770000,278.310000 408.080000)
0	182	348	347	1	1	375	375	0	67	437	0	0	Straight	0.0	15821.4	15888.4	LINESTRING(278.310000 408.080000,290.110000 418.850000)
0	183	347	249	1	0	0	0	0	73	0	0	0	Straight	0.0	15888.4	15961.4	LINESTRING(290.110000 418.850000,295.020000 431.030000)
0	184	249	248	1	0	0	0	0	6	0	0	0	Straight	0.0	15961.4	15967.4	LINESTRING(295.020000 431.030000,302.750000 437.830000)
0	185	248	235	0	0	0	0	0	8	0	0	0	Straight	0.0	15967.4	15975.4	LINESTRING(302.750000 437.830000,310.880000 442.530000)
0	186	235	236	0	0	0	0	0	24	0	0	0	Straight	0.0	15975.4	15999.4	LINESTRING(310.880000 442.530000,323.050000 445.110000)
0	187	236	1675	0	0	0	0	0	32	0	0	0	Straight	0.0	15999.4	16031.4	LINESTRING(323.050000 445.110000,334.850000 453.490000)
0	188	1675	180	0	0	0	0	0	32	0	0	0	Straight	0.0	16031.4	16063.4	LINESTRING(334.850000 453.490000,348.050000 459.750000)
0	189	180	178	0	0	0	0	0	31	0	0	0	Straight	0.0	16063.4	16094.4	LINESTRING(348.050000 459.750000,360.880000 464.360000)
0	190	178	1647	1	0	0	0	0	12	0	0	0	Straight	0.0	16094.4	16106.4	LINESTRING(360.880000 464.360000,378.350000 466.910000)
0	191	1647	158	1	0	0	0	0	5	0	0	0	Straight	0.0	16106.4	16111.4	LINESTRING(378.350000 466.910000,395.610000 469.280000)
0	192	158	157	1	0	0	0	0	2	0	0	0	Straight	0.0	16111.4	16113.4	LINESTRING(395.610000 469.280000,412.480000 468.730000)
0	193	157	583	1	0	0	0	0	5	0	0	0	Straight	0.0	16113.4	16118.4	LINESTRING(412.480000 468.730000,434.100000 466.020000)
0	194	583	1778	1	0	0	0	0	2	0	0	0	Left	11.389	16129.8	16131.8	LINESTRING(434.100000 466.020000,435.670000 483.210000)
0	195	1778	1430	1	0	0	0	0	10	0	0	0	Straight	0.0	16131.8	16141.8	LINESTRING(435.670000 483.210000,436.880000 500.490000)
0	196	1430	145	0	0	0	0	0	23	0	0	0	Straight	0.0	16141.8	16164.8	LINESTRING(436.880000 500.490000,438.570000 514.380000)
0	197	145	1777	0	0	0	0	0	22	0	0	0	Straight	0.0	16164.8	16186.8	LINESTRING(438.570000 514.380000,438.570000 529.890000)
0	198	1777	135	0	0	0	0	0	17	0	0	0	Straight	0.0	16186.8	16203.8	LINESTRING(438.570000 529.890000,439.510000 547.020000)
0	199	135	493	0	0	0	0	0	49	0	0	0	Straight	0.0	16203.8	16252.8	LINESTRING(439.510000 547.020000,456.360000 564.610000)
0	200	493	467	0	0	0	0	0	40	0	0	0	Straight	0.0	16252.8	16292.8	LINESTRING(456.360000 564.610000,475.890000 580.340000)
0	201	467	101	0	0	0	0	0	3	0	0	0	Straight	0.0	16292.8	16295.8	LINESTRING(475.890000 580.340000,487.520000 592.890000)
0	202	101	102	0	0	0	0	0	4	0	0	0	Left	11.389	16307.2	16311.2	LINESTRING(487.520000 592.890000,481.160000 608.080000)
0	203	102	79	0	0	0	0	0	78	0	0	0	Straight	0.0	16311.2	16389.2	LINESTRING(481.160000 608.080000,475.660000 625.840000)
0	204	79	436	0	1	141	141	0	25	165	0	0	Straight	0.0	16389.2	16414.2	LINESTRING(475.660000 625.840000,465.490000 635.450000)
0	205	436	437	0	1	34	34	0	6	36	1	0	Straight	0.0	16414.2	16450.2	LINESTRING(465.490000 635.450000,461.480000 643.960000)
0	206	437	83	0	1	98	98	0	18	108	1	0	Straight	0.0	16450.2	16558.2	LINESTRING(461.480000 643.960000,460.110000 650.670000)
0	207	83	441	0	1	31	31	0	6	36	1	0	U	45.557	16603.7	16639.7	LINESTRING(460.110000 650.670000,458.860000 646.030000)
0	208	441	84	0	1	100	100	0	18	118	1	0	Straight	0.0	16639.7	16757.7	LINESTRING(458.860000 646.030000,464.500000 633.350000)
0	209	84	439	1	1	67	67	0	12	72	1	0	Left	11.389	16769.1	16841.1	LINESTRING(464.500000 633.350000,468.660000 639.250000)
0	210	439	442	1	1	46	46	0	8	48	1	0	Straight	0.0	16841.1	16889.1	LINESTRING(468.660000 639.250000,472.700000 640.800000)
0	211	442	439	1	1	46	46	0	8	48	0	0	U	45.557	16934.7	16942.7	LINESTRING(472.700000 640.800000,468.660000 639.250000)
0	212	439	2169	1	1	46	46	0	8	48	1	0	Right	5.695	16948.4	16996.4	LINESTRING(468.660000 639.250000,470.290000 644.290000)
0	213	2169	439	1	1	46	46	0	8	48	0	0	U	45.557	17041.9	17049.9	LINESTRING(470.290000 644.290000,468.660000 639.250000)
0	214	439	84	1	1	67	67	0	12	72	0	0	Straight	0.0	17049.9	17061.9	LINESTRING(468.660000 639.250000,464.500000 633.350000)
0	215	84	436	1	1	22	22	0	4	24	1	0	U	45.557	17107.5	17131.5	LINESTRING(464.500000 633.350000,465.490000 635.450000)
0	216	436	437	0	1	34	34	0	6	36	0	0	Left	11.389	17142.9	17148.9	LINESTRING(465.490000 635.450000,461.480000 643.960000)
0	217	437	1765	0	1	124	124	0	22	142	1	0	Straight	0.0	17148.9	17290.9	LINESTRING(461.480000 643.960000,455.790000 648.810000)
0	218	1765	81	0	1	15	15	0	3	13	0	0	Right	5.695	17296.6	17299.6	LINESTRING(455.790000 648.810000,457.890000 653.200000)
0	219	81	83	0	1	20	20	0	4	24	1	0	Right	5.695	17305.3	17329.3	LINESTRING(457.890000 653.200000,460.110000 650.670000)
0	220	83	82	0	1	15	15	0	3	13	1	0	U	45.557	17374.8	17387.8	LINESTRING(460.110000 650.670000,457.160000 656.280000)
0	221	82	440	0	1	22	22	0	4	24	0	0	Left	11.389	17399.2	17403.2	LINESTRING(457.160000 656.280000,452.020000 656.960000)
0	222	440	441	0	1	53	53	0	10	60	1	0	Left	11.389	17414.6	17474.6	LINESTRING(452.020000 656.960000,458.860000 646.030000)
0	223	441	84	0	1	100	100	0	18	118	0	0	Straight	0.0	17474.6	17492.6	LINESTRING(458.860000 646.030000,464.500000 633.350000)
0	224	84	80	0	1	133	133	0	24	154	1	0	Straight	0.0	17492.6	17646.6	LINESTRING(464.500000 633.350000,468.430000 619.580000)
0	225	80	105	0	1	377	377	0	68	438	0	0	Straight	0.0	17646.6	17714.6	LINESTRING(468.430000 619.580000,468.170000 604.310000)
0	226	105	106	0	0	0	0	0	13	0	0	0	Straight	0.0	17714.6	17727.6	LINESTRING(468.170000 604.310000,463.870000 592.580000)
0	227	106	491	0	0	0	0	0	24	0	0	0	Straight	0.0	17727.6	17751.6	LINESTRING(463.870000 592.580000,454.210000 580.680000)
0	228	491	494	0	0	0	0	0	8	0	0	0	Straight	0.0	17751.6	17759.6	LINESTRING(454.210000 580.680000,448.800000 571.000000)
0	229	494	1405	0	0	0	0	0	10	0	0	0	Straight	0.0	17759.6	17769.6	LINESTRING(448.800000 571.000000,437.880000 566.990000)
0	230	1405	130	0	0	0	0	0	21	0	0	0	Straight	0.0	17769.6	17790.6	LINESTRING(437.880000 566.990000,424.450000 558.960000)
0	231	130	131	0	0	0	0	0	19	0	0	0	Left	11.389	17802.0	17821.0	LINESTRING(424.450000 558.960000,424.080000 549.750000)
0	232	131	141	0	0	0	0	0	1	0	0	0	Straight	0.0	17821.0	17822.0	LINESTRING(424.080000 549.750000,421.030000 538.540000)
0	233	141	134	0	0	0	0	0	4	0	0	0	Left	11.389	17833.4	17837.4	LINESTRING(421.030000 538.540000,429.330000 535.620000)
0	234	134	138	0	0	0	0	0	13	0	0	0	Right	5.695	17843.1	17856.1	LINESTRING(429.330000 535.620000,429.280000 527.380000)
0	235	138	139	0	0	0	0	0	4	0	0	0	Left	11.389	17867.5	17871.5	LINESTRING(429.280000 527.380000,435.060000 521.980000)
0	236	139	1429	0	0	0	0	0	21	0	0	0	Straight	0.0	17871.5	17892.5	LINESTRING(435.060000 521.980000,436.220000 511.180000)
0	237	1429	1430	0	0	0	0	0	24	0	0	0	Straight	0.0	17892.5	17916.5	LINESTRING(436.220000 511.180000,436.880000 500.490000)
0	238	1430	1778	1	0	0	0	0	10	0	0	0	Straight	0.0	17916.5	17926.5	LINESTRING(436.880000 500.490000,435.670000 483.210000)
0	239	1778	583	1	0	0	0	0	2	0	0	0	Straight	0.0	17926.5	17928.5	LINESTRING(435.670000 483.210000,434.100000 466.020000)
0	240	583	157	1	0	0	0	0	5	0	0	0	Right	5.695	17934.2	17939.2	LINESTRING(434.100000 466.020000,412.480000 468.730000)
0	241	157	158	1	0	0	0	0	2	0	0	0	Straight	0.0	17939.2	17941.2	LINESTRING(412.480000 468.730000,395.610000 469.280000)
0	242	158	1647	1	0	0	0	0	5	0	0	0	Straight	0.0	17941.2	17946.2	LINESTRING(395.610000 469.280000,378.350000 466.910000)
0	243	1647	178	1	0	0	0	0	12	0	0	0	Straight	0.0	17946.2	17958.2	LINESTRING(378.350000 466.910000,360.880000 464.360000)
0	244	178	179	0	0	0	0	0	32	0	0	0	Straight	0.0	17958.2	17990.2	LINESTRING(360.880000 464.360000,349.240000 465.280000)
0	245	179	1521	0	0	0	0	0	8	0	0	0	Straight	0.0	17990.2	17998.2	LINESTRING(349.240000 465.280000,339.840000 463.860000)
0	246	1521	222	0	0	0	0	0	25	0	0	0	Straight	0.0	17998.2	18023.2	LINESTRING(339.840000 463.860000,330.240000 457.470000)
0	247	222	223	0	0	0	0	0	32	0	0	0	Straight	0.0	18023.2	18055.2	LINESTRING(330.240000 457.470000,319.420000 451.510000)
0	248	223	669	0	0	0	0	0	16	0	0	0	Straight	0.0	18055.2	18071.2	LINESTRING(319.420000 451.510000,307.010000 448.380000)
0	249	669	670	0	0	0	0	0	11	0	0	0	Straight	0.0	18071.2	18082.2	LINESTRING(307.010000 448.380000,302.080000 443.190000)
0	250	670	248	1	0	0	0	0	5	0	0	0	Left	11.389	18093.6	18098.6	LINESTRING(302.080000 443.190000,302.750000 437.830000)
0	251	248	249	1	0	0	0	0	6	0	0	0	Right	5.695	18104.2	18110.2	LINESTRING(302.750000 437.830000,295.020000 431.030000)
0	252	249	347	1	0	0	0	0	73	0	0	0	Straight	0.0	18110.2	18183.2	LINESTRING(295.020000 431.030000,290.110000 418.850000)
0	253	347	348	1	1	375	375	0	67	437	0	0	Straight	0.0	18183.2	18250.2	LINESTRING(290.110000 418.850000,278.310000 408.080000)
0	254	348	352	1	0	0	0	0	2	0	0	0	Straight	0.0	18250.2	18252.2	LINESTRING(278.310000 408.080000,275.860000 397.770000)
0	255	352	395	1	0	0	0	0	33	0	0	0	Straight	0.0	18252.2	18285.2	LINESTRING(275.860000 397.770000,280.370000 386.230000)
0	256	395	396	1	0	0	0	0	28	0	0	0	Straight	0.0	18285.2	18313.2	LINESTRING(280.370000 386.230000,284.820000 374.870000)
0	257	396	413	1	0	0	0	0	28	0	0	0	Straight	0.0	18313.2	18341.2	LINESTRING(284.820000 374.870000,289.670000 363.760000)
0	258	413	1678	1	0	0	0	0	18	0	0	0	Straight	0.0	18341.2	18359.2	LINESTRING(289.670000 363.760000,302.470000 357.350000)
0	259	1678	459	1	0	0	0	0	11	0	0	0	Right	5.695	18364.9	18375.9	LINESTRING(302.470000 357.350000,290.760000 342.770000)
0	260	459	458	1	0	0	0	0	34	0	0	0	Left	11.389	18387.3	18421.3	LINESTRING(290.760000 342.770000,292.810000 327.990000)
0	261	458	1971	1	0	0	0	0	15	0	0	0	Left	11.389	18432.7	18447.7	LINESTRING(292.810000 327.990000,305.810000 320.420000)
0	262	1971	557	1	0	0	0	0	16	0	0	0	Right	5.695	18453.4	18469.4	LINESTRING(305.810000 320.420000,303.930000 309.490000)
0	263	557	957	1	0	0	0	0	28	0	0	0	Left	11.389	18480.8	18508.8	LINESTRING(303.930000 309.490000,316.930000 302.600000)
0	264	957	1553	1	0	0	0	0	51	0	0	0	Straight	0.0	18508.8	18559.8	LINESTRING(316.930000 302.600000,331.400000 298.100000)
0	265	1553	554	1	0	0	0	0	36	0	0	0	Straight	0.0	18559.8	18595.8	LINESTRING(331.400000 298.100000,347.040000 297.520000)
0	266	554	558	1	1	56	56	0	10	60	0	0	Straight	0.0	18595.8	18605.8	LINESTRING(347.040000 297.520000,362.770000 297.070000)
0	267	558	984	1	0	0	0	0	7	0	0	0	Straight	0.0	18605.8	18612.8	LINESTRING(362.770000 297.070000,381.850000 299.240000)
0	268	984	616	0	0	0	0	0	57	0	0	0	U	45.557	18658.4	18715.4	LINESTRING(381.850000 299.240000,363.030000 281.580000)
0	269	616	615	1	0	0	0	0	3	0	0	0	Left	11.389	18726.8	18729.8	LINESTRING(363.030000 281.580000,379.090000 271.730000)
0	270	615	1825	1	0	0	0	0	27	0	0	0	Straight	0.0	18729.8	18756.8	LINESTRING(379.090000 271.730000,401.590000 256.480000)
0	271	1825	690	1	0	0	0	0	12	0	0	0	Straight	0.0	18756.8	18768.8	LINESTRING(401.590000 256.480000,411.190000 240.760000)
0	272	690	2085	1	0	0	0	0	15	0	0	0	Left	11.389	18780.1	18795.1	LINESTRING(411.190000 240.760000,421.880000 250.660000)
0	273	2085	1083	1	0	0	0	0	71	0	0	0	Straight	0.0	18795.1	18866.1	LINESTRING(421.880000 250.660000,446.000000 251.770000)
1	0	1083	2085	1	0	0	0	0	71	0	0	300		0.0	19166.1	19237.1	LINESTRING(446.000000 251.770000,421.880000 250.660000)
1	1	2085	1825	0	0	0	0	0	21	0	0	0	Straight	0.0	19237.1	19258.1	LINESTRING(421.880000 250.660000,401.590000 256.480000)
1	2	1825	615	1	0	0	0	0	27	0	0	0	Straight	0.0	19258.1	19285.1	LINESTRING(401.590000 256.480000,379.090000 271.730000)
1	3	615	616	1	0	0	0	0	3	0	0	0	Straight	0.0	19285.1	19288.1	LINESTRING(379.090000 271.730000,363.030000 281.580000)
1	4	616	607	1	0	0	0	0	22	0	0	0	Straight	0.0	19288.1	19310.1	LINESTRING(363.030000 281.580000,341.470000 281.280000)
1	5	607	593	1	0	0	0	0	30	0	0	0	Straight	0.0	19310.1	19340.1	LINESTRING(341.470000 281.280000,320.190000 279.470000)
1	6	593	594	1	0	0	0	0	34	0	0	0	Straight	0.0	19340.1	19374.1	LINESTRING(320.190000 279.470000,307.380000 288.170000)
1	7	594	564	1	0	0	0	0	26	0	0	0	Straight	0.0	19374.1	19400.1	LINESTRING(307.380000 288.170000,297.850000 297.270000)
1	8	564	556	1	0	0	0	0	27	0	0	0	Straight	0.0	19400.1	19427.1	LINESTRING(297.850000 297.270000,289.600000 308.420000)
1	9	556	2097	1	0	0	0	0	25	0	0	0	Straight	0.0	19427.1	19452.1	LINESTRING(289.600000 308.420000,279.580000 320.460000)
1	10	2097	969	1	0	0	0	0	24	0	0	0	Straight	0.0	19452.1	19476.1	LINESTRING(279.580000 320.460000,267.880000 330.780000)
1	11	969	506	1	0	0	0	0	43	0	0	0	Straight	0.0	19476.1	19519.1	LINESTRING(267.880000 330.780000,262.850000 344.550000)
1	12	506	478	1	0	0	0	0	25	0	0	0	Straight	0.0	19519.1	19544.1	LINESTRING(262.850000 344.550000,250.630000 358.810000)
1	13	478	500	1	0	0	0	0	15	0	0	0	Left	11.389	19555.5	19570.5	LINESTRING(250.630000 358.810000,235.350000 357.540000)
1	14	500	971	1	0	0	0	0	3	0	0	0	Straight	0.0	19570.5	19573.5	LINESTRING(235.350000 357.540000,221.110000 357.760000)
1	15	971	970	1	0	0	0	0	66	0	0	0	Straight	0.0	19573.5	19639.5	LINESTRING(221.110000 357.760000,211.400000 361.910000)
1	16	970	980	1	0	0	0	0	36	0	0	0	Left	11.389	19650.9	19686.9	LINESTRING(211.400000 361.910000,200.540000 354.200000)
1	17	980	979	1	0	0	0	0	60	0	0	0	Right	5.695	19692.6	19752.6	LINESTRING(200.540000 354.200000,197.850000 376.830000)
1	18	979	950	0	0	0	0	0	26	0	0	0	Straight	0.0	19752.6	19778.6	LINESTRING(197.850000 376.830000,202.640000 392.330000)
1	19	950	951	0	0	0	0	0	2	0	0	0	Straight	0.0	19778.6	19780.6	LINESTRING(202.640000 392.330000,197.990000 411.000000)
1	20	951	444	0	0	0	0	0	71	0	0	0	Straight	0.0	19780.6	19851.6	LINESTRING(197.990000 411.000000,203.040000 429.230000)
1	21	444	855	0	0	0	0	0	44	0	0	0	Straight	0.0	19851.6	19895.6	LINESTRING(203.040000 429.230000,212.610000 444.800000)
1	22	855	850	0	0	0	0	0	4	0	0	0	Straight	0.0	19895.6	19899.6	LINESTRING(212.610000 444.800000,218.420000 459.360000)
1	23	850	851	0	0	0	0	0	24	0	0	0	Straight	0.0	19899.6	19923.6	LINESTRING(218.420000 459.360000,218.650000 475.140000)
1	24	851	774	1	0	0	0	0	75	0	0	0	Straight	0.0	19923.6	19998.6	LINESTRING(218.650000 475.140000,224.570000 496.730000)
1	25	774	753	1	0	0	0	0	34	0	0	0	Straight	0.0	19998.6	20032.6	LINESTRING(224.570000 496.730000,230.590000 511.140000)
1	26	753	730	1	0	0	0	0	34	0	0	0	Straight	0.0	20032.6	20066.6	LINESTRING(230.590000 511.140000,236.620000 522.980000)
1	27	730	702	1	0	0	0	0	48	0	0	0	Straight	0.0	20066.6	20114.6	LINESTRING(236.620000 522.980000,248.620000 532.840000)
1	28	702	700	1	0	0	0	0	9	0	0	0	Straight	0.0	20114.6	20123.6	LINESTRING(248.620000 532.840000,251.280000 542.490000)
1	29	700	701	1	0	0	0	0	4	0	0	0	Straight	0.0	20123.6	20127.6	LINESTRING(251.280000 542.490000,253.870000 554.330000)
1	30	701	671	1	0	0	0	0	45	0	0	0	Straight	0.0	20127.6	20172.6	LINESTRING(253.870000 554.330000,254.830000 573.320000)
1	31	671	672	1	0	0	0	0	24	0	0	0	Straight	0.0	20172.6	20196.6	LINESTRING(254.830000 573.320000,245.210000 585.390000)
1	32	672	1890	1	1	107	107	0	19	119	1	0	Straight	0.0	20196.6	20315.6	LINESTRING(245.210000 585.390000,240.850000 594.990000)
1	33	1890	1941	1	1	75	75	0	13	83	1	0	Straight	0.0	20315.6	20398.6	LINESTRING(240.850000 594.990000,238.380000 598.920000)
1	34	1941	1890	1	1	75	75	0	13	83	0	0	U	45.557	20444.2	20457.2	LINESTRING(238.380000 598.920000,240.850000 594.990000)
1	35	1890	189	1	1	98	98	0	18	108	1	0	U	45.557	20502.7	20610.7	LINESTRING(240.850000 594.990000,236.850000 603.560000)
1	36	189	2193	1	1	49	49	0	9	49	1	0	Straight	0.0	20610.7	20659.7	LINESTRING(236.850000 603.560000,232.210000 608.050000)
1	37	2193	189	1	1	49	49	0	9	49	0	0	U	45.557	20705.3	20714.3	LINESTRING(232.210000 608.050000,236.850000 603.560000)
1	38	189	167	1	0	0	0	0	47	0	0	0	Left	11.389	20725.7	20772.7	LINESTRING(236.850000 603.560000,239.560000 611.300000)
1	39	167	1866	1	0	0	0	0	29	0	0	0	Right	5.695	20778.4	20807.4	LINESTRING(239.560000 611.300000,247.620000 612.840000)
1	40	1866	129	1	0	0	0	0	65	0	0	0	Straight	0.0	20807.4	20872.4	LINESTRING(247.620000 612.840000,257.720000 609.090000)
1	41	129	132	1	0	0	0	0	33	0	0	0	Straight	0.0	20872.4	20905.4	LINESTRING(257.720000 609.090000,268.970000 603.040000)
1	42	132	133	1	0	0	0	0	19	0	0	0	Straight	0.0	20905.4	20924.4	LINESTRING(268.970000 603.040000,280.830000 596.150000)
1	43	133	1490	1	0	0	0	0	66	0	0	0	Straight	0.0	20924.4	20990.4	LINESTRING(280.830000 596.150000,295.200000 590.930000)
1	44	1490	2251	1	0	0	0	0	62	0	0	0	Straight	0.0	20990.4	21052.4	LINESTRING(295.200000 590.930000,320.670000 578.130000)
1	45	2251	1310	1	0	0	0	0	2	0	0	0	Straight	0.0	21052.4	21054.4	LINESTRING(320.670000 578.130000,346.040000 564.610000)
1	46	1310	1311	1	0	0	0	0	6	0	0	0	Straight	0.0	21054.4	21060.4	LINESTRING(346.040000 564.610000,371.290000 572.050000)
1	47	1311	2252	1	0	0	0	0	4	0	0	0	Straight	0.0	21060.4	21064.4	LINESTRING(371.290000 572.050000,384.810000 591.140000)
1	48	2252	1368	1	0	0	0	0	16	0	0	0	Straight	0.0	21064.4	21080.4	LINESTRING(384.810000 591.140000,398.500000 609.900000)
1	49	1368	1367	1	0	0	0	0	71	0	0	0	Straight	0.0	21080.4	21151.4	LINESTRING(398.500000 609.900000,398.780000 623.930000)
1	50	1367	1333	1	1	137	137	0	25	155	0	0	Left	11.389	21162.8	21187.8	LINESTRING(398.780000 623.930000,386.620000 632.510000)
1	51	1333	285	1	1	234	234	0	42	272	1	0	Straight	0.0	21187.8	21459.8	LINESTRING(386.620000 632.510000,378.140000 639.650000)
1	52	285	15	0	0	0	0	0	3	0	0	0	Straight	0.0	21459.8	21462.8	LINESTRING(378.140000 639.650000,371.990000 646.100000)
1	53	15	277	1	1	86	86	0	15	95	1	0	Straight	0.0	21462.8	21557.8	LINESTRING(371.990000 646.100000,367.030000 649.530000)
1	54	277	15	1	1	86	86	0	15	95	0	0	U	45.557	21603.3	21618.3	LINESTRING(367.030000 649.530000,371.990000 646.100000)
1	55	15	16	0	0	0	0	0	4	0	0	0	Left	11.389	21629.7	21633.7	LINESTRING(371.990000 646.100000,373.420000 651.220000)
1	56	16	1673	1	1	110	110	0	20	130	1	0	Straight	0.0	21633.7	21763.7	LINESTRING(373.420000 651.220000,375.650000 658.090000)
1	57	1673	1309	1	1	337	337	0	61	391	1	0	Right	5.695	21769.4	22160.4	LINESTRING(375.650000 658.090000,379.140000 653.960000)
1	58	1309	1334	1	1	125	125	0	23	143	1	0	Left	11.389	22171.8	22314.8	LINESTRING(379.140000 653.960000,381.100000 660.690000)
1	59	1334	1672	1	1	230	230	0	41	271	1	0	Right	5.695	22320.5	22591.5	LINESTRING(381.100000 660.690000,385.960000 656.730000)
1	60	1672	1306	1	1	187	187	0	34	214	0	0	Straight	0.0	22591.5	22625.5	LINESTRING(385.960000 656.730000,390.910000 650.870000)
1	61	1306	1546	1	1	502	502	0	90	590	1	0	Right	5.695	22631.2	23221.2	LINESTRING(390.910000 650.870000,389.410000 644.170000)
1	62	1546	1547	1	1	163	163	0	29	189	1	0	Right	5.695	23226.9	23415.9	LINESTRING(389.410000 644.170000,386.510000 646.680000)
1	63	1547	1546	1	1	163	163	0	29	189	0	0	U	45.557	23461.4	23490.4	LINESTRING(386.510000 646.680000,389.410000 644.170000)
1	64	1546	1418	1	1	164	164	0	30	190	1	0	U	45.557	23536.0	23726.0	LINESTRING(389.410000 644.170000,384.000000 650.810000)
1	65	1418	1546	1	1	164	164	0	30	190	0	0	U	45.557	23771.5	23801.5	LINESTRING(384.000000 650.810000,389.410000 644.170000)
1	66	1546	1671	1	1	409	409	0	74	474	1	0	Straight	0.0	23801.5	24275.5	LINESTRING(389.410000 644.170000,393.760000 634.180000)
1	67	1671	1991	1	1	98	98	0	18	108	1	0	U	45.557	24321.1	24429.1	LINESTRING(393.760000 634.180000,390.600000 636.100000)
1	68	1991	1671	1	1	98	98	0	18	108	0	0	U	45.557	24474.7	24492.7	LINESTRING(390.600000 636.100000,393.760000 634.180000)
1	69	1671	1367	1	0	0	0	0	107	0	0	0	Straight	0.0	24492.7	24599.7	LINESTRING(393.760000 634.180000,398.780000 623.930000)
1	70	1367	1333	1	1	137	137	0	25	155	0	0	U	45.557	24645.2	24670.2	LINESTRING(398.780000 623.930000,386.620000 632.510000)
1	71	1333	1301	1	1	203	203	0	37	237	1	0	Left	11.389	24681.6	24918.6	LINESTRING(386.620000 632.510000,382.830000 629.450000)
1	72	1301	1333	1	1	203	203	0	37	237	0	0	U	45.557	24964.2	25001.2	LINESTRING(382.830000 629.450000,386.620000 632.510000)
1	73	1333	285	1	1	234	234	0	42	272	0	0	Left	11.389	25012.5	25054.5	LINESTRING(386.620000 632.510000,378.140000 639.650000)
1	74	285	15	0	0	0	0	0	3	0	0	0	Straight	0.0	25054.5	25057.5	LINESTRING(378.140000 639.650000,371.990000 646.100000)
1	75	15	16	0	0	0	0	0	4	0	0	0	Right	5.695	25063.2	25067.2	LINESTRING(371.990000 646.100000,373.420000 651.220000)
1	76	16	1364	0	1	24	24	0	4	24	1	0	U	45.557	25112.8	25136.8	LINESTRING(373.420000 651.220000,376.170000 644.650000)
1	77	1364	285	0	1	19	19	0	4	14	1	0	Straight	0.0	25136.8	25150.8	LINESTRING(376.170000 644.650000,378.140000 639.650000)
1	78	285	15	0	0	0	0	0	3	0	0	0	U	45.557	25196.4	25199.4	LINESTRING(378.140000 639.650000,371.990000 646.100000)
1	79	15	16	0	0	0	0	0	4	0	0	0	Right	5.695	25205.1	25209.1	LINESTRING(371.990000 646.100000,373.420000 651.220000)
1	80	16	1673	1	1	110	110	0	20	130	0	0	Straight	0.0	25209.1	25229.1	LINESTRING(373.420000 651.220000,375.650000 658.090000)
1	81	1673	1753	1	1	103	103	0	18	118	1	0	Straight	0.0	25229.1	25347.1	LINESTRING(375.650000 658.090000,379.250000 665.080000)
1	82	1753	218	0	1	57	57	0	10	60	1	0	Right	5.695	25352.7	25412.7	LINESTRING(379.250000 665.080000,386.250000 667.180000)
1	83	218	227	0	1	132	132	0	24	154	1	0	Straight	0.0	25412.7	25566.7	LINESTRING(386.250000 667.180000,393.870000 664.850000)
1	84	227	1362	0	1	41	41	0	7	47	1	0	Straight	0.0	25566.7	25613.7	LINESTRING(393.870000 664.850000,401.110000 659.530000)
1	85	1362	2	0	0	0	0	0	6	0	0	0	U	45.557	25659.3	25665.3	LINESTRING(401.110000 659.530000,397.650000 661.610000)
1	86	2	3	0	1	42	42	0	8	48	0	0	Straight	0.0	25665.3	25673.3	LINESTRING(397.650000 661.610000,392.160000 667.020000)
1	87	3	219	0	1	132	132	0	24	154	0	0	Straight	0.0	25673.3	25697.3	LINESTRING(392.160000 667.020000,386.540000 670.590000)
1	88	219	1335	0	0	0	0	0	4	0	0	0	Left	11.389	25708.7	25712.7	LINESTRING(386.540000 670.590000,381.390000 667.840000)
1	89	1335	1334	1	1	233	233	0	42	272	1	0	Left	11.389	25724.1	25996.1	LINESTRING(381.390000 667.840000,381.100000 660.690000)
1	90	1334	1335	1	1	233	233	0	42	272	0	0	U	45.557	26041.6	26083.6	LINESTRING(381.100000 660.690000,381.390000 667.840000)
1	91	1335	1753	0	1	31	31	0	6	36	0	0	U	45.557	26129.2	26135.2	LINESTRING(381.390000 667.840000,379.250000 665.080000)
1	92	1753	218	0	1	57	57	0	10	60	0	0	U	45.557	26180.8	26190.8	LINESTRING(379.250000 665.080000,386.250000 667.180000)
1	93	218	219	0	1	12	12	0	2	12	1	0	Left	11.389	26202.1	26214.1	LINESTRING(386.250000 667.180000,386.540000 670.590000)
1	94	219	1335	0	0	0	0	0	4	0	0	0	Left	11.389	26225.5	26229.5	LINESTRING(386.540000 670.590000,381.390000 667.840000)
1	95	1335	1753	0	1	31	31	0	6	36	0	0	Straight	0.0	26229.5	26235.5	LINESTRING(381.390000 667.840000,379.250000 665.080000)
1	96	1753	218	0	1	57	57	0	10	60	0	0	U	45.557	26281.1	26291.1	LINESTRING(379.250000 665.080000,386.250000 667.180000)
1	97	218	227	0	1	132	132	0	24	154	0	0	Straight	0.0	26291.1	26315.1	LINESTRING(386.250000 667.180000,393.870000 664.850000)
1	98	227	1362	0	1	41	41	0	7	47	0	0	Straight	0.0	26315.1	26322.1	LINESTRING(393.870000 664.850000,401.110000 659.530000)
1	99	1362	1363	1	1	196	196	0	35	225	1	0	Straight	0.0	26322.1	26547.1	LINESTRING(401.110000 659.530000,408.250000 651.290000)
1	100	1363	1354	1	1	126	126	0	23	143	1	0	Straight	0.0	26547.1	26690.1	LINESTRING(408.250000 651.290000,411.080000 648.480000)
1	101	1354	1355	1	1	242	242	0	43	283	0	0	Straight	0.0	26690.1	26733.1	LINESTRING(411.080000 648.480000,417.490000 643.160000)
1	102	1355	1336	1	0	0	0	0	48	0	0	0	Straight	0.0	26733.1	26781.1	LINESTRING(417.490000 643.160000,427.910000 632.690000)
1	103	1336	1337	1	0	0	0	0	46	0	0	0	Straight	0.0	26781.1	26827.1	LINESTRING(427.910000 632.690000,438.560000 624.710000)
1	104	1337	274	1	0	0	0	0	50	0	0	0	Left	11.389	26838.5	26888.5	LINESTRING(438.560000 624.710000,445.360000 638.870000)
1	105	274	275	1	0	0	0	0	31	0	0	0	Straight	0.0	26888.5	26919.5	LINESTRING(445.360000 638.870000,452.400000 653.360000)
1	106	275	258	1	1	85	85	0	15	95	1	0	Straight	0.0	26919.5	27014.5	LINESTRING(452.400000 653.360000,459.900000 666.970000)
1	107	258	257	1	0	0	0	0	9	0	0	0	Straight	0.0	27014.5	27023.5	LINESTRING(459.900000 666.970000,459.690000 675.170000)
1	108	257	1370	1	1	200	200	0	36	236	1	0	Right	5.695	27029.2	27265.2	LINESTRING(459.690000 675.170000,462.800000 677.920000)
1	109	1370	10	1	0	0	0	0	32	0	0	0	Right	5.695	27270.9	27302.9	LINESTRING(462.800000 677.920000,469.010000 676.070000)
1	110	10	7	1	0	0	0	0	17	0	0	0	Left	11.389	27314.3	27331.3	LINESTRING(469.010000 676.070000,480.620000 682.640000)
1	111	7	6	1	1	6	6	0	1	1	1	0	Straight	0.0	27331.3	27332.3	LINESTRING(480.620000 682.640000,492.450000 688.100000)
1	112	6	1728	1	0	0	0	0	23	0	0	0	Left	11.389	27343.6	27366.6	LINESTRING(492.450000 688.100000,490.040000 696.270000)
1	113	1728	284	1	0	0	0	0	27	0	0	0	Right	5.695	27372.3	27399.3	LINESTRING(490.040000 696.270000,492.280000 699.010000)
1	114	284	299	1	1	74	74	0	13	83	1	0	U	45.557	27444.9	27527.9	LINESTRING(492.280000 699.010000,484.830000 696.590000)
1	115	299	1883	1	1	253	253	0	45	295	1	0	Straight	0.0	27527.9	27822.9	LINESTRING(484.830000 696.590000,479.390000 694.420000)
1	116	1883	1626	1	1	168	168	0	30	190	1	0	Straight	0.0	27822.9	28012.9	LINESTRING(479.390000 694.420000,475.450000 694.970000)
1	117	1626	1627	1	1	81	81	0	15	95	1	0	Right	5.695	28018.6	28113.6	LINESTRING(475.450000 694.970000,471.970000 699.800000)
1	118	1627	1626	1	1	81	81	0	15	95	0	0	U	45.557	28159.1	28174.1	LINESTRING(471.970000 699.800000,475.450000 694.970000)
1	119	1626	1835	1	1	58	58	0	10	60	1	0	Straight	0.0	28174.1	28234.1	LINESTRING(475.450000 694.970000,478.650000 687.980000)
1	120	1835	1883	1	1	251	251	0	45	295	1	0	U	45.557	28279.7	28574.7	LINESTRING(478.650000 687.980000,479.390000 694.420000)
1	121	1883	1626	1	1	168	168	0	30	190	0	0	Left	11.389	28586.1	28616.1	LINESTRING(479.390000 694.420000,475.450000 694.970000)
1	122	1626	1835	1	1	58	58	0	10	60	0	0	Left	11.389	28627.5	28637.5	LINESTRING(475.450000 694.970000,478.650000 687.980000)
1	123	1835	320	1	1	74	74	0	13	83	1	0	Straight	0.0	28637.5	28720.5	LINESTRING(478.650000 687.980000,481.090000 677.710000)
1	124	320	298	1	0	0	0	0	25	0	0	0	U	45.557	28766.0	28791.0	LINESTRING(481.090000 677.710000,480.520000 691.690000)
1	125	298	299	1	1	98	98	0	18	108	1	0	Straight	0.0	28791.0	28899.0	LINESTRING(480.520000 691.690000,484.830000 696.590000)
1	126	299	298	1	1	98	98	0	18	108	0	0	U	45.557	28944.6	28962.6	LINESTRING(484.830000 696.590000,480.520000 691.690000)
1	127	298	30	1	0	0	0	0	18	0	0	0	Right	5.695	28968.3	28986.3	LINESTRING(480.520000 691.690000,477.610000 703.990000)
1	128	30	29	1	1	76	76	0	14	84	1	0	Straight	0.0	28986.3	29070.3	LINESTRING(477.610000 703.990000,473.130000 706.840000)
1	129	29	30	1	1	76	76	0	14	84	0	0	U	45.557	29115.9	29129.9	LINESTRING(473.130000 706.840000,477.610000 703.990000)
1	130	30	1978	1	1	77	77	0	14	84	1	0	Left	11.389	29141.2	29225.2	LINESTRING(477.610000 703.990000,475.440000 714.110000)
1	131	1978	1979	1	1	97	97	0	17	107	1	0	Straight	0.0	29225.2	29332.2	LINESTRING(475.440000 714.110000,476.000000 720.610000)
1	132	1979	1978	1	1	97	97	0	17	107	0	0	U	45.557	29377.8	29394.8	LINESTRING(476.000000 720.610000,475.440000 714.110000)
1	133	1978	2056	1	1	41	41	0	7	47	1	0	U	45.557	29440.4	29487.4	LINESTRING(475.440000 714.110000,472.280000 719.410000)
1	134	2056	1978	1	1	41	41	0	7	47	0	0	U	45.557	29532.9	29539.9	LINESTRING(472.280000 719.410000,475.440000 714.110000)
1	135	1978	30	1	1	77	77	0	14	84	0	0	Straight	0.0	29539.9	29553.9	LINESTRING(475.440000 714.110000,477.610000 703.990000)
1	136	30	298	1	0	0	0	0	18	0	0	0	Straight	0.0	29553.9	29571.9	LINESTRING(477.610000 703.990000,480.520000 691.690000)
1	137	298	320	1	0	0	0	0	25	0	0	0	Straight	0.0	29571.9	29596.9	LINESTRING(480.520000 691.690000,481.090000 677.710000)
1	138	320	392	1	0	0	0	0	60	0	0	0	Straight	0.0	29596.9	29656.9	LINESTRING(481.090000 677.710000,483.080000 659.900000)
1	139	392	43	1	1	78	78	0	14	84	1	0	Left	11.389	29668.3	29752.3	LINESTRING(483.080000 659.900000,490.770000 660.120000)
1	140	43	1508	1	1	31	31	0	6	36	1	0	Left	11.389	29763.7	29799.7	LINESTRING(490.770000 660.120000,490.740000 664.840000)
1	141	1508	43	1	1	31	31	0	6	36	0	0	U	45.557	29845.2	29851.2	LINESTRING(490.740000 664.840000,490.770000 660.120000)
1	142	43	38	1	1	83	83	0	15	95	1	0	Left	11.389	29862.6	29957.6	LINESTRING(490.770000 660.120000,498.770000 658.220000)
1	143	38	21	1	1	192	192	0	35	225	1	0	Left	11.389	29969.0	30194.0	LINESTRING(498.770000 658.220000,507.690000 664.970000)
1	144	21	22	1	1	74	74	0	13	83	1	0	Left	11.389	30205.4	30288.4	LINESTRING(507.690000 664.970000,507.440000 669.590000)
1	145	22	21	1	1	74	74	0	13	83	0	0	U	45.557	30334.0	30347.0	LINESTRING(507.440000 669.590000,507.690000 664.970000)
1	146	21	1580	1	0	0	0	0	23	0	0	0	Left	11.389	30358.4	30381.4	LINESTRING(507.690000 664.970000,515.200000 659.000000)
1	147	1580	25	1	1	147	147	0	27	167	1	0	Right	5.695	30387.1	30554.1	LINESTRING(515.200000 659.000000,516.190000 648.840000)
1	148	25	321	1	0	0	0	0	67	0	0	0	Straight	0.0	30554.1	30621.1	LINESTRING(516.190000 648.840000,513.690000 637.420000)
1	149	321	1837	1	1	98	98	0	18	108	1	0	Right	5.695	30626.7	30734.7	LINESTRING(513.690000 637.420000,506.900000 638.550000)
1	150	1837	1836	1	1	90	90	0	16	106	1	0	Straight	0.0	30734.7	30840.7	LINESTRING(506.900000 638.550000,499.680000 638.190000)
1	151	1836	57	1	1	111	111	0	20	130	1	0	Straight	0.0	30840.7	30970.7	LINESTRING(499.680000 638.190000,492.310000 637.680000)
1	152	57	46	1	1	200	200	0	36	236	1	0	Right	5.695	30976.4	31212.4	LINESTRING(492.310000 637.680000,495.180000 648.130000)
1	153	46	45	1	1	35	35	0	6	36	1	0	Left	11.389	31223.8	31259.8	LINESTRING(495.180000 648.130000,492.620000 651.820000)
1	154	45	46	1	1	35	35	0	6	36	0	0	U	45.557	31305.4	31311.4	LINESTRING(492.620000 651.820000,495.180000 648.130000)
1	155	46	1906	1	1	32	32	0	6	36	1	0	Left	11.389	31322.8	31358.8	LINESTRING(495.180000 648.130000,497.870000 651.710000)
1	156	1906	46	1	1	32	32	0	6	36	0	0	U	45.557	31404.3	31410.3	LINESTRING(497.870000 651.710000,495.180000 648.130000)
1	157	46	57	1	1	200	200	0	36	236	0	0	Straight	0.0	31410.3	31446.3	LINESTRING(495.180000 648.130000,492.310000 637.680000)
1	158	57	2016	1	1	117	117	0	21	131	1	0	Straight	0.0	31446.3	31577.3	LINESTRING(492.310000 637.680000,493.940000 624.740000)
1	159	2016	1699	1	1	36	36	0	7	37	1	0	Straight	0.0	31577.3	31614.3	LINESTRING(493.940000 624.740000,499.090000 615.690000)
1	160	1699	411	1	1	25	25	0	4	24	1	0	Straight	0.0	31614.3	31638.3	LINESTRING(499.090000 615.690000,499.360000 604.810000)
1	161	411	1699	1	1	25	25	0	4	24	0	0	U	45.557	31683.9	31687.9	LINESTRING(499.360000 604.810000,499.090000 615.690000)
1	162	1699	2016	1	1	36	36	0	7	37	0	0	Straight	0.0	31687.9	31694.9	LINESTRING(499.090000 615.690000,493.940000 624.740000)
1	163	2016	57	1	1	117	117	0	21	131	0	0	Straight	0.0	31694.9	31715.9	LINESTRING(493.940000 624.740000,492.310000 637.680000)
1	164	57	403	1	1	531	531	0	95	625	1	0	Left	11.389	31727.3	32352.3	LINESTRING(492.310000 637.680000,482.420000 641.940000)
1	165	403	79	1	0	0	0	0	47	0	0	0	Left	11.389	32363.7	32410.7	LINESTRING(482.420000 641.940000,475.660000 625.840000)
1	166	79	80	1	1	23	23	0	4	24	1	0	Straight	0.0	32410.7	32434.7	LINESTRING(475.660000 625.840000,468.430000 619.580000)
1	167	80	105	0	1	377	377	0	68	438	1	0	Left	11.389	32446.1	32884.1	LINESTRING(468.430000 619.580000,468.170000 604.310000)
1	168	105	1645	0	1	48	48	0	9	49	1	0	Straight	0.0	32884.1	32933.1	LINESTRING(468.170000 604.310000,473.460000 595.750000)
1	169	1645	467	0	1	25	25	0	4	24	1	0	Straight	0.0	32933.1	32957.1	LINESTRING(473.460000 595.750000,475.890000 580.340000)
1	170	467	101	0	0	0	0	0	3	0	0	0	Left	11.389	32968.4	32971.4	LINESTRING(475.890000 580.340000,487.520000 592.890000)
1	171	101	102	0	0	0	0	0	4	0	0	0	Left	11.389	32982.8	32986.8	LINESTRING(487.520000 592.890000,481.160000 608.080000)
1	172	102	1645	0	0	0	0	0	4	0	0	0	Left	11.389	32998.2	33002.2	LINESTRING(481.160000 608.080000,473.460000 595.750000)
1	173	1645	106	0	0	0	0	0	8	0	0	0	Straight	0.0	33002.2	33010.2	LINESTRING(473.460000 595.750000,463.870000 592.580000)
1	174	106	491	0	0	0	0	0	24	0	0	0	Straight	0.0	33010.2	33034.2	LINESTRING(463.870000 592.580000,454.210000 580.680000)
1	175	491	494	0	0	0	0	0	8	0	0	0	Straight	0.0	33034.2	33042.2	LINESTRING(454.210000 580.680000,448.800000 571.000000)
1	176	494	1405	0	0	0	0	0	10	0	0	0	Straight	0.0	33042.2	33052.2	LINESTRING(448.800000 571.000000,437.880000 566.990000)
1	177	1405	130	0	0	0	0	0	21	0	0	0	Straight	0.0	33052.2	33073.2	LINESTRING(437.880000 566.990000,424.450000 558.960000)
1	178	130	131	0	0	0	0	0	19	0	0	0	Left	11.389	33084.6	33103.6	LINESTRING(424.450000 558.960000,424.080000 549.750000)
1	179	131	141	0	0	0	0	0	1	0	0	0	Straight	0.0	33103.6	33104.6	LINESTRING(424.080000 549.750000,421.030000 538.540000)
1	180	141	134	0	0	0	0	0	4	0	0	0	Left	11.389	33116.0	33120.0	LINESTRING(421.030000 538.540000,429.330000 535.620000)
1	181	134	138	0	0	0	0	0	13	0	0	0	Right	5.695	33125.7	33138.7	LINESTRING(429.330000 535.620000,429.280000 527.380000)
1	182	138	139	0	0	0	0	0	4	0	0	0	Left	11.389	33150.1	33154.1	LINESTRING(429.280000 527.380000,435.060000 521.980000)
1	183	139	1429	0	0	0	0	0	21	0	0	0	Straight	0.0	33154.1	33175.1	LINESTRING(435.060000 521.980000,436.220000 511.180000)
1	184	1429	1430	0	0	0	0	0	24	0	0	0	Straight	0.0	33175.1	33199.1	LINESTRING(436.220000 511.180000,436.880000 500.490000)
1	185	1430	1778	1	0	0	0	0	10	0	0	0	Straight	0.0	33199.1	33209.1	LINESTRING(436.880000 500.490000,435.670000 483.210000)
1	186	1778	583	1	0	0	0	0	2	0	0	0	Straight	0.0	33209.1	33211.1	LINESTRING(435.670000 483.210000,434.100000 466.020000)
1	187	583	157	1	0	0	0	0	5	0	0	0	Right	5.695	33216.8	33221.8	LINESTRING(434.100000 466.020000,412.480000 468.730000)
1	188	157	158	1	0	0	0	0	2	0	0	0	Straight	0.0	33221.8	33223.8	LINESTRING(412.480000 468.730000,395.610000 469.280000)
1	189	158	1647	1	0	0	0	0	5	0	0	0	Straight	0.0	33223.8	33228.8	LINESTRING(395.610000 469.280000,378.350000 466.910000)
1	190	1647	178	1	0	0	0	0	12	0	0	0	Straight	0.0	33228.8	33240.8	LINESTRING(378.350000 466.910000,360.880000 464.360000)
1	191	178	179	0	0	0	0	0	32	0	0	0	Straight	0.0	33240.8	33272.8	LINESTRING(360.880000 464.360000,349.240000 465.280000)
1	192	179	1521	0	0	0	0	0	8	0	0	0	Straight	0.0	33272.8	33280.8	LINESTRING(349.240000 465.280000,339.840000 463.860000)
1	193	1521	222	0	0	0	0	0	25	0	0	0	Straight	0.0	33280.8	33305.8	LINESTRING(339.840000 463.860000,330.240000 457.470000)
1	194	222	223	0	0	0	0	0	32	0	0	0	Straight	0.0	33305.8	33337.8	LINESTRING(330.240000 457.470000,319.420000 451.510000)
1	195	223	669	0	0	0	0	0	16	0	0	0	Straight	0.0	33337.8	33353.8	LINESTRING(319.420000 451.510000,307.010000 448.380000)
1	196	669	670	0	0	0	0	0	11	0	0	0	Straight	0.0	33353.8	33364.8	LINESTRING(307.010000 448.380000,302.080000 443.190000)
1	197	670	248	1	0	0	0	0	5	0	0	0	Left	11.389	33376.2	33381.2	LINESTRING(302.080000 443.190000,302.750000 437.830000)
1	198	248	249	1	0	0	0	0	6	0	0	0	Right	5.695	33386.9	33392.9	LINESTRING(302.750000 437.830000,295.020000 431.030000)
1	199	249	347	1	0	0	0	0	73	0	0	0	Straight	0.0	33392.9	33465.9	LINESTRING(295.020000 431.030000,290.110000 418.850000)
1	200	347	348	1	1	375	375	0	67	437	1	0	Straight	0.0	33465.9	33902.9	LINESTRING(290.110000 418.850000,278.310000 408.080000)
1	201	348	352	1	0	0	0	0	2	0	0	0	Straight	0.0	33902.9	33904.9	LINESTRING(278.310000 408.080000,275.860000 397.770000)
1	202	352	395	1	0	0	0	0	33	0	0	0	Straight	0.0	33904.9	33937.9	LINESTRING(275.860000 397.770000,280.370000 386.230000)
1	203	395	396	1	0	0	0	0	28	0	0	0	Straight	0.0	33937.9	33965.9	LINESTRING(280.370000 386.230000,284.820000 374.870000)
1	204	396	413	1	0	0	0	0	28	0	0	0	Straight	0.0	33965.9	33993.9	LINESTRING(284.820000 374.870000,289.670000 363.760000)
1	205	413	1678	1	0	0	0	0	18	0	0	0	Straight	0.0	33993.9	34011.9	LINESTRING(289.670000 363.760000,302.470000 357.350000)
1	206	1678	459	1	0	0	0	0	11	0	0	0	Right	5.695	34017.6	34028.6	LINESTRING(302.470000 357.350000,290.760000 342.770000)
1	207	459	458	1	0	0	0	0	34	0	0	0	Left	11.389	34040.0	34074.0	LINESTRING(290.760000 342.770000,292.810000 327.990000)
1	208	458	1971	1	0	0	0	0	15	0	0	0	Left	11.389	34085.3	34100.3	LINESTRING(292.810000 327.990000,305.810000 320.420000)
1	209	1971	557	1	0	0	0	0	16	0	0	0	Right	5.695	34106.0	34122.0	LINESTRING(305.810000 320.420000,303.930000 309.490000)
1	210	557	957	1	0	0	0	0	28	0	0	0	Left	11.389	34133.4	34161.4	LINESTRING(303.930000 309.490000,316.930000 302.600000)
1	211	957	1553	1	0	0	0	0	51	0	0	0	Straight	0.0	34161.4	34212.4	LINESTRING(316.930000 302.600000,331.400000 298.100000)
1	212	1553	554	1	0	0	0	0	36	0	0	0	Straight	0.0	34212.4	34248.4	LINESTRING(331.400000 298.100000,347.040000 297.520000)
1	213	554	563	1	0	0	0	0	11	0	0	0	Straight	0.0	34248.4	34259.4	LINESTRING(347.040000 297.520000,351.450000 293.730000)
1	214	563	558	0	1	78	78	0	14	84	1	0	Left	11.389	34270.8	34354.8	LINESTRING(351.450000 293.730000,362.770000 297.070000)
1	215	558	984	1	0	0	0	0	7	0	0	0	Straight	0.0	34354.8	34361.8	LINESTRING(362.770000 297.070000,381.850000 299.240000)
1	216	984	616	0	0	0	0	0	57	0	0	0	U	45.557	34407.4	34464.4	LINESTRING(381.850000 299.240000,363.030000 281.580000)
1	217	616	615	1	0	0	0	0	3	0	0	0	Left	11.389	34475.8	34478.8	LINESTRING(363.030000 281.580000,379.090000 271.730000)
1	218	615	1825	1	0	0	0	0	27	0	0	0	Straight	0.0	34478.8	34505.8	LINESTRING(379.090000 271.730000,401.590000 256.480000)
1	219	1825	690	1	0	0	0	0	12	0	0	0	Straight	0.0	34505.8	34517.8	LINESTRING(401.590000 256.480000,411.190000 240.760000)
1	220	690	2085	1	0	0	0	0	15	0	0	0	Left	11.389	34529.1	34544.1	LINESTRING(411.190000 240.760000,421.880000 250.660000)
1	221	2085	1083	1	0	0	0	0	71	0	0	0	Straight	0.0	34544.1	34615.1	LINESTRING(421.880000 250.660000,446.000000 251.770000)
2	0	1083	1083	-1	-1	0	0	0	0	0	0	300		0.0	34615.1	34915.1	LINESTRING(446.000000 251.770000,446.000000 251.770000)
