Problem Type	Solution Method	Vehicle Capacity (Weight)	Vehicle Capacity(Volume)	Disposal Trips	Route Time	Route Time wo Turns	Computational Time(Sec)	Clustering Time(Sec)	VA(NHO)	VA(ATD)	VA(CCI)	VA(DMT)	VA(ROI)	VA(AOI)	Optimal
MCARPTIF-TP	Full MILP	10000	10000	2	33827.3	31333	7200.7	0	0.525009	1687.68	1.05882	24754.5	2.66061	0.229678	0
Load No	Sequence No	From Node ID	To Node ID	IsEdge	Required	Weight	Volume	Travel Miles	Travel Time	Service Time	Served	Dumped	Turn Type	Turn Cost	Depart Time	Arrival Time	Shape
0	0	1083	2085	1	0	0	0	0	71	0	0	300		0.0	300.0	371.0	LINESTRING(446.000000 251.770000,421.880000 250.660000)
0	1	2085	1825	0	0	0	0	0	21	0	0	0	Straight	0.0	371.0	392.0	LINESTRING(421.880000 250.660000,401.590000 256.480000)
0	2	1825	615	1	0	0	0	0	27	0	0	0	Straight	0.0	392.0	419.0	LINESTRING(401.590000 256.480000,379.090000 271.730000)
0	3	615	1684	0	0	0	0	0	58	0	0	0	Right	5.695	424.695	482.695	LINESTRING(379.090000 271.730000,393.810000 293.840000)
0	4	1684	1721	0	0	0	0	0	152	0	0	0	Straight	0.0	482.695	634.695	LINESTRING(393.810000 293.840000,413.370000 313.350000)
0	5	1721	1587	0	0	0	0	0	121	0	0	0	Straight	0.0	634.695	755.695	LINESTRING(413.370000 313.350000,435.110000 331.040000)
0	6	1587	281	0	0	0	0	0	54	0	0	0	Straight	0.0	755.695	809.695	LINESTRING(435.110000 331.040000,459.710000 345.200000)
0	7	281	707	0	0	0	0	0	8	0	0	0	Straight	0.0	809.695	817.695	LINESTRING(459.710000 345.200000,472.620000 354.790000)
0	8	707	703	0	0	0	0	0	5	0	0	0	Straight	0.0	817.695	822.695	LINESTRING(472.620000 354.790000,485.130000 364.600000)
0	9	703	698	0	0	0	0	0	5	0	0	0	Straight	0.0	822.695	827.695	LINESTRING(485.130000 364.600000,504.740000 377.850000)
0	10	698	1946	0	0	0	0	0	6	0	0	0	Straight	0.0	827.695	833.695	LINESTRING(504.740000 377.850000,513.150000 392.610000)
0	11	1946	1607	0	0	0	0	0	13	0	0	0	Straight	0.0	833.695	846.695	LINESTRING(513.150000 392.610000,521.020000 407.560000)
0	12	1607	1326	0	0	0	0	0	24	0	0	0	Straight	0.0	846.695	870.695	LINESTRING(521.020000 407.560000,530.550000 425.070000)
0	13	1326	1323	1	1	170	170	0	31	201	1	0	Right	5.695	876.39	1077.39	LINESTRING(530.550000 425.070000,538.850000 417.160000)
0	14	1323	1327	1	1	216	216	0	39	249	0	0	Left	11.389	1088.78	1127.78	LINESTRING(538.850000 417.160000,550.440000 438.360000)
0	15	1327	1342	1	1	1636	1636	0	294	1924	0	0	Straight	0.0	1127.78	1421.78	LINESTRING(550.440000 438.360000,554.690000 468.380000)
0	16	1342	58	1	0	0	0	0	17	0	0	0	Straight	0.0	1421.78	1438.78	LINESTRING(554.690000 468.380000,557.210000 492.350000)
0	17	58	52	1	0	0	0	0	37	0	0	0	Straight	0.0	1438.78	1475.78	LINESTRING(557.210000 492.350000,564.950000 503.620000)
0	18	52	50	1	0	0	0	0	36	0	0	0	Straight	0.0	1475.78	1511.78	LINESTRING(564.950000 503.620000,567.060000 515.950000)
0	19	50	51	1	0	0	0	0	8	0	0	0	Straight	0.0	1511.78	1519.78	LINESTRING(567.060000 515.950000,567.210000 524.690000)
0	20	51	394	1	0	0	0	0	18	0	0	0	Straight	0.0	1519.78	1537.78	LINESTRING(567.210000 524.690000,569.180000 532.440000)
0	21	394	53	1	0	0	0	0	10	0	0	0	Straight	0.0	1537.78	1547.78	LINESTRING(569.180000 532.440000,569.520000 539.920000)
0	22	53	391	1	0	0	0	0	39	0	0	0	Straight	0.0	1547.78	1586.78	LINESTRING(569.520000 539.920000,563.330000 553.310000)
0	23	391	1821	1	0	0	0	0	35	0	0	0	Straight	0.0	1586.78	1621.78	LINESTRING(563.330000 553.310000,556.490000 565.170000)
0	24	1821	23	1	0	0	0	0	205	0	0	0	Straight	0.0	1621.78	1826.78	LINESTRING(556.490000 565.170000,544.610000 585.630000)
0	25	23	1404	1	0	0	0	0	10	0	0	0	Straight	0.0	1826.78	1836.78	LINESTRING(544.610000 585.630000,534.420000 601.460000)
0	26	1404	215	1	0	0	0	0	138	0	0	0	Straight	0.0	1836.78	1974.78	LINESTRING(534.420000 601.460000,525.000000 618.680000)
0	27	215	1331	1	0	0	0	0	166	0	0	0	Left	11.389	1986.17	2152.17	LINESTRING(525.000000 618.680000,515.690000 598.290000)
0	28	1331	1366	1	0	0	0	0	10	0	0	0	Right	5.695	2157.86	2167.86	LINESTRING(515.690000 598.290000,489.620000 605.100000)
0	29	1366	1793	1	0	0	0	0	123	0	0	0	Straight	0.0	2167.86	2290.86	LINESTRING(489.620000 605.100000,462.730000 614.660000)
0	30	1793	1357	1	0	0	0	0	2	0	0	0	Straight	0.0	2290.86	2292.86	LINESTRING(462.730000 614.660000,451.880000 617.750000)
0	31	1357	1356	1	1	481	481	0	87	567	1	0	Left	11.389	2304.25	2871.25	LINESTRING(451.880000 617.750000,449.640000 614.160000)
0	32	1356	1357	1	1	481	481	0	87	567	0	0	U	45.557	2916.81	3003.81	LINESTRING(449.640000 614.160000,451.880000 617.750000)
0	33	1357	1793	1	0	0	0	0	2	0	0	0	Right	5.695	3009.5	3011.5	LINESTRING(451.880000 617.750000,462.730000 614.660000)
0	34	1793	1366	1	0	0	0	0	123	0	0	0	Straight	0.0	3011.5	3134.5	LINESTRING(462.730000 614.660000,489.620000 605.100000)
0	35	1366	1331	1	0	0	0	0	10	0	0	0	Straight	0.0	3134.5	3144.5	LINESTRING(489.620000 605.100000,515.690000 598.290000)
0	36	1331	215	1	0	0	0	0	166	0	0	0	Left	11.389	3155.89	3321.89	LINESTRING(515.690000 598.290000,525.000000 618.680000)
0	37	215	216	1	0	0	0	0	46	0	0	0	Straight	0.0	3321.89	3367.89	LINESTRING(525.000000 618.680000,526.340000 646.890000)
0	38	216	1543	1	0	0	0	0	47	0	0	0	Straight	0.0	3367.89	3414.89	LINESTRING(526.340000 646.890000,519.090000 666.350000)
0	39	1543	269	1	0	0	0	0	16	0	0	0	Straight	0.0	3414.89	3430.89	LINESTRING(519.090000 666.350000,511.290000 676.100000)
0	40	269	21	1	0	0	0	0	36	0	0	0	Left	11.389	3442.28	3478.28	LINESTRING(511.290000 676.100000,507.690000 664.970000)
0	41	21	38	1	0	0	0	0	35	0	0	0	Straight	0.0	3478.28	3513.28	LINESTRING(507.690000 664.970000,498.770000 658.220000)
0	42	38	43	1	0	0	0	0	15	0	0	0	Right	5.695	3518.98	3533.98	LINESTRING(498.770000 658.220000,490.770000 660.120000)
0	43	43	392	1	0	0	0	0	14	0	0	0	Straight	0.0	3533.98	3547.98	LINESTRING(490.770000 660.120000,483.080000 659.900000)
0	44	392	403	1	0	0	0	0	26	0	0	0	Left	11.389	3559.37	3585.37	LINESTRING(483.080000 659.900000,482.420000 641.940000)
0	45	403	79	1	0	0	0	0	47	0	0	0	Straight	0.0	3585.37	3632.37	LINESTRING(482.420000 641.940000,475.660000 625.840000)
0	46	79	80	1	0	0	0	0	4	0	0	0	Straight	0.0	3632.37	3636.37	LINESTRING(475.660000 625.840000,468.430000 619.580000)
0	47	80	105	0	0	0	0	0	68	0	0	0	Left	11.389	3647.76	3715.76	LINESTRING(468.430000 619.580000,468.170000 604.310000)
0	48	105	106	0	1	71	71	0	13	83	1	0	Straight	0.0	3715.76	3798.76	LINESTRING(468.170000 604.310000,463.870000 592.580000)
0	49	106	491	0	0	0	0	0	24	0	0	0	Straight	0.0	3798.76	3822.76	LINESTRING(463.870000 592.580000,454.210000 580.680000)
0	50	491	494	0	0	0	0	0	8	0	0	0	Straight	0.0	3822.76	3830.76	LINESTRING(454.210000 580.680000,448.800000 571.000000)
0	51	494	1405	0	0	0	0	0	10	0	0	0	Straight	0.0	3830.76	3840.76	LINESTRING(448.800000 571.000000,437.880000 566.990000)
0	52	1405	130	0	0	0	0	0	21	0	0	0	Straight	0.0	3840.76	3861.76	LINESTRING(437.880000 566.990000,424.450000 558.960000)
0	53	130	131	0	0	0	0	0	19	0	0	0	Left	11.389	3873.14	3892.14	LINESTRING(424.450000 558.960000,424.080000 549.750000)
0	54	131	141	0	0	0	0	0	1	0	0	0	Straight	0.0	3892.14	3893.14	LINESTRING(424.080000 549.750000,421.030000 538.540000)
0	55	141	143	0	0	0	0	0	12	0	0	0	Straight	0.0	3893.14	3905.14	LINESTRING(421.030000 538.540000,413.950000 531.300000)
0	56	143	144	0	0	0	0	0	9	0	0	0	Straight	0.0	3905.14	3914.14	LINESTRING(413.950000 531.300000,407.090000 523.350000)
0	57	144	147	0	0	0	0	0	1	0	0	0	Right	5.695	3919.84	3920.84	LINESTRING(407.090000 523.350000,394.260000 523.730000)
0	58	147	571	0	0	0	0	0	6	0	0	0	Straight	0.0	3920.84	3926.84	LINESTRING(394.260000 523.730000,378.900000 519.260000)
0	59	571	156	0	0	0	0	0	3	0	0	0	Left	11.389	3938.23	3941.23	LINESTRING(378.900000 519.260000,388.320000 503.710000)
0	60	156	162	0	0	0	0	0	4	0	0	0	Straight	0.0	3941.23	3945.23	LINESTRING(388.320000 503.710000,400.430000 486.300000)
0	61	162	157	0	0	0	0	0	57	0	0	0	Straight	0.0	3945.23	4002.23	LINESTRING(400.430000 486.300000,412.480000 468.730000)
0	62	157	158	1	0	0	0	0	2	0	0	0	Right	5.695	4007.92	4009.92	LINESTRING(412.480000 468.730000,395.610000 469.280000)
0	63	158	1647	1	0	0	0	0	5	0	0	0	Straight	0.0	4009.92	4014.92	LINESTRING(395.610000 469.280000,378.350000 466.910000)
0	64	1647	178	1	0	0	0	0	12	0	0	0	Straight	0.0	4014.92	4026.92	LINESTRING(378.350000 466.910000,360.880000 464.360000)
0	65	178	179	0	0	0	0	0	32	0	0	0	Straight	0.0	4026.92	4058.92	LINESTRING(360.880000 464.360000,349.240000 465.280000)
0	66	179	1521	0	1	45	45	0	8	48	1	0	Straight	0.0	4058.92	4106.92	LINESTRING(349.240000 465.280000,339.840000 463.860000)
0	67	1521	222	0	0	0	0	0	25	0	0	0	Straight	0.0	4106.92	4131.92	LINESTRING(339.840000 463.860000,330.240000 457.470000)
0	68	222	223	0	0	0	0	0	32	0	0	0	Straight	0.0	4131.92	4163.92	LINESTRING(330.240000 457.470000,319.420000 451.510000)
0	69	223	236	1	0	0	0	0	3	0	0	0	Left	11.389	4175.31	4178.31	LINESTRING(319.420000 451.510000,323.050000 445.110000)
0	70	236	635	1	0	0	0	0	38	0	0	0	Straight	0.0	4178.31	4216.31	LINESTRING(323.050000 445.110000,323.740000 433.050000)
0	71	635	1551	1	0	0	0	0	21	0	0	0	Straight	0.0	4216.31	4237.31	LINESTRING(323.740000 433.050000,328.390000 427.040000)
0	72	1551	1669	1	0	0	0	0	38	0	0	0	Right	5.695	4243.01	4281.01	LINESTRING(328.390000 427.040000,324.210000 422.360000)
0	73	1669	1414	1	0	0	0	0	35	0	0	0	Left	11.389	4292.4	4327.4	LINESTRING(324.210000 422.360000,328.560000 417.030000)
0	74	1414	1431	1	1	127	127	0	23	143	0	0	Right	5.695	4333.09	4356.09	LINESTRING(328.560000 417.030000,320.810000 412.040000)
0	75	1431	1898	1	1	271	271	0	49	319	0	0	Left	11.389	4367.48	4416.48	LINESTRING(320.810000 412.040000,329.660000 405.740000)
0	76	1898	766	1	0	0	0	0	22	0	0	0	Right	5.695	4422.18	4444.18	LINESTRING(329.660000 405.740000,312.040000 400.610000)
0	77	766	788	1	0	0	0	0	18	0	0	0	Left	11.389	4455.56	4473.56	LINESTRING(312.040000 400.610000,320.960000 384.390000)
0	78	788	388	1	0	0	0	0	83	0	0	0	Straight	0.0	4473.56	4556.56	LINESTRING(320.960000 384.390000,321.760000 366.070000)
0	79	388	852	1	0	0	0	0	16	0	0	0	Straight	0.0	4556.56	4572.56	LINESTRING(321.760000 366.070000,332.990000 352.480000)
0	80	852	1617	1	0	0	0	0	11	0	0	0	Straight	0.0	4572.56	4583.56	LINESTRING(332.990000 352.480000,339.040000 338.690000)
0	81	1617	924	1	0	0	0	0	31	0	0	0	Right	5.695	4589.26	4620.26	LINESTRING(339.040000 338.690000,333.700000 326.490000)
0	82	924	923	1	0	0	0	0	29	0	0	0	Straight	0.0	4620.26	4649.26	LINESTRING(333.700000 326.490000,320.560000 320.930000)
0	83	923	1459	1	0	0	0	0	11	0	0	0	Left	11.389	4660.65	4671.65	LINESTRING(320.560000 320.930000,325.100000 313.120000)
0	84	1459	2001	1	0	0	0	0	42	0	0	0	Straight	0.0	4671.65	4713.65	LINESTRING(325.100000 313.120000,324.180000 306.060000)
0	85	2001	955	1	1	118	118	0	21	131	0	0	Left	11.389	4725.04	4746.04	LINESTRING(324.180000 306.060000,332.130000 304.620000)
0	86	955	555	1	0	0	0	0	41	0	0	0	Straight	0.0	4746.04	4787.04	LINESTRING(332.130000 304.620000,339.960000 300.340000)
0	87	555	554	1	0	0	0	0	44	0	0	0	Straight	0.0	4787.04	4831.04	LINESTRING(339.960000 300.340000,347.040000 297.520000)
0	88	554	563	1	0	0	0	0	11	0	0	0	Straight	0.0	4831.04	4842.04	LINESTRING(347.040000 297.520000,351.450000 293.730000)
0	89	563	606	1	0	0	0	0	19	0	0	0	Right	5.695	4847.73	4866.73	LINESTRING(351.450000 293.730000,340.370000 289.020000)
0	90	606	607	1	0	0	0	0	27	0	0	0	Left	11.389	4878.12	4905.12	LINESTRING(340.370000 289.020000,341.470000 281.280000)
0	91	607	616	1	0	0	0	0	22	0	0	0	Left	11.389	4916.51	4938.51	LINESTRING(341.470000 281.280000,363.030000 281.580000)
0	92	616	615	1	0	0	0	0	3	0	0	0	Straight	0.0	4938.51	4941.51	LINESTRING(363.030000 281.580000,379.090000 271.730000)
0	93	615	1825	1	0	0	0	0	27	0	0	0	Straight	0.0	4941.51	4968.51	LINESTRING(379.090000 271.730000,401.590000 256.480000)
0	94	1825	690	1	0	0	0	0	12	0	0	0	Straight	0.0	4968.51	4980.51	LINESTRING(401.590000 256.480000,411.190000 240.760000)
0	95	690	2085	1	0	0	0	0	15	0	0	0	Left	11.389	4991.9	5006.9	LINESTRING(411.190000 240.760000,421.880000 250.660000)
0	96	2085	1083	1	0	0	0	0	71	0	0	0	Straight	0.0	5006.9	5077.9	LINESTRING(421.880000 250.660000,446.000000 251.770000)
0	97	1083	1084	1	0	0	0	0	544	0	0	0	Straight	0.0	5077.9	5621.9	LINESTRING(446.000000 251.770000,472.410000 259.170000)
0	98	1084	710	1	0	0	0	0	6	0	0	0	Straight	0.0	5621.9	5627.9	LINESTRING(472.410000 259.170000,492.080000 262.010000)
0	99	710	1790	1	0	0	0	0	15	0	0	0	Straight	0.0	5627.9	5642.9	LINESTRING(492.080000 262.010000,512.210000 263.690000)
0	100	1790	1621	0	0	0	0	0	31	0	0	0	Right	5.695	5648.59	5679.59	LINESTRING(512.210000 263.690000,519.160000 252.270000)
0	101	1621	1144	1	0	0	0	0	11	0	0	0	Straight	0.0	5679.59	5690.59	LINESTRING(519.160000 252.270000,515.800000 232.270000)
0	102	1144	1168	1	0	0	0	0	48	0	0	0	Straight	0.0	5690.59	5738.59	LINESTRING(515.800000 232.270000,513.020000 213.720000)
0	103	1168	866	1	0	0	0	0	14	0	0	0	Straight	0.0	5738.59	5752.59	LINESTRING(513.020000 213.720000,514.590000 204.440000)
0	104	866	867	1	1	207	207	0	37	237	1	0	Right	5.695	5758.29	5995.29	LINESTRING(514.590000 204.440000,510.190000 203.860000)
0	105	867	866	1	1	207	207	0	37	237	0	0	U	45.557	6040.85	6077.85	LINESTRING(510.190000 203.860000,514.590000 204.440000)
0	106	866	1392	1	1	271	271	0	49	319	1	0	Right	5.695	6083.54	6402.54	LINESTRING(514.590000 204.440000,518.340000 195.060000)
0	107	1392	1559	1	0	0	0	0	16	0	0	0	U	45.557	6448.1	6464.1	LINESTRING(518.340000 195.060000,517.270000 205.260000)
0	108	1559	814	1	0	0	0	0	16	0	0	0	Straight	0.0	6464.1	6480.1	LINESTRING(517.270000 205.260000,515.830000 215.240000)
0	109	814	813	1	0	0	0	0	24	0	0	0	Straight	0.0	6480.1	6504.1	LINESTRING(515.830000 215.240000,515.110000 219.810000)
0	110	813	801	1	1	174	174	0	31	201	1	0	Straight	0.0	6504.1	6705.1	LINESTRING(515.110000 219.810000,515.670000 223.580000)
0	111	801	1144	1	1	78	78	0	14	84	1	0	Straight	0.0	6705.1	6789.1	LINESTRING(515.670000 223.580000,515.800000 232.270000)
0	112	1144	1621	1	0	0	0	0	11	0	0	0	Straight	0.0	6789.1	6800.1	LINESTRING(515.800000 232.270000,519.160000 252.270000)
0	113	1621	1536	0	1	165	165	0	30	190	1	0	Straight	0.0	6800.1	6990.1	LINESTRING(519.160000 252.270000,528.750000 266.950000)
0	114	1536	1537	0	0	0	0	0	20	0	0	0	Straight	0.0	6990.1	7010.1	LINESTRING(528.750000 266.950000,548.050000 280.180000)
0	115	1537	695	0	0	0	0	0	5	0	0	0	Straight	0.0	7010.1	7015.1	LINESTRING(548.050000 280.180000,574.530000 280.890000)
0	116	695	1047	0	0	0	0	0	69	0	0	0	Straight	0.0	7015.1	7084.1	LINESTRING(574.530000 280.890000,602.270000 269.260000)
0	117	1047	654	1	1	60	60	0	11	71	1	0	Straight	0.0	7084.1	7155.1	LINESTRING(602.270000 269.260000,617.270000 248.920000)
0	118	654	689	1	1	88	88	0	16	96	1	0	Straight	0.0	7155.1	7251.1	LINESTRING(617.270000 248.920000,632.310000 228.500000)
0	119	689	688	1	1	78	78	0	14	84	1	0	Straight	0.0	7251.1	7335.1	LINESTRING(632.310000 228.500000,644.160000 212.200000)
0	120	688	1492	1	1	185	185	0	33	213	1	0	Straight	0.0	7335.1	7548.1	LINESTRING(644.160000 212.200000,656.210000 195.550000)
0	121	1492	1137	1	1	64	64	0	12	72	1	0	Straight	0.0	7548.1	7620.1	LINESTRING(656.210000 195.550000,667.460000 179.270000)
0	122	1137	1138	1	1	85	85	0	15	95	1	0	Straight	0.0	7620.1	7715.1	LINESTRING(667.460000 179.270000,668.670000 167.790000)
0	123	1138	2060	1	1	37	37	0	7	37	1	0	Straight	0.0	7715.1	7752.1	LINESTRING(668.670000 167.790000,668.280000 163.000000)
0	124	2060	1138	1	1	37	37	0	7	37	0	0	U	45.557	7797.65	7804.65	LINESTRING(668.280000 163.000000,668.670000 167.790000)
0	125	1138	787	1	1	11	11	0	2	12	1	0	U	45.557	7850.21	7862.21	LINESTRING(668.670000 167.790000,670.310000 158.210000)
0	126	787	786	1	1	33	33	0	6	36	1	0	Straight	0.0	7862.21	7898.21	LINESTRING(670.310000 158.210000,669.590000 152.450000)
0	127	786	787	1	1	33	33	0	6	36	0	0	U	45.557	7943.77	7949.77	LINESTRING(669.590000 152.450000,670.310000 158.210000)
0	128	787	779	1	1	109	109	0	20	120	1	0	Right	5.695	7955.46	8075.46	LINESTRING(670.310000 158.210000,674.880000 152.520000)
0	129	779	1961	1	1	38	38	0	7	37	1	0	Straight	0.0	8075.46	8112.46	LINESTRING(674.880000 152.520000,678.500000 147.450000)
0	130	1961	779	1	1	38	38	0	7	37	0	0	U	45.557	8158.02	8165.02	LINESTRING(678.500000 147.450000,674.880000 152.520000)
0	131	779	2088	1	1	10	10	0	2	12	1	0	U	45.557	8210.58	8222.58	LINESTRING(674.880000 152.520000,674.860000 146.370000)
0	132	2088	779	1	1	10	10	0	2	12	0	0	U	45.557	8268.13	8270.13	LINESTRING(674.860000 146.370000,674.880000 152.520000)
0	133	779	778	1	1	106	106	0	19	119	1	0	Straight	0.0	8270.13	8389.13	LINESTRING(674.880000 152.520000,675.740000 159.830000)
0	134	778	1933	1	1	55	55	0	10	60	1	0	Right	5.695	8394.83	8454.83	LINESTRING(675.740000 159.830000,679.410000 155.350000)
0	135	1933	778	1	1	55	55	0	10	60	0	0	U	45.557	8500.39	8510.39	LINESTRING(679.410000 155.350000,675.740000 159.830000)
0	136	778	1107	1	1	10	10	0	2	12	1	0	Straight	0.0	8510.39	8522.39	LINESTRING(675.740000 159.830000,673.590000 169.520000)
0	137	1107	1960	1	1	50	50	0	9	59	1	0	U	45.557	8567.94	8626.94	LINESTRING(673.590000 169.520000,676.890000 165.540000)
0	138	1960	1107	1	1	50	50	0	9	59	0	0	U	45.557	8672.5	8681.5	LINESTRING(676.890000 165.540000,673.590000 169.520000)
0	139	1107	1106	1	1	53	53	0	10	60	1	0	Straight	0.0	8681.5	8741.5	LINESTRING(673.590000 169.520000,670.090000 180.480000)
0	140	1106	2139	1	1	53	53	0	10	60	0	0	U	45.557	8787.06	8797.06	LINESTRING(670.090000 180.480000,674.460000 177.750000)
0	141	2139	1106	1	1	53	53	0	10	60	1	0	U	45.557	8842.62	8902.62	LINESTRING(674.460000 177.750000,670.090000 180.480000)
0	142	1106	717	1	1	51	51	0	9	59	1	0	Straight	0.0	8902.62	8961.62	LINESTRING(670.090000 180.480000,663.420000 191.850000)
0	143	717	716	1	1	50	50	0	9	59	1	0	Straight	0.0	8961.62	9020.62	LINESTRING(663.420000 191.850000,654.150000 203.790000)
0	144	716	2174	1	1	54	54	0	10	60	0	0	Right	5.695	9026.31	9036.31	LINESTRING(654.150000 203.790000,659.650000 204.690000)
0	145	2174	716	1	1	54	54	0	10	60	1	0	U	45.557	9081.87	9141.87	LINESTRING(659.650000 204.690000,654.150000 203.790000)
0	146	716	717	1	1	50	50	0	9	59	0	0	Left	11.389	9153.26	9162.26	LINESTRING(654.150000 203.790000,663.420000 191.850000)
0	147	717	1656	1	1	55	55	0	10	60	1	0	Straight	0.0	9162.26	9222.26	LINESTRING(663.420000 191.850000,667.910000 188.690000)
0	148	1656	717	1	1	55	55	0	10	60	0	0	U	45.557	9267.81	9277.81	LINESTRING(667.910000 188.690000,663.420000 191.850000)
0	149	717	716	1	1	50	50	0	9	59	0	0	Straight	0.0	9277.81	9286.81	LINESTRING(663.420000 191.850000,654.150000 203.790000)
0	150	716	1082	1	1	53	53	0	10	60	1	0	Straight	0.0	9286.81	9346.81	LINESTRING(654.150000 203.790000,643.740000 215.840000)
0	151	1082	1087	1	1	56	56	0	10	60	0	0	Left	11.389	9358.2	9368.2	LINESTRING(643.740000 215.840000,642.160000 209.280000)
0	152	1087	1088	1	1	24	24	0	4	24	0	0	Straight	0.0	9368.2	9372.2	LINESTRING(642.160000 209.280000,639.900000 205.700000)
0	153	1088	1087	1	1	24	24	0	4	24	1	0	U	45.557	9417.76	9441.76	LINESTRING(639.900000 205.700000,642.160000 209.280000)
0	154	1087	2198	1	1	69	69	0	12	72	1	0	Right	5.695	9447.45	9519.45	LINESTRING(642.160000 209.280000,643.730000 204.710000)
0	155	2198	1087	1	1	69	69	0	12	72	0	0	U	45.557	9565.01	9577.01	LINESTRING(643.730000 204.710000,642.160000 209.280000)
0	156	1087	1082	1	1	56	56	0	10	60	1	0	Straight	0.0	9577.01	9637.01	LINESTRING(642.160000 209.280000,643.740000 215.840000)
0	157	1082	679	1	1	39	39	0	7	37	1	0	Right	5.695	9642.71	9679.71	LINESTRING(643.740000 215.840000,648.900000 218.490000)
0	158	679	678	1	1	26	26	0	5	25	0	0	Straight	0.0	9679.71	9684.71	LINESTRING(648.900000 218.490000,652.930000 217.750000)
0	159	678	679	1	1	26	26	0	5	25	1	0	U	45.557	9730.26	9755.26	LINESTRING(652.930000 217.750000,648.900000 218.490000)
0	160	679	1746	1	1	22	22	0	4	24	1	0	Right	5.695	9760.96	9784.96	LINESTRING(648.900000 218.490000,651.370000 222.240000)
0	161	1746	679	1	1	22	22	0	4	24	0	0	U	45.557	9830.52	9834.52	LINESTRING(651.370000 222.240000,648.900000 218.490000)
0	162	679	1082	1	1	39	39	0	7	37	0	0	Straight	0.0	9834.52	9841.52	LINESTRING(648.900000 218.490000,643.740000 215.840000)
0	163	1082	689	1	1	60	60	0	11	71	1	0	Right	5.695	9847.21	9918.21	LINESTRING(643.740000 215.840000,632.310000 228.500000)
0	164	689	688	1	1	78	78	0	14	84	0	0	U	45.557	9963.77	9977.77	LINESTRING(632.310000 228.500000,644.160000 212.200000)
0	165	688	684	1	1	107	107	0	19	119	1	0	U	45.557	10023.3	10142.3	LINESTRING(644.160000 212.200000,641.140000 216.290000)
0	166	684	685	1	1	144	144	0	26	166	1	0	U	45.557	10187.9	10353.9	LINESTRING(641.140000 216.290000,651.540000 205.900000)
0	167	685	696	1	1	164	164	0	30	190	1	0	Left	11.389	10365.3	10555.3	LINESTRING(651.540000 205.900000,662.280000 211.940000)
0	168	696	1085	1	1	169	169	0	30	190	1	0	Right	5.695	10561.0	10751.0	LINESTRING(662.280000 211.940000,675.300000 204.480000)
0	169	1085	2028	1	1	40	40	0	7	47	1	0	Straight	0.0	10751.0	10798.0	LINESTRING(675.300000 204.480000,680.020000 201.820000)
0	170	2028	1085	1	1	40	40	0	7	47	0	0	U	45.557	10843.5	10850.5	LINESTRING(680.020000 201.820000,675.300000 204.480000)
0	171	1085	1808	1	1	105	105	0	19	119	1	0	Right	5.695	10856.2	10975.2	LINESTRING(675.300000 204.480000,678.910000 213.260000)
0	172	1808	2111	1	1	40	40	0	7	47	0	0	Right	5.695	10980.9	10987.9	LINESTRING(678.910000 213.260000,683.930000 210.800000)
0	173	2111	1808	1	1	40	40	0	7	47	1	0	U	45.557	11033.5	11080.5	LINESTRING(683.930000 210.800000,678.910000 213.260000)
0	174	1808	1535	1	1	93	93	0	17	107	1	0	Right	5.695	11086.2	11193.2	LINESTRING(678.910000 213.260000,677.840000 223.610000)
0	175	1535	1041	1	1	82	82	0	15	95	1	0	Straight	0.0	11193.2	11288.2	LINESTRING(677.840000 223.610000,678.450000 233.240000)
0	176	1041	1042	1	1	60	60	0	11	71	1	0	Right	5.695	11293.9	11364.9	LINESTRING(678.450000 233.240000,682.860000 230.380000)
0	177	1042	1041	1	1	60	60	0	11	71	0	0	U	45.557	11410.4	11421.4	LINESTRING(682.860000 230.380000,678.450000 233.240000)
0	178	1041	1021	1	1	82	82	0	15	95	1	0	Right	5.695	11427.1	11522.1	LINESTRING(678.450000 233.240000,681.460000 245.690000)
0	179	1021	602	1	1	85	85	0	15	95	1	0	Straight	0.0	11522.1	11617.1	LINESTRING(681.460000 245.690000,690.550000 254.480000)
0	180	602	2075	1	1	81	81	0	15	95	1	0	Straight	0.0	11617.1	11712.1	LINESTRING(690.550000 254.480000,699.800000 261.560000)
0	181	2075	991	1	1	83	83	0	15	95	1	0	Straight	0.0	11712.1	11807.1	LINESTRING(699.800000 261.560000,707.160000 268.690000)
0	182	991	977	1	1	82	82	0	15	95	1	0	Straight	0.0	11807.1	11902.1	LINESTRING(707.160000 268.690000,711.910000 276.560000)
0	183	977	545	1	1	84	84	0	15	95	1	0	Straight	0.0	11902.1	11997.1	LINESTRING(711.910000 276.560000,713.500000 284.830000)
0	184	545	973	1	1	64	64	0	12	72	0	0	Right	5.695	12002.8	12014.8	LINESTRING(713.500000 284.830000,719.160000 284.070000)
0	185	973	545	1	1	64	64	0	12	72	1	0	U	45.557	12060.4	12132.4	LINESTRING(719.160000 284.070000,713.500000 284.830000)
0	186	545	530	1	1	82	82	0	15	95	1	0	Right	5.695	12138.1	12233.1	LINESTRING(713.500000 284.830000,713.940000 292.550000)
0	187	530	509	1	1	83	83	0	15	95	1	0	Straight	0.0	12233.1	12328.1	LINESTRING(713.940000 292.550000,719.390000 298.550000)
0	188	509	483	1	1	83	83	0	15	95	1	0	Straight	0.0	12328.1	12423.1	LINESTRING(719.390000 298.550000,723.440000 304.640000)
0	189	483	476	1	1	86	86	0	15	95	1	0	Straight	0.0	12423.1	12518.1	LINESTRING(723.440000 304.640000,727.510000 310.170000)
0	190	476	1970	1	1	81	81	0	15	95	1	0	Straight	0.0	12518.1	12613.1	LINESTRING(727.510000 310.170000,733.280000 314.080000)
0	191	1970	913	1	1	83	83	0	15	95	1	0	Straight	0.0	12613.1	12708.1	LINESTRING(733.280000 314.080000,737.160000 319.040000)
0	192	913	912	1	1	83	83	0	15	95	1	0	Straight	0.0	12708.1	12803.1	LINESTRING(737.160000 319.040000,738.140000 324.580000)
0	193	912	415	1	1	86	86	0	15	95	1	0	Straight	0.0	12803.1	12898.1	LINESTRING(738.140000 324.580000,738.970000 329.650000)
0	194	415	1426	1	1	89	89	0	16	96	1	0	Straight	0.0	12898.1	12994.1	LINESTRING(738.970000 329.650000,739.890000 333.050000)
0	195	1426	414	1	1	226	226	0	41	261	1	0	Left	11.389	13005.4	13266.4	LINESTRING(739.890000 333.050000,735.060000 332.430000)
0	196	414	418	1	1	163	163	0	29	189	0	0	Straight	0.0	13266.4	13295.4	LINESTRING(735.060000 332.430000,729.890000 330.430000)
0	197	418	861	1	1	78	78	0	14	84	1	0	Straight	0.0	13295.4	13379.4	LINESTRING(729.890000 330.430000,722.500000 331.320000)
0	198	861	480	1	0	0	0	0	11	0	0	0	Straight	0.0	13379.4	13390.4	LINESTRING(722.500000 331.320000,707.330000 320.810000)
0	199	480	431	1	0	0	0	0	34	0	0	0	Straight	0.0	13390.4	13424.4	LINESTRING(707.330000 320.810000,698.450000 320.490000)
0	200	431	430	1	0	0	0	0	14	0	0	0	Straight	0.0	13424.4	13438.4	LINESTRING(698.450000 320.490000,691.020000 322.580000)
0	201	430	929	1	0	0	0	0	15	0	0	0	Straight	0.0	13438.4	13453.4	LINESTRING(691.020000 322.580000,685.470000 321.050000)
0	202	929	462	1	1	210	210	0	38	248	1	0	Straight	0.0	13453.4	13701.4	LINESTRING(685.470000 321.050000,683.070000 319.780000)
0	203	462	463	1	1	85	85	0	15	95	1	0	Left	11.389	13712.8	13807.8	LINESTRING(683.070000 319.780000,682.680000 314.620000)
0	204	463	479	1	0	0	0	0	18	0	0	0	Straight	0.0	13807.8	13825.8	LINESTRING(682.680000 314.620000,682.870000 305.320000)
0	205	479	481	1	1	290	290	0	52	342	1	0	Left	11.389	13837.2	14179.2	LINESTRING(682.870000 305.320000,695.260000 308.710000)
0	206	481	480	1	1	419	419	0	75	485	1	0	Straight	0.0	14179.2	14664.2	LINESTRING(695.260000 308.710000,707.330000 320.810000)
0	207	480	861	1	0	0	0	0	11	0	0	0	Straight	0.0	14664.2	14675.2	LINESTRING(707.330000 320.810000,722.500000 331.320000)
0	208	861	418	1	1	78	78	0	14	84	0	0	Straight	0.0	14675.2	14689.2	LINESTRING(722.500000 331.320000,729.890000 330.430000)
0	209	418	414	1	1	163	163	0	29	189	1	0	Straight	0.0	14689.2	14878.2	LINESTRING(729.890000 330.430000,735.060000 332.430000)
0	210	414	415	1	1	158	158	0	29	179	1	0	Right	5.695	14883.9	15062.9	LINESTRING(735.060000 332.430000,738.970000 329.650000)
0	211	415	912	1	1	86	86	0	15	95	0	0	Right	5.695	15068.6	15083.6	LINESTRING(738.970000 329.650000,738.140000 324.580000)
0	212	912	419	1	1	308	308	0	55	355	1	0	Right	5.695	15089.3	15444.3	LINESTRING(738.140000 324.580000,733.850000 325.790000)
0	213	419	418	1	1	80	80	0	14	94	1	0	Straight	0.0	15444.3	15538.3	LINESTRING(733.850000 325.790000,729.890000 330.430000)
0	214	418	861	1	1	78	78	0	14	84	0	0	Straight	0.0	15538.3	15552.3	LINESTRING(729.890000 330.430000,722.500000 331.320000)
0	215	861	480	1	0	0	0	0	11	0	0	0	Straight	0.0	15552.3	15563.3	LINESTRING(722.500000 331.320000,707.330000 320.810000)
0	216	480	481	1	1	419	419	0	75	485	0	0	Straight	0.0	15563.3	15638.3	LINESTRING(707.330000 320.810000,695.260000 308.710000)
0	217	481	479	1	1	290	290	0	52	342	0	0	Straight	0.0	15638.3	15690.3	LINESTRING(695.260000 308.710000,682.870000 305.320000)
0	218	479	463	1	0	0	0	0	18	0	0	0	Right	5.695	15696.0	15714.0	LINESTRING(682.870000 305.320000,682.680000 314.620000)
0	219	463	462	1	1	85	85	0	15	95	0	0	Straight	0.0	15714.0	15729.0	LINESTRING(682.680000 314.620000,683.070000 319.780000)
0	220	462	2071	1	1	79	79	0	14	84	1	0	Right	5.695	15734.7	15818.7	LINESTRING(683.070000 319.780000,687.830000 319.870000)
0	221	2071	1481	1	0	0	0	0	13	0	0	0	Right	5.695	15824.4	15837.4	LINESTRING(687.830000 319.870000,688.790000 314.450000)
0	222	1481	1480	1	1	248	248	0	45	285	1	0	Straight	0.0	15837.4	16122.4	LINESTRING(688.790000 314.450000,684.980000 308.440000)
0	223	1480	948	1	1	75	75	0	13	83	1	0	Left	11.389	16133.8	16216.8	LINESTRING(684.980000 308.440000,688.930000 309.060000)
0	224	948	947	1	1	272	272	0	49	319	1	0	U	45.557	16262.3	16581.3	LINESTRING(688.930000 309.060000,684.170000 302.750000)
0	225	947	1679	1	0	0	0	0	21	0	0	0	Straight	0.0	16581.3	16602.3	LINESTRING(684.170000 302.750000,682.150000 300.910000)
0	226	1679	1482	1	1	85	85	0	15	95	1	0	Straight	0.0	16602.3	16697.3	LINESTRING(682.150000 300.910000,680.230000 293.170000)
0	227	1482	2027	1	1	219	219	0	39	249	1	0	Straight	0.0	16697.3	16946.3	LINESTRING(680.230000 293.170000,683.150000 285.810000)
0	228	2027	499	1	1	85	85	0	15	95	0	0	U	45.557	16991.9	17006.9	LINESTRING(683.150000 285.810000,679.920000 296.180000)
0	229	499	498	1	1	178	178	0	32	202	0	0	Straight	0.0	17006.9	17038.9	LINESTRING(679.920000 296.180000,673.310000 301.910000)
0	230	498	932	1	1	250	250	0	45	295	1	0	Straight	0.0	17038.9	17333.9	LINESTRING(673.310000 301.910000,670.580000 307.270000)
0	231	932	2051	1	1	131	131	0	24	154	0	0	Straight	0.0	17333.9	17357.9	LINESTRING(670.580000 307.270000,668.960000 311.910000)
0	232	2051	932	1	1	131	131	0	24	154	1	0	U	45.557	17403.5	17557.5	LINESTRING(668.960000 311.910000,670.580000 307.270000)
0	233	932	931	1	1	262	262	0	47	307	1	0	Right	5.695	17563.2	17870.2	LINESTRING(670.580000 307.270000,668.730000 304.620000)
0	234	931	2180	1	1	43	43	0	8	48	0	0	Right	5.695	17875.8	17883.8	LINESTRING(668.730000 304.620000,664.620000 306.640000)
0	235	2180	931	1	1	43	43	0	8	48	1	0	U	45.557	17929.4	17977.4	LINESTRING(664.620000 306.640000,668.730000 304.620000)
0	236	931	498	1	1	73	73	0	13	83	1	0	Straight	0.0	17977.4	18060.4	LINESTRING(668.730000 304.620000,673.310000 301.910000)
0	237	498	499	1	1	178	178	0	32	202	1	0	Straight	0.0	18060.4	18262.4	LINESTRING(673.310000 301.910000,679.920000 296.180000)
0	238	499	2027	1	1	85	85	0	15	95	1	0	Straight	0.0	18262.4	18357.4	LINESTRING(679.920000 296.180000,683.150000 285.810000)
0	239	2027	1652	1	1	85	85	0	15	95	1	0	Straight	0.0	18357.4	18452.4	LINESTRING(683.150000 285.810000,686.920000 273.050000)
0	240	1652	966	1	0	0	0	0	16	0	0	0	Right	5.695	18458.1	18474.1	LINESTRING(686.920000 273.050000,680.630000 272.550000)
0	241	966	967	1	1	49	49	0	9	49	0	0	U	45.557	18519.7	18528.7	LINESTRING(680.630000 272.550000,683.660000 275.500000)
0	242	967	966	1	1	49	49	0	9	49	1	0	U	45.557	18574.2	18623.2	LINESTRING(683.660000 275.500000,680.630000 272.550000)
0	243	966	1743	1	0	0	0	0	17	0	0	0	Straight	0.0	18623.2	18640.2	LINESTRING(680.630000 272.550000,673.300000 270.420000)
0	244	1743	1653	1	0	0	0	0	43	0	0	0	Straight	0.0	18640.2	18683.2	LINESTRING(673.300000 270.420000,665.810000 266.920000)
0	245	1653	1654	1	0	0	0	0	21	0	0	0	Straight	0.0	18683.2	18704.2	LINESTRING(665.810000 266.920000,638.500000 271.880000)
0	246	1654	693	1	0	0	0	0	37	0	0	0	Straight	0.0	18704.2	18741.2	LINESTRING(638.500000 271.880000,605.140000 281.850000)
0	247	693	694	0	0	0	0	0	69	0	0	0	Straight	0.0	18741.2	18810.2	LINESTRING(605.140000 281.850000,568.380000 300.600000)
0	248	694	1089	0	1	26	26	0	5	25	1	0	Straight	0.0	18810.2	18835.2	LINESTRING(568.380000 300.600000,537.710000 299.310000)
0	249	1089	1096	0	1	47	47	0	9	49	1	0	Straight	0.0	18835.2	18884.2	LINESTRING(537.710000 299.310000,521.480000 285.320000)
0	250	1096	1098	0	1	28	28	0	5	25	1	0	Straight	0.0	18884.2	18909.2	LINESTRING(521.480000 285.320000,514.530000 275.090000)
0	251	1098	1790	0	0	0	0	0	7	0	0	0	Straight	0.0	18909.2	18916.2	LINESTRING(514.530000 275.090000,512.210000 263.690000)
0	252	1790	710	1	0	0	0	0	15	0	0	0	Right	5.695	18921.9	18936.9	LINESTRING(512.210000 263.690000,492.080000 262.010000)
0	253	710	1084	1	0	0	0	0	6	0	0	0	Straight	0.0	18936.9	18942.9	LINESTRING(492.080000 262.010000,472.410000 259.170000)
0	254	1084	1083	1	0	0	0	0	544	0	0	0	Straight	0.0	18942.9	19486.9	LINESTRING(472.410000 259.170000,446.000000 251.770000)
1	0	1083	2085	1	0	0	0	0	71	0	0	300		0.0	19786.9	19857.9	LINESTRING(446.000000 251.770000,421.880000 250.660000)
1	1	2085	1825	0	0	0	0	0	21	0	0	0	Straight	0.0	19857.9	19878.9	LINESTRING(421.880000 250.660000,401.590000 256.480000)
1	2	1825	615	1	0	0	0	0	27	0	0	0	Straight	0.0	19878.9	19905.9	LINESTRING(401.590000 256.480000,379.090000 271.730000)
1	3	615	1684	0	0	0	0	0	58	0	0	0	Right	5.695	19911.6	19969.6	LINESTRING(379.090000 271.730000,393.810000 293.840000)
1	4	1684	984	1	0	0	0	0	3	0	0	0	Left	11.389	19981.0	19984.0	LINESTRING(393.810000 293.840000,381.850000 299.240000)
1	5	984	558	1	0	0	0	0	7	0	0	0	Straight	0.0	19984.0	19991.0	LINESTRING(381.850000 299.240000,362.770000 297.070000)
1	6	558	554	1	0	0	0	0	10	0	0	0	Straight	0.0	19991.0	20001.0	LINESTRING(362.770000 297.070000,347.040000 297.520000)
1	7	554	555	1	0	0	0	0	44	0	0	0	Straight	0.0	20001.0	20045.0	LINESTRING(347.040000 297.520000,339.960000 300.340000)
1	8	555	955	1	0	0	0	0	41	0	0	0	Straight	0.0	20045.0	20086.0	LINESTRING(339.960000 300.340000,332.130000 304.620000)
1	9	955	2001	1	1	118	118	0	21	131	1	0	Straight	0.0	20086.0	20217.0	LINESTRING(332.130000 304.620000,324.180000 306.060000)
1	10	2001	1459	1	0	0	0	0	42	0	0	0	Right	5.695	20222.7	20264.7	LINESTRING(324.180000 306.060000,325.100000 313.120000)
1	11	1459	923	1	0	0	0	0	11	0	0	0	Straight	0.0	20264.7	20275.7	LINESTRING(325.100000 313.120000,320.560000 320.930000)
1	12	923	924	1	0	0	0	0	29	0	0	0	Right	5.695	20281.4	20310.4	LINESTRING(320.560000 320.930000,333.700000 326.490000)
1	13	924	1617	1	0	0	0	0	31	0	0	0	Straight	0.0	20310.4	20341.4	LINESTRING(333.700000 326.490000,339.040000 338.690000)
1	14	1617	852	1	0	0	0	0	11	0	0	0	Left	11.389	20352.8	20363.8	LINESTRING(339.040000 338.690000,332.990000 352.480000)
1	15	852	388	1	0	0	0	0	16	0	0	0	Straight	0.0	20363.8	20379.8	LINESTRING(332.990000 352.480000,321.760000 366.070000)
1	16	388	788	1	0	0	0	0	83	0	0	0	Straight	0.0	20379.8	20462.8	LINESTRING(321.760000 366.070000,320.960000 384.390000)
1	17	788	766	1	0	0	0	0	18	0	0	0	Straight	0.0	20462.8	20480.8	LINESTRING(320.960000 384.390000,312.040000 400.610000)
1	18	766	1898	1	0	0	0	0	22	0	0	0	Right	5.695	20486.5	20508.5	LINESTRING(312.040000 400.610000,329.660000 405.740000)
1	19	1898	1431	1	1	271	271	0	49	319	1	0	Left	11.389	20519.9	20838.9	LINESTRING(329.660000 405.740000,320.810000 412.040000)
1	20	1431	1414	1	1	127	127	0	23	143	1	0	Right	5.695	20844.5	20987.5	LINESTRING(320.810000 412.040000,328.560000 417.030000)
1	21	1414	1669	1	0	0	0	0	35	0	0	0	Left	11.389	20998.9	21033.9	LINESTRING(328.560000 417.030000,324.210000 422.360000)
1	22	1669	1551	1	0	0	0	0	38	0	0	0	Right	5.695	21039.6	21077.6	LINESTRING(324.210000 422.360000,328.390000 427.040000)
1	23	1551	635	1	0	0	0	0	21	0	0	0	Left	11.389	21089.0	21110.0	LINESTRING(328.390000 427.040000,323.740000 433.050000)
1	24	635	236	1	0	0	0	0	38	0	0	0	Straight	0.0	21110.0	21148.0	LINESTRING(323.740000 433.050000,323.050000 445.110000)
1	25	236	1675	0	0	0	0	0	32	0	0	0	Right	5.695	21153.7	21185.7	LINESTRING(323.050000 445.110000,334.850000 453.490000)
1	26	1675	180	0	0	0	0	0	32	0	0	0	Straight	0.0	21185.7	21217.7	LINESTRING(334.850000 453.490000,348.050000 459.750000)
1	27	180	178	0	0	0	0	0	31	0	0	0	Straight	0.0	21217.7	21248.7	LINESTRING(348.050000 459.750000,360.880000 464.360000)
1	28	178	1647	1	0	0	0	0	12	0	0	0	Straight	0.0	21248.7	21260.7	LINESTRING(360.880000 464.360000,378.350000 466.910000)
1	29	1647	158	1	0	0	0	0	5	0	0	0	Straight	0.0	21260.7	21265.7	LINESTRING(378.350000 466.910000,395.610000 469.280000)
1	30	158	157	1	0	0	0	0	2	0	0	0	Straight	0.0	21265.7	21267.7	LINESTRING(395.610000 469.280000,412.480000 468.730000)
1	31	157	583	1	0	0	0	0	5	0	0	0	Straight	0.0	21267.7	21272.7	LINESTRING(412.480000 468.730000,434.100000 466.020000)
1	32	583	1778	1	0	0	0	0	2	0	0	0	Left	11.389	21284.1	21286.1	LINESTRING(434.100000 466.020000,435.670000 483.210000)
1	33	1778	1430	1	0	0	0	0	10	0	0	0	Straight	0.0	21286.1	21296.1	LINESTRING(435.670000 483.210000,436.880000 500.490000)
1	34	1430	145	0	0	0	0	0	23	0	0	0	Straight	0.0	21296.1	21319.1	LINESTRING(436.880000 500.490000,438.570000 514.380000)
1	35	145	1777	0	0	0	0	0	22	0	0	0	Straight	0.0	21319.1	21341.1	LINESTRING(438.570000 514.380000,438.570000 529.890000)
1	36	1777	135	0	0	0	0	0	17	0	0	0	Straight	0.0	21341.1	21358.1	LINESTRING(438.570000 529.890000,439.510000 547.020000)
1	37	135	493	0	0	0	0	0	49	0	0	0	Straight	0.0	21358.1	21407.1	LINESTRING(439.510000 547.020000,456.360000 564.610000)
1	38	493	467	0	0	0	0	0	40	0	0	0	Straight	0.0	21407.1	21447.1	LINESTRING(456.360000 564.610000,475.890000 580.340000)
1	39	467	101	0	0	0	0	0	3	0	0	0	Straight	0.0	21447.1	21450.1	LINESTRING(475.890000 580.340000,487.520000 592.890000)
1	40	101	411	0	0	0	0	0	91	0	0	0	Straight	0.0	21450.1	21541.1	LINESTRING(487.520000 592.890000,499.360000 604.810000)
1	41	411	1699	1	0	0	0	0	4	0	0	0	Left	11.389	21552.5	21556.5	LINESTRING(499.360000 604.810000,499.090000 615.690000)
1	42	1699	2016	1	0	0	0	0	7	0	0	0	Straight	0.0	21556.5	21563.5	LINESTRING(499.090000 615.690000,493.940000 624.740000)
1	43	2016	57	1	0	0	0	0	21	0	0	0	Straight	0.0	21563.5	21584.5	LINESTRING(493.940000 624.740000,492.310000 637.680000)
1	44	57	46	1	0	0	0	0	36	0	0	0	Straight	0.0	21584.5	21620.5	LINESTRING(492.310000 637.680000,495.180000 648.130000)
1	45	46	38	1	0	0	0	0	18	0	0	0	Straight	0.0	21620.5	21638.5	LINESTRING(495.180000 648.130000,498.770000 658.220000)
1	46	38	21	1	0	0	0	0	35	0	0	0	Straight	0.0	21638.5	21673.5	LINESTRING(498.770000 658.220000,507.690000 664.970000)
1	47	21	269	1	0	0	0	0	36	0	0	0	Straight	0.0	21673.5	21709.5	LINESTRING(507.690000 664.970000,511.290000 676.100000)
1	48	269	1543	1	0	0	0	0	16	0	0	0	Right	5.695	21715.2	21731.2	LINESTRING(511.290000 676.100000,519.090000 666.350000)
1	49	1543	216	1	0	0	0	0	47	0	0	0	Straight	0.0	21731.2	21778.2	LINESTRING(519.090000 666.350000,526.340000 646.890000)
1	50	216	215	1	0	0	0	0	46	0	0	0	Straight	0.0	21778.2	21824.2	LINESTRING(526.340000 646.890000,525.000000 618.680000)
1	51	215	1331	1	0	0	0	0	166	0	0	0	Straight	0.0	21824.2	21990.2	LINESTRING(525.000000 618.680000,515.690000 598.290000)
1	52	1331	1366	1	0	0	0	0	10	0	0	0	Right	5.695	21995.9	22005.9	LINESTRING(515.690000 598.290000,489.620000 605.100000)
1	53	1366	1365	1	0	0	0	0	44	0	0	0	U	45.557	22051.4	22095.4	LINESTRING(489.620000 605.100000,495.440000 596.200000)
1	54	1365	1349	1	1	1368	1368	0	246	1606	1	0	Straight	0.0	22095.4	23701.4	LINESTRING(495.440000 596.200000,501.310000 587.090000)
1	55	1349	1420	1	1	250	250	0	45	295	1	0	Straight	0.0	23701.4	23996.4	LINESTRING(501.310000 587.090000,508.220000 579.020000)
1	56	1420	1419	1	1	425	425	0	76	496	0	0	Left	11.389	24007.8	24083.8	LINESTRING(508.220000 579.020000,509.610000 582.450000)
1	57	1419	1420	1	1	425	425	0	76	496	1	0	U	45.557	24129.4	24625.4	LINESTRING(509.610000 582.450000,508.220000 579.020000)
1	58	1420	1908	1	1	194	194	0	35	225	1	0	Left	11.389	24636.8	24861.8	LINESTRING(508.220000 579.020000,515.200000 570.740000)
1	59	1908	2159	1	1	252	252	0	45	295	0	0	Left	11.389	24873.2	24918.2	LINESTRING(515.200000 570.740000,517.200000 574.160000)
1	60	2159	1908	1	1	252	252	0	45	295	1	0	U	45.557	24963.7	25258.7	LINESTRING(517.200000 574.160000,515.200000 570.740000)
1	61	1908	1909	1	1	777	777	0	140	910	1	0	Left	11.389	25270.1	26180.1	LINESTRING(515.200000 570.740000,521.350000 561.450000)
1	62	1909	2054	1	1	347	347	0	62	402	1	0	Straight	0.0	26180.1	26582.1	LINESTRING(521.350000 561.450000,527.190000 551.750000)
1	63	2054	1726	1	1	519	519	0	93	603	1	0	Straight	0.0	26582.1	27185.1	LINESTRING(527.190000 551.750000,533.440000 542.280000)
1	64	1726	1293	1	1	313	313	0	56	366	1	0	Left	11.389	27196.5	27562.5	LINESTRING(533.440000 542.280000,538.230000 544.940000)
1	65	1293	1299	1	1	342	342	0	62	402	1	0	Right	5.695	27568.2	27970.2	LINESTRING(538.230000 544.940000,542.290000 527.380000)
1	66	1299	1346	1	1	173	173	0	31	201	0	0	Right	5.695	27975.9	28006.9	LINESTRING(542.290000 527.380000,538.350000 527.610000)
1	67	1346	1299	1	1	173	173	0	31	201	1	0	U	45.557	28052.4	28253.4	LINESTRING(538.350000 527.610000,542.290000 527.380000)
1	68	1299	1300	1	1	29	29	0	5	25	1	0	Right	5.695	28259.1	28284.1	LINESTRING(542.290000 527.380000,548.390000 510.790000)
1	69	1300	58	1	0	0	0	0	291	0	0	0	Straight	0.0	28284.1	28575.1	LINESTRING(548.390000 510.790000,557.210000 492.350000)
1	70	58	1342	1	0	0	0	0	17	0	0	0	Straight	0.0	28575.1	28592.1	LINESTRING(557.210000 492.350000,554.690000 468.380000)
1	71	1342	1327	1	1	1636	1636	0	294	1924	1	0	Straight	0.0	28592.1	30516.1	LINESTRING(554.690000 468.380000,550.440000 438.360000)
1	72	1327	1323	1	1	216	216	0	39	249	1	0	Straight	0.0	30516.1	30765.1	LINESTRING(550.440000 438.360000,538.850000 417.160000)
1	73	1323	2019	1	1	1744	1744	0	314	2054	0	0	Left	11.389	30776.5	31090.5	LINESTRING(538.850000 417.160000,541.760000 414.260000)
1	74	2019	1323	1	1	1744	1744	0	314	2054	1	0	U	45.557	31136.1	33190.1	LINESTRING(541.760000 414.260000,538.850000 417.160000)
1	75	1323	1326	1	1	170	170	0	31	201	0	0	Straight	0.0	33190.1	33221.1	LINESTRING(538.850000 417.160000,530.550000 425.070000)
1	76	1326	668	0	0	0	0	0	25	0	0	0	Left	11.389	33232.5	33257.5	LINESTRING(530.550000 425.070000,507.190000 416.860000)
1	77	668	1523	0	0	0	0	0	12	0	0	0	Straight	0.0	33257.5	33269.5	LINESTRING(507.190000 416.860000,497.610000 406.340000)
1	78	1523	251	0	0	0	0	0	5	0	0	0	Straight	0.0	33269.5	33274.5	LINESTRING(497.610000 406.340000,487.860000 396.120000)
1	79	251	261	0	0	0	0	0	5	0	0	0	Straight	0.0	33274.5	33279.5	LINESTRING(487.860000 396.120000,470.500000 382.250000)
1	80	261	262	0	0	0	0	0	5	0	0	0	Straight	0.0	33279.5	33284.5	LINESTRING(470.500000 382.250000,458.440000 372.130000)
1	81	262	272	0	0	0	0	0	8	0	0	0	Straight	0.0	33284.5	33292.5	LINESTRING(458.440000 372.130000,446.100000 362.390000)
1	82	272	306	0	0	0	0	0	54	0	0	0	Straight	0.0	33292.5	33346.5	LINESTRING(446.100000 362.390000,426.660000 339.530000)
1	83	306	983	0	0	0	0	0	122	0	0	0	Straight	0.0	33346.5	33468.5	LINESTRING(426.660000 339.530000,404.910000 318.790000)
1	84	983	984	0	0	0	0	0	151	0	0	0	Straight	0.0	33468.5	33619.5	LINESTRING(404.910000 318.790000,381.850000 299.240000)
1	85	984	616	0	0	0	0	0	57	0	0	0	Straight	0.0	33619.5	33676.5	LINESTRING(381.850000 299.240000,363.030000 281.580000)
1	86	616	615	1	0	0	0	0	3	0	0	0	Left	11.389	33687.9	33690.9	LINESTRING(363.030000 281.580000,379.090000 271.730000)
1	87	615	1825	1	0	0	0	0	27	0	0	0	Straight	0.0	33690.9	33717.9	LINESTRING(379.090000 271.730000,401.590000 256.480000)
1	88	1825	690	1	0	0	0	0	12	0	0	0	Straight	0.0	33717.9	33729.9	LINESTRING(401.590000 256.480000,411.190000 240.760000)
1	89	690	2085	1	0	0	0	0	15	0	0	0	Left	11.389	33741.3	33756.3	LINESTRING(411.190000 240.760000,421.880000 250.660000)
1	90	2085	1083	1	0	0	0	0	71	0	0	0	Straight	0.0	33756.3	33827.3	LINESTRING(421.880000 250.660000,446.000000 251.770000)
2	0	1083	1083	-1	-1	0	0	0	0	0	0	300		0.0	33827.3	34127.3	LINESTRING(446.000000 251.770000,446.000000 251.770000)
