Problem Type	Solution Method	Vehicle Capacity (Weight)	Vehicle Capacity(Volume)	Disposal Trips	Route Time	Route Time wo Turns	Computational Time(Sec)	Clustering Time(Sec)	VA(NHO)	VA(ATD)	VA(CCI)	VA(DMT)	VA(ROI)	VA(AOI)	Optimal
MCARPTIF-TP	WJ19	10000	10000	2	31358.1	28619	99.3774	0	0	1213.43	1	22996	0.0847522	0.176675	0
Load No	Sequence No	From Node ID	To Node ID	IsEdge	Required	Weight	Volume	Travel Miles	Travel Time	Service Time	Served	Dumped	Turn Type	Turn Cost	Depart Time	Arrival Time	Shape
0	0	1083	2085	1	0	0	0	0	71	0	0	300		0.0	300.0	371.0	LINESTRING(446.000000 251.770000,421.880000 250.660000)
0	1	2085	1825	0	0	0	0	0	21	0	0	0	Straight	0.0	371.0	392.0	LINESTRING(421.880000 250.660000,401.590000 256.480000)
0	2	1825	615	1	0	0	0	0	27	0	0	0	Straight	0.0	392.0	419.0	LINESTRING(401.590000 256.480000,379.090000 271.730000)
0	3	615	1684	0	0	0	0	0	58	0	0	0	Right	5.695	424.695	482.695	LINESTRING(379.090000 271.730000,393.810000 293.840000)
0	4	1684	984	1	0	0	0	0	3	0	0	0	Left	11.389	494.084	497.084	LINESTRING(393.810000 293.840000,381.850000 299.240000)
0	5	984	558	1	0	0	0	0	7	0	0	0	Straight	0.0	497.084	504.084	LINESTRING(381.850000 299.240000,362.770000 297.070000)
0	6	558	554	1	0	0	0	0	10	0	0	0	Straight	0.0	504.084	514.084	LINESTRING(362.770000 297.070000,347.040000 297.520000)
0	7	554	555	1	0	0	0	0	44	0	0	0	Straight	0.0	514.084	558.084	LINESTRING(347.040000 297.520000,339.960000 300.340000)
0	8	555	955	1	0	0	0	0	41	0	0	0	Straight	0.0	558.084	599.084	LINESTRING(339.960000 300.340000,332.130000 304.620000)
0	9	955	2001	1	1	118	118	0	21	131	1	0	Straight	0.0	599.084	730.084	LINESTRING(332.130000 304.620000,324.180000 306.060000)
0	10	2001	1459	1	0	0	0	0	42	0	0	0	Right	5.695	735.779	777.779	LINESTRING(324.180000 306.060000,325.100000 313.120000)
0	11	1459	923	1	0	0	0	0	11	0	0	0	Straight	0.0	777.779	788.779	LINESTRING(325.100000 313.120000,320.560000 320.930000)
0	12	923	924	1	0	0	0	0	29	0	0	0	Right	5.695	794.474	823.474	LINESTRING(320.560000 320.930000,333.700000 326.490000)
0	13	924	1617	1	0	0	0	0	31	0	0	0	Straight	0.0	823.474	854.474	LINESTRING(333.700000 326.490000,339.040000 338.690000)
0	14	1617	852	1	0	0	0	0	11	0	0	0	Left	11.389	865.863	876.863	LINESTRING(339.040000 338.690000,332.990000 352.480000)
0	15	852	388	1	0	0	0	0	16	0	0	0	Straight	0.0	876.863	892.863	LINESTRING(332.990000 352.480000,321.760000 366.070000)
0	16	388	788	1	0	0	0	0	83	0	0	0	Straight	0.0	892.863	975.863	LINESTRING(321.760000 366.070000,320.960000 384.390000)
0	17	788	766	1	0	0	0	0	18	0	0	0	Straight	0.0	975.863	993.863	LINESTRING(320.960000 384.390000,312.040000 400.610000)
0	18	766	1898	1	0	0	0	0	22	0	0	0	Right	5.695	999.558	1021.56	LINESTRING(312.040000 400.610000,329.660000 405.740000)
0	19	1898	1431	1	1	271	271	0	49	319	1	0	Left	11.389	1032.95	1351.95	LINESTRING(329.660000 405.740000,320.810000 412.040000)
0	20	1431	1414	1	1	127	127	0	23	143	1	0	Right	5.695	1357.64	1500.64	LINESTRING(320.810000 412.040000,328.560000 417.030000)
0	21	1414	1669	1	0	0	0	0	35	0	0	0	Left	11.389	1512.03	1547.03	LINESTRING(328.560000 417.030000,324.210000 422.360000)
0	22	1669	1551	1	0	0	0	0	38	0	0	0	Right	5.695	1552.73	1590.73	LINESTRING(324.210000 422.360000,328.390000 427.040000)
0	23	1551	635	1	0	0	0	0	21	0	0	0	Left	11.389	1602.11	1623.11	LINESTRING(328.390000 427.040000,323.740000 433.050000)
0	24	635	236	1	0	0	0	0	38	0	0	0	Straight	0.0	1623.11	1661.11	LINESTRING(323.740000 433.050000,323.050000 445.110000)
0	25	236	1675	0	0	0	0	0	32	0	0	0	Right	5.695	1666.81	1698.81	LINESTRING(323.050000 445.110000,334.850000 453.490000)
0	26	1675	180	0	0	0	0	0	32	0	0	0	Straight	0.0	1698.81	1730.81	LINESTRING(334.850000 453.490000,348.050000 459.750000)
0	27	180	179	1	0	0	0	0	2	0	0	0	Left	11.389	1742.2	1744.2	LINESTRING(348.050000 459.750000,349.240000 465.280000)
0	28	179	1521	0	1	45	45	0	8	48	1	0	Left	11.389	1755.59	1803.59	LINESTRING(349.240000 465.280000,339.840000 463.860000)
0	29	1521	222	0	0	0	0	0	25	0	0	0	Straight	0.0	1803.59	1828.59	LINESTRING(339.840000 463.860000,330.240000 457.470000)
0	30	222	223	0	0	0	0	0	32	0	0	0	Straight	0.0	1828.59	1860.59	LINESTRING(330.240000 457.470000,319.420000 451.510000)
0	31	223	236	1	0	0	0	0	3	0	0	0	Left	11.389	1871.98	1874.98	LINESTRING(319.420000 451.510000,323.050000 445.110000)
0	32	236	635	1	0	0	0	0	38	0	0	0	Straight	0.0	1874.98	1912.98	LINESTRING(323.050000 445.110000,323.740000 433.050000)
0	33	635	1551	1	0	0	0	0	21	0	0	0	Straight	0.0	1912.98	1933.98	LINESTRING(323.740000 433.050000,328.390000 427.040000)
0	34	1551	681	1	0	0	0	0	30	0	0	0	Straight	0.0	1933.98	1963.98	LINESTRING(328.390000 427.040000,336.050000 424.640000)
0	35	681	1522	1	0	0	0	0	19	0	0	0	Straight	0.0	1963.98	1982.98	LINESTRING(336.050000 424.640000,342.860000 426.930000)
0	36	1522	1634	1	0	0	0	0	37	0	0	0	Straight	0.0	1982.98	2019.98	LINESTRING(342.860000 426.930000,348.400000 424.400000)
0	37	1634	1451	1	0	0	0	0	24	0	0	0	Straight	0.0	2019.98	2043.98	LINESTRING(348.400000 424.400000,354.990000 423.850000)
0	38	1451	724	1	0	0	0	0	41	0	0	0	Straight	0.0	2043.98	2084.98	LINESTRING(354.990000 423.850000,360.500000 419.090000)
0	39	724	734	1	0	0	0	0	17	0	0	0	Straight	0.0	2084.98	2101.98	LINESTRING(360.500000 419.090000,369.760000 412.400000)
0	40	734	246	1	0	0	0	0	11	0	0	0	Straight	0.0	2101.98	2112.98	LINESTRING(369.760000 412.400000,391.810000 413.350000)
0	41	246	247	1	0	0	0	0	46	0	0	0	Straight	0.0	2112.98	2158.98	LINESTRING(391.810000 413.350000,413.220000 419.390000)
0	42	247	639	1	0	0	0	0	7	0	0	0	Straight	0.0	2158.98	2165.98	LINESTRING(413.220000 419.390000,434.470000 425.140000)
0	43	639	640	0	0	0	0	0	109	0	0	0	Right	5.695	2171.67	2280.67	LINESTRING(434.470000 425.140000,448.240000 392.380000)
0	44	640	261	0	0	0	0	0	100	0	0	0	Straight	0.0	2280.67	2380.67	LINESTRING(448.240000 392.380000,470.500000 382.250000)
0	45	261	703	0	0	0	0	0	2	0	0	0	Straight	0.0	2380.67	2382.67	LINESTRING(470.500000 382.250000,485.130000 364.600000)
0	46	703	698	0	0	0	0	0	5	0	0	0	Left	11.389	2394.06	2399.06	LINESTRING(485.130000 364.600000,504.740000 377.850000)
0	47	698	1946	0	0	0	0	0	6	0	0	0	Straight	0.0	2399.06	2405.06	LINESTRING(504.740000 377.850000,513.150000 392.610000)
0	48	1946	1607	0	0	0	0	0	13	0	0	0	Straight	0.0	2405.06	2418.06	LINESTRING(513.150000 392.610000,521.020000 407.560000)
0	49	1607	1326	0	0	0	0	0	24	0	0	0	Straight	0.0	2418.06	2442.06	LINESTRING(521.020000 407.560000,530.550000 425.070000)
0	50	1326	1323	1	1	170	170	0	31	201	1	0	Right	5.695	2447.76	2648.76	LINESTRING(530.550000 425.070000,538.850000 417.160000)
0	51	1323	2019	1	1	1744	1744	0	314	2054	1	0	Straight	0.0	2648.76	4702.76	LINESTRING(538.850000 417.160000,541.760000 414.260000)
0	52	2019	1323	1	1	1744	1744	0	314	2054	0	0	U	45.557	4748.31	5062.31	LINESTRING(541.760000 414.260000,538.850000 417.160000)
0	53	1323	1327	1	1	216	216	0	39	249	1	0	Right	5.695	5068.01	5317.01	LINESTRING(538.850000 417.160000,550.440000 438.360000)
0	54	1327	1342	1	1	1636	1636	0	294	1924	1	0	Straight	0.0	5317.01	7241.01	LINESTRING(550.440000 438.360000,554.690000 468.380000)
0	55	1342	58	1	0	0	0	0	17	0	0	0	Straight	0.0	7241.01	7258.01	LINESTRING(554.690000 468.380000,557.210000 492.350000)
0	56	58	1300	1	0	0	0	0	291	0	0	0	Straight	0.0	7258.01	7549.01	LINESTRING(557.210000 492.350000,548.390000 510.790000)
0	57	1300	1299	1	1	29	29	0	5	25	1	0	Straight	0.0	7549.01	7574.01	LINESTRING(548.390000 510.790000,542.290000 527.380000)
0	58	1299	1346	1	1	173	173	0	31	201	1	0	Left	11.389	7585.4	7786.4	LINESTRING(542.290000 527.380000,538.350000 527.610000)
0	59	1346	1299	1	1	173	173	0	31	201	0	0	U	45.557	7831.95	7862.95	LINESTRING(538.350000 527.610000,542.290000 527.380000)
0	60	1299	1293	1	1	342	342	0	62	402	1	0	Left	11.389	7874.34	8276.34	LINESTRING(542.290000 527.380000,538.230000 544.940000)
0	61	1293	1726	1	1	313	313	0	56	366	1	0	Left	11.389	8287.73	8653.73	LINESTRING(538.230000 544.940000,533.440000 542.280000)
0	62	1726	2054	1	1	519	519	0	93	603	1	0	Right	5.695	8659.43	9262.43	LINESTRING(533.440000 542.280000,527.190000 551.750000)
0	63	2054	1909	1	1	347	347	0	62	402	1	0	Straight	0.0	9262.43	9664.43	LINESTRING(527.190000 551.750000,521.350000 561.450000)
0	64	1909	1908	1	1	777	777	0	140	910	1	0	Straight	0.0	9664.43	10574.4	LINESTRING(521.350000 561.450000,515.200000 570.740000)
0	65	1908	2159	1	1	252	252	0	45	295	1	0	Right	5.695	10580.1	10875.1	LINESTRING(515.200000 570.740000,517.200000 574.160000)
0	66	2159	1908	1	1	252	252	0	45	295	0	0	U	45.557	10920.7	10965.7	LINESTRING(517.200000 574.160000,515.200000 570.740000)
0	67	1908	1420	1	1	194	194	0	35	225	1	0	Right	5.695	10971.4	11196.4	LINESTRING(515.200000 570.740000,508.220000 579.020000)
0	68	1420	1419	1	1	425	425	0	76	496	1	0	Right	5.695	11202.1	11698.1	LINESTRING(508.220000 579.020000,509.610000 582.450000)
0	69	1419	1420	1	1	425	425	0	76	496	0	0	U	45.557	11743.6	11819.6	LINESTRING(509.610000 582.450000,508.220000 579.020000)
0	70	1420	1349	1	1	250	250	0	45	295	1	0	Right	5.695	11825.3	12120.3	LINESTRING(508.220000 579.020000,501.310000 587.090000)
0	71	1349	1365	1	1	1368	1368	0	246	1606	1	0	Straight	0.0	12120.3	13726.3	LINESTRING(501.310000 587.090000,495.440000 596.200000)
0	72	1365	1366	1	0	0	0	0	44	0	0	0	Straight	0.0	13726.3	13770.3	LINESTRING(495.440000 596.200000,489.620000 605.100000)
0	73	1366	1793	1	0	0	0	0	123	0	0	0	Straight	0.0	13770.3	13893.3	LINESTRING(489.620000 605.100000,462.730000 614.660000)
0	74	1793	1357	1	0	0	0	0	2	0	0	0	Straight	0.0	13893.3	13895.3	LINESTRING(462.730000 614.660000,451.880000 617.750000)
0	75	1357	1356	1	1	481	481	0	87	567	1	0	Left	11.389	13906.7	14473.7	LINESTRING(451.880000 617.750000,449.640000 614.160000)
0	76	1356	1357	1	1	481	481	0	87	567	0	0	U	45.557	14519.3	14606.3	LINESTRING(449.640000 614.160000,451.880000 617.750000)
0	77	1357	1793	1	0	0	0	0	2	0	0	0	Right	5.695	14612.0	14614.0	LINESTRING(451.880000 617.750000,462.730000 614.660000)
0	78	1793	1337	1	0	0	0	0	173	0	0	0	U	45.557	14659.5	14832.5	LINESTRING(462.730000 614.660000,438.560000 624.710000)
0	79	1337	305	1	0	0	0	0	85	0	0	0	Right	5.695	14838.2	14923.2	LINESTRING(438.560000 624.710000,438.560000 632.250000)
0	80	305	35	1	0	0	0	0	19	0	0	0	Straight	0.0	14923.2	14942.2	LINESTRING(438.560000 632.250000,440.570000 639.970000)
0	81	35	324	1	0	0	0	0	21	0	0	0	Straight	0.0	14942.2	14963.2	LINESTRING(440.570000 639.970000,438.060000 648.020000)
0	82	324	397	1	0	0	0	0	31	0	0	0	Straight	0.0	14963.2	14994.2	LINESTRING(438.060000 648.020000,437.020000 654.510000)
0	83	397	69	1	0	0	0	0	32	0	0	0	Right	5.695	14999.9	15031.9	LINESTRING(437.020000 654.510000,443.000000 653.160000)
0	84	69	1711	1	0	0	0	0	20	0	0	0	Straight	0.0	15031.9	15051.9	LINESTRING(443.000000 653.160000,449.080000 650.280000)
0	85	1711	1765	1	0	0	0	0	31	0	0	0	Straight	0.0	15051.9	15082.9	LINESTRING(449.080000 650.280000,455.790000 648.810000)
0	86	1765	81	0	0	0	0	0	3	0	0	0	Left	11.389	15094.3	15097.3	LINESTRING(455.790000 648.810000,457.890000 653.200000)
0	87	81	83	0	0	0	0	0	4	0	0	0	Right	5.695	15103.0	15107.0	LINESTRING(457.890000 653.200000,460.110000 650.670000)
0	88	83	441	0	0	0	0	0	6	0	0	0	Right	5.695	15112.7	15118.7	LINESTRING(460.110000 650.670000,458.860000 646.030000)
0	89	441	84	0	0	0	0	0	18	0	0	0	Straight	0.0	15118.7	15136.7	LINESTRING(458.860000 646.030000,464.500000 633.350000)
0	90	84	80	0	0	0	0	0	24	0	0	0	Straight	0.0	15136.7	15160.7	LINESTRING(464.500000 633.350000,468.430000 619.580000)
0	91	80	105	0	0	0	0	0	68	0	0	0	Straight	0.0	15160.7	15228.7	LINESTRING(468.430000 619.580000,468.170000 604.310000)
0	92	105	106	0	1	71	71	0	13	83	1	0	Straight	0.0	15228.7	15311.7	LINESTRING(468.170000 604.310000,463.870000 592.580000)
0	93	106	491	0	0	0	0	0	24	0	0	0	Straight	0.0	15311.7	15335.7	LINESTRING(463.870000 592.580000,454.210000 580.680000)
0	94	491	494	0	0	0	0	0	8	0	0	0	Straight	0.0	15335.7	15343.7	LINESTRING(454.210000 580.680000,448.800000 571.000000)
0	95	494	1405	0	0	0	0	0	10	0	0	0	Straight	0.0	15343.7	15353.7	LINESTRING(448.800000 571.000000,437.880000 566.990000)
0	96	1405	130	0	0	0	0	0	21	0	0	0	Straight	0.0	15353.7	15374.7	LINESTRING(437.880000 566.990000,424.450000 558.960000)
0	97	130	131	0	0	0	0	0	19	0	0	0	Left	11.389	15386.1	15405.1	LINESTRING(424.450000 558.960000,424.080000 549.750000)
0	98	131	141	0	0	0	0	0	1	0	0	0	Straight	0.0	15405.1	15406.1	LINESTRING(424.080000 549.750000,421.030000 538.540000)
0	99	141	134	0	0	0	0	0	4	0	0	0	Left	11.389	15417.5	15421.5	LINESTRING(421.030000 538.540000,429.330000 535.620000)
0	100	134	138	0	0	0	0	0	13	0	0	0	Right	5.695	15427.2	15440.2	LINESTRING(429.330000 535.620000,429.280000 527.380000)
0	101	138	139	0	0	0	0	0	4	0	0	0	Left	11.389	15451.5	15455.5	LINESTRING(429.280000 527.380000,435.060000 521.980000)
0	102	139	1429	0	0	0	0	0	21	0	0	0	Straight	0.0	15455.5	15476.5	LINESTRING(435.060000 521.980000,436.220000 511.180000)
0	103	1429	1430	0	0	0	0	0	24	0	0	0	Straight	0.0	15476.5	15500.5	LINESTRING(436.220000 511.180000,436.880000 500.490000)
0	104	1430	1778	1	0	0	0	0	10	0	0	0	Straight	0.0	15500.5	15510.5	LINESTRING(436.880000 500.490000,435.670000 483.210000)
0	105	1778	583	1	0	0	0	0	2	0	0	0	Straight	0.0	15510.5	15512.5	LINESTRING(435.670000 483.210000,434.100000 466.020000)
0	106	583	157	1	0	0	0	0	5	0	0	0	Right	5.695	15518.2	15523.2	LINESTRING(434.100000 466.020000,412.480000 468.730000)
0	107	157	158	1	0	0	0	0	2	0	0	0	Straight	0.0	15523.2	15525.2	LINESTRING(412.480000 468.730000,395.610000 469.280000)
0	108	158	1647	1	0	0	0	0	5	0	0	0	Straight	0.0	15525.2	15530.2	LINESTRING(395.610000 469.280000,378.350000 466.910000)
0	109	1647	178	1	0	0	0	0	12	0	0	0	Straight	0.0	15530.2	15542.2	LINESTRING(378.350000 466.910000,360.880000 464.360000)
0	110	178	179	0	0	0	0	0	32	0	0	0	Straight	0.0	15542.2	15574.2	LINESTRING(360.880000 464.360000,349.240000 465.280000)
0	111	179	1521	0	1	45	45	0	8	48	0	0	Straight	0.0	15574.2	15582.2	LINESTRING(349.240000 465.280000,339.840000 463.860000)
0	112	1521	222	0	0	0	0	0	25	0	0	0	Straight	0.0	15582.2	15607.2	LINESTRING(339.840000 463.860000,330.240000 457.470000)
0	113	222	223	0	0	0	0	0	32	0	0	0	Straight	0.0	15607.2	15639.2	LINESTRING(330.240000 457.470000,319.420000 451.510000)
0	114	223	669	0	0	0	0	0	16	0	0	0	Straight	0.0	15639.2	15655.2	LINESTRING(319.420000 451.510000,307.010000 448.380000)
0	115	669	670	0	0	0	0	0	11	0	0	0	Straight	0.0	15655.2	15666.2	LINESTRING(307.010000 448.380000,302.080000 443.190000)
0	116	670	248	1	0	0	0	0	5	0	0	0	Left	11.389	15677.6	15682.6	LINESTRING(302.080000 443.190000,302.750000 437.830000)
0	117	248	249	1	0	0	0	0	6	0	0	0	Right	5.695	15688.3	15694.3	LINESTRING(302.750000 437.830000,295.020000 431.030000)
0	118	249	347	1	0	0	0	0	73	0	0	0	Straight	0.0	15694.3	15767.3	LINESTRING(295.020000 431.030000,290.110000 418.850000)
0	119	347	348	1	0	0	0	0	67	0	0	0	Straight	0.0	15767.3	15834.3	LINESTRING(290.110000 418.850000,278.310000 408.080000)
0	120	348	352	1	0	0	0	0	2	0	0	0	Straight	0.0	15834.3	15836.3	LINESTRING(278.310000 408.080000,275.860000 397.770000)
0	121	352	395	1	0	0	0	0	33	0	0	0	Straight	0.0	15836.3	15869.3	LINESTRING(275.860000 397.770000,280.370000 386.230000)
0	122	395	396	1	0	0	0	0	28	0	0	0	Straight	0.0	15869.3	15897.3	LINESTRING(280.370000 386.230000,284.820000 374.870000)
0	123	396	413	1	0	0	0	0	28	0	0	0	Straight	0.0	15897.3	15925.3	LINESTRING(284.820000 374.870000,289.670000 363.760000)
0	124	413	1678	1	0	0	0	0	18	0	0	0	Straight	0.0	15925.3	15943.3	LINESTRING(289.670000 363.760000,302.470000 357.350000)
0	125	1678	459	1	0	0	0	0	11	0	0	0	Right	5.695	15949.0	15960.0	LINESTRING(302.470000 357.350000,290.760000 342.770000)
0	126	459	458	1	0	0	0	0	34	0	0	0	Left	11.389	15971.4	16005.4	LINESTRING(290.760000 342.770000,292.810000 327.990000)
0	127	458	1971	1	0	0	0	0	15	0	0	0	Left	11.389	16016.8	16031.8	LINESTRING(292.810000 327.990000,305.810000 320.420000)
0	128	1971	557	1	0	0	0	0	16	0	0	0	Right	5.695	16037.5	16053.5	LINESTRING(305.810000 320.420000,303.930000 309.490000)
0	129	557	957	1	0	0	0	0	28	0	0	0	Left	11.389	16064.9	16092.9	LINESTRING(303.930000 309.490000,316.930000 302.600000)
0	130	957	1553	1	0	0	0	0	51	0	0	0	Straight	0.0	16092.9	16143.9	LINESTRING(316.930000 302.600000,331.400000 298.100000)
0	131	1553	554	1	0	0	0	0	36	0	0	0	Straight	0.0	16143.9	16179.9	LINESTRING(331.400000 298.100000,347.040000 297.520000)
0	132	554	558	1	0	0	0	0	10	0	0	0	Straight	0.0	16179.9	16189.9	LINESTRING(347.040000 297.520000,362.770000 297.070000)
0	133	558	984	1	0	0	0	0	7	0	0	0	Straight	0.0	16189.9	16196.9	LINESTRING(362.770000 297.070000,381.850000 299.240000)
0	134	984	616	0	0	0	0	0	57	0	0	0	U	45.557	16242.4	16299.4	LINESTRING(381.850000 299.240000,363.030000 281.580000)
0	135	616	615	1	0	0	0	0	3	0	0	0	Left	11.389	16310.8	16313.8	LINESTRING(363.030000 281.580000,379.090000 271.730000)
0	136	615	1825	1	0	0	0	0	27	0	0	0	Straight	0.0	16313.8	16340.8	LINESTRING(379.090000 271.730000,401.590000 256.480000)
0	137	1825	690	1	0	0	0	0	12	0	0	0	Straight	0.0	16340.8	16352.8	LINESTRING(401.590000 256.480000,411.190000 240.760000)
0	138	690	2085	1	0	0	0	0	15	0	0	0	Left	11.389	16364.2	16379.2	LINESTRING(411.190000 240.760000,421.880000 250.660000)
0	139	2085	1083	1	0	0	0	0	71	0	0	0	Straight	0.0	16379.2	16450.2	LINESTRING(421.880000 250.660000,446.000000 251.770000)
1	0	1083	1084	1	0	0	0	0	544	0	0	300		0.0	16750.2	17294.2	LINESTRING(446.000000 251.770000,472.410000 259.170000)
1	1	1084	710	1	0	0	0	0	6	0	0	0	Straight	0.0	17294.2	17300.2	LINESTRING(472.410000 259.170000,492.080000 262.010000)
1	2	710	1790	1	0	0	0	0	15	0	0	0	Straight	0.0	17300.2	17315.2	LINESTRING(492.080000 262.010000,512.210000 263.690000)
1	3	1790	1536	1	0	0	0	0	2	0	0	0	Straight	0.0	17315.2	17317.2	LINESTRING(512.210000 263.690000,528.750000 266.950000)
1	4	1536	1537	0	0	0	0	0	20	0	0	0	Straight	0.0	17317.2	17337.2	LINESTRING(528.750000 266.950000,548.050000 280.180000)
1	5	1537	695	0	0	0	0	0	5	0	0	0	Straight	0.0	17337.2	17342.2	LINESTRING(548.050000 280.180000,574.530000 280.890000)
1	6	695	694	0	0	0	0	0	1	0	0	0	Left	11.389	17353.6	17354.6	LINESTRING(574.530000 280.890000,568.380000 300.600000)
1	7	694	1089	0	1	26	26	0	5	25	1	0	Left	11.389	17366.0	17391.0	LINESTRING(568.380000 300.600000,537.710000 299.310000)
1	8	1089	1096	0	1	47	47	0	9	49	1	0	Straight	0.0	17391.0	17440.0	LINESTRING(537.710000 299.310000,521.480000 285.320000)
1	9	1096	1098	0	1	28	28	0	5	25	1	0	Straight	0.0	17440.0	17465.0	LINESTRING(521.480000 285.320000,514.530000 275.090000)
1	10	1098	1790	0	0	0	0	0	7	0	0	0	Straight	0.0	17465.0	17472.0	LINESTRING(514.530000 275.090000,512.210000 263.690000)
1	11	1790	1621	0	0	0	0	0	31	0	0	0	Straight	0.0	17472.0	17503.0	LINESTRING(512.210000 263.690000,519.160000 252.270000)
1	12	1621	1144	1	0	0	0	0	11	0	0	0	Straight	0.0	17503.0	17514.0	LINESTRING(519.160000 252.270000,515.800000 232.270000)
1	13	1144	801	1	1	78	78	0	14	84	1	0	Straight	0.0	17514.0	17598.0	LINESTRING(515.800000 232.270000,515.670000 223.580000)
1	14	801	813	1	1	174	174	0	31	201	1	0	Straight	0.0	17598.0	17799.0	LINESTRING(515.670000 223.580000,515.110000 219.810000)
1	15	813	814	1	0	0	0	0	24	0	0	0	Straight	0.0	17799.0	17823.0	LINESTRING(515.110000 219.810000,515.830000 215.240000)
1	16	814	1559	1	0	0	0	0	16	0	0	0	Straight	0.0	17823.0	17839.0	LINESTRING(515.830000 215.240000,517.270000 205.260000)
1	17	1559	1392	1	0	0	0	0	16	0	0	0	Straight	0.0	17839.0	17855.0	LINESTRING(517.270000 205.260000,518.340000 195.060000)
1	18	1392	866	1	1	271	271	0	49	319	1	0	U	45.557	17900.6	18219.6	LINESTRING(518.340000 195.060000,514.590000 204.440000)
1	19	866	867	1	1	207	207	0	37	237	1	0	Left	11.389	18230.9	18467.9	LINESTRING(514.590000 204.440000,510.190000 203.860000)
1	20	867	866	1	1	207	207	0	37	237	0	0	U	45.557	18513.5	18550.5	LINESTRING(510.190000 203.860000,514.590000 204.440000)
1	21	866	1168	1	0	0	0	0	14	0	0	0	Left	11.389	18561.9	18575.9	LINESTRING(514.590000 204.440000,513.020000 213.720000)
1	22	1168	1144	1	0	0	0	0	48	0	0	0	Straight	0.0	18575.9	18623.9	LINESTRING(513.020000 213.720000,515.800000 232.270000)
1	23	1144	1621	1	0	0	0	0	11	0	0	0	Straight	0.0	18623.9	18634.9	LINESTRING(515.800000 232.270000,519.160000 252.270000)
1	24	1621	1536	0	1	165	165	0	30	190	1	0	Straight	0.0	18634.9	18824.9	LINESTRING(519.160000 252.270000,528.750000 266.950000)
1	25	1536	1537	0	0	0	0	0	20	0	0	0	Straight	0.0	18824.9	18844.9	LINESTRING(528.750000 266.950000,548.050000 280.180000)
1	26	1537	695	0	0	0	0	0	5	0	0	0	Straight	0.0	18844.9	18849.9	LINESTRING(548.050000 280.180000,574.530000 280.890000)
1	27	695	1047	0	0	0	0	0	69	0	0	0	Straight	0.0	18849.9	18918.9	LINESTRING(574.530000 280.890000,602.270000 269.260000)
1	28	1047	654	1	1	60	60	0	11	71	1	0	Straight	0.0	18918.9	18989.9	LINESTRING(602.270000 269.260000,617.270000 248.920000)
1	29	654	689	1	1	88	88	0	16	96	1	0	Straight	0.0	18989.9	19085.9	LINESTRING(617.270000 248.920000,632.310000 228.500000)
1	30	689	688	1	1	78	78	0	14	84	1	0	Straight	0.0	19085.9	19169.9	LINESTRING(632.310000 228.500000,644.160000 212.200000)
1	31	688	1492	1	1	185	185	0	33	213	1	0	Straight	0.0	19169.9	19382.9	LINESTRING(644.160000 212.200000,656.210000 195.550000)
1	32	1492	1137	1	1	64	64	0	12	72	1	0	Straight	0.0	19382.9	19454.9	LINESTRING(656.210000 195.550000,667.460000 179.270000)
1	33	1137	1138	1	1	85	85	0	15	95	1	0	Straight	0.0	19454.9	19549.9	LINESTRING(667.460000 179.270000,668.670000 167.790000)
1	34	1138	2060	1	1	37	37	0	7	37	1	0	Straight	0.0	19549.9	19586.9	LINESTRING(668.670000 167.790000,668.280000 163.000000)
1	35	2060	1138	1	1	37	37	0	7	37	0	0	U	45.557	19632.4	19639.4	LINESTRING(668.280000 163.000000,668.670000 167.790000)
1	36	1138	787	1	1	11	11	0	2	12	1	0	U	45.557	19685.0	19697.0	LINESTRING(668.670000 167.790000,670.310000 158.210000)
1	37	787	786	1	1	33	33	0	6	36	1	0	Straight	0.0	19697.0	19733.0	LINESTRING(670.310000 158.210000,669.590000 152.450000)
1	38	786	787	1	1	33	33	0	6	36	0	0	U	45.557	19778.6	19784.6	LINESTRING(669.590000 152.450000,670.310000 158.210000)
1	39	787	779	1	1	109	109	0	20	120	1	0	Right	5.695	19790.3	19910.3	LINESTRING(670.310000 158.210000,674.880000 152.520000)
1	40	779	1961	1	1	38	38	0	7	37	1	0	Straight	0.0	19910.3	19947.3	LINESTRING(674.880000 152.520000,678.500000 147.450000)
1	41	1961	779	1	1	38	38	0	7	37	0	0	U	45.557	19992.8	19999.8	LINESTRING(678.500000 147.450000,674.880000 152.520000)
1	42	779	2088	1	1	10	10	0	2	12	1	0	U	45.557	20045.4	20057.4	LINESTRING(674.880000 152.520000,674.860000 146.370000)
1	43	2088	779	1	1	10	10	0	2	12	0	0	U	45.557	20102.9	20104.9	LINESTRING(674.860000 146.370000,674.880000 152.520000)
1	44	779	778	1	1	106	106	0	19	119	1	0	Straight	0.0	20104.9	20223.9	LINESTRING(674.880000 152.520000,675.740000 159.830000)
1	45	778	1933	1	1	55	55	0	10	60	1	0	Right	5.695	20229.6	20289.6	LINESTRING(675.740000 159.830000,679.410000 155.350000)
1	46	1933	778	1	1	55	55	0	10	60	0	0	U	45.557	20335.2	20345.2	LINESTRING(679.410000 155.350000,675.740000 159.830000)
1	47	778	1107	1	1	10	10	0	2	12	1	0	Straight	0.0	20345.2	20357.2	LINESTRING(675.740000 159.830000,673.590000 169.520000)
1	48	1107	1960	1	1	50	50	0	9	59	1	0	U	45.557	20402.7	20461.7	LINESTRING(673.590000 169.520000,676.890000 165.540000)
1	49	1960	1107	1	1	50	50	0	9	59	0	0	U	45.557	20507.3	20516.3	LINESTRING(676.890000 165.540000,673.590000 169.520000)
1	50	1107	1106	1	1	53	53	0	10	60	1	0	Straight	0.0	20516.3	20576.3	LINESTRING(673.590000 169.520000,670.090000 180.480000)
1	51	1106	2139	1	1	53	53	0	10	60	1	0	U	45.557	20621.9	20681.9	LINESTRING(670.090000 180.480000,674.460000 177.750000)
1	52	2139	1106	1	1	53	53	0	10	60	0	0	U	45.557	20727.4	20737.4	LINESTRING(674.460000 177.750000,670.090000 180.480000)
1	53	1106	717	1	1	51	51	0	9	59	1	0	Straight	0.0	20737.4	20796.4	LINESTRING(670.090000 180.480000,663.420000 191.850000)
1	54	717	1656	1	1	55	55	0	10	60	1	0	U	45.557	20842.0	20902.0	LINESTRING(663.420000 191.850000,667.910000 188.690000)
1	55	1656	717	1	1	55	55	0	10	60	0	0	U	45.557	20947.5	20957.5	LINESTRING(667.910000 188.690000,663.420000 191.850000)
1	56	717	716	1	1	50	50	0	9	59	1	0	Straight	0.0	20957.5	21016.5	LINESTRING(663.420000 191.850000,654.150000 203.790000)
1	57	716	2174	1	1	54	54	0	10	60	1	0	Right	5.695	21022.2	21082.2	LINESTRING(654.150000 203.790000,659.650000 204.690000)
1	58	2174	716	1	1	54	54	0	10	60	0	0	U	45.557	21127.8	21137.8	LINESTRING(659.650000 204.690000,654.150000 203.790000)
1	59	716	1082	1	1	53	53	0	10	60	1	0	Right	5.695	21143.5	21203.5	LINESTRING(654.150000 203.790000,643.740000 215.840000)
1	60	1082	1087	1	1	56	56	0	10	60	1	0	Left	11.389	21214.9	21274.9	LINESTRING(643.740000 215.840000,642.160000 209.280000)
1	61	1087	2198	1	1	69	69	0	12	72	1	0	Straight	0.0	21274.9	21346.9	LINESTRING(642.160000 209.280000,643.730000 204.710000)
1	62	2198	1087	1	1	69	69	0	12	72	0	0	U	45.557	21392.4	21404.4	LINESTRING(643.730000 204.710000,642.160000 209.280000)
1	63	1087	1088	1	1	24	24	0	4	24	1	0	Left	11.389	21415.8	21439.8	LINESTRING(642.160000 209.280000,639.900000 205.700000)
1	64	1088	1087	1	1	24	24	0	4	24	0	0	U	45.557	21485.4	21489.4	LINESTRING(639.900000 205.700000,642.160000 209.280000)
1	65	1087	1082	1	1	56	56	0	10	60	0	0	Straight	0.0	21489.4	21499.4	LINESTRING(642.160000 209.280000,643.740000 215.840000)
1	66	1082	679	1	1	39	39	0	7	37	1	0	Right	5.695	21505.1	21542.1	LINESTRING(643.740000 215.840000,648.900000 218.490000)
1	67	679	678	1	1	26	26	0	5	25	1	0	Straight	0.0	21542.1	21567.1	LINESTRING(648.900000 218.490000,652.930000 217.750000)
1	68	678	679	1	1	26	26	0	5	25	0	0	U	45.557	21612.6	21617.6	LINESTRING(652.930000 217.750000,648.900000 218.490000)
1	69	679	1746	1	1	22	22	0	4	24	1	0	Right	5.695	21623.3	21647.3	LINESTRING(648.900000 218.490000,651.370000 222.240000)
1	70	1746	679	1	1	22	22	0	4	24	0	0	U	45.557	21692.9	21696.9	LINESTRING(651.370000 222.240000,648.900000 218.490000)
1	71	679	1082	1	1	39	39	0	7	37	0	0	Straight	0.0	21696.9	21703.9	LINESTRING(648.900000 218.490000,643.740000 215.840000)
1	72	1082	689	1	1	60	60	0	11	71	1	0	Right	5.695	21709.6	21780.6	LINESTRING(643.740000 215.840000,632.310000 228.500000)
1	73	689	688	1	1	78	78	0	14	84	0	0	U	45.557	21826.1	21840.1	LINESTRING(632.310000 228.500000,644.160000 212.200000)
1	74	688	684	1	1	107	107	0	19	119	1	0	U	45.557	21885.7	22004.7	LINESTRING(644.160000 212.200000,641.140000 216.290000)
1	75	684	685	1	1	144	144	0	26	166	1	0	U	45.557	22050.2	22216.2	LINESTRING(641.140000 216.290000,651.540000 205.900000)
1	76	685	696	1	1	164	164	0	30	190	1	0	Left	11.389	22227.6	22417.6	LINESTRING(651.540000 205.900000,662.280000 211.940000)
1	77	696	1085	1	1	169	169	0	30	190	1	0	Right	5.695	22423.3	22613.3	LINESTRING(662.280000 211.940000,675.300000 204.480000)
1	78	1085	2028	1	1	40	40	0	7	47	1	0	Straight	0.0	22613.3	22660.3	LINESTRING(675.300000 204.480000,680.020000 201.820000)
1	79	2028	1085	1	1	40	40	0	7	47	0	0	U	45.557	22705.9	22712.9	LINESTRING(680.020000 201.820000,675.300000 204.480000)
1	80	1085	1808	1	1	105	105	0	19	119	1	0	Right	5.695	22718.6	22837.6	LINESTRING(675.300000 204.480000,678.910000 213.260000)
1	81	1808	2111	1	1	40	40	0	7	47	1	0	Right	5.695	22843.3	22890.3	LINESTRING(678.910000 213.260000,683.930000 210.800000)
1	82	2111	1808	1	1	40	40	0	7	47	0	0	U	45.557	22935.8	22942.8	LINESTRING(683.930000 210.800000,678.910000 213.260000)
1	83	1808	1535	1	1	93	93	0	17	107	1	0	Right	5.695	22948.5	23055.5	LINESTRING(678.910000 213.260000,677.840000 223.610000)
1	84	1535	1041	1	1	82	82	0	15	95	1	0	Straight	0.0	23055.5	23150.5	LINESTRING(677.840000 223.610000,678.450000 233.240000)
1	85	1041	1042	1	1	60	60	0	11	71	1	0	Right	5.695	23156.2	23227.2	LINESTRING(678.450000 233.240000,682.860000 230.380000)
1	86	1042	1041	1	1	60	60	0	11	71	0	0	U	45.557	23272.8	23283.8	LINESTRING(682.860000 230.380000,678.450000 233.240000)
1	87	1041	1021	1	1	82	82	0	15	95	1	0	Right	5.695	23289.5	23384.5	LINESTRING(678.450000 233.240000,681.460000 245.690000)
1	88	1021	602	1	1	85	85	0	15	95	1	0	Straight	0.0	23384.5	23479.5	LINESTRING(681.460000 245.690000,690.550000 254.480000)
1	89	602	2075	1	1	81	81	0	15	95	1	0	Straight	0.0	23479.5	23574.5	LINESTRING(690.550000 254.480000,699.800000 261.560000)
1	90	2075	991	1	1	83	83	0	15	95	1	0	Straight	0.0	23574.5	23669.5	LINESTRING(699.800000 261.560000,707.160000 268.690000)
1	91	991	977	1	1	82	82	0	15	95	1	0	Straight	0.0	23669.5	23764.5	LINESTRING(707.160000 268.690000,711.910000 276.560000)
1	92	977	545	1	1	84	84	0	15	95	1	0	Straight	0.0	23764.5	23859.5	LINESTRING(711.910000 276.560000,713.500000 284.830000)
1	93	545	973	1	1	64	64	0	12	72	1	0	Right	5.695	23865.2	23937.2	LINESTRING(713.500000 284.830000,719.160000 284.070000)
1	94	973	545	1	1	64	64	0	12	72	0	0	U	45.557	23982.7	23994.7	LINESTRING(719.160000 284.070000,713.500000 284.830000)
1	95	545	530	1	1	82	82	0	15	95	1	0	Right	5.695	24000.4	24095.4	LINESTRING(713.500000 284.830000,713.940000 292.550000)
1	96	530	509	1	1	83	83	0	15	95	1	0	Straight	0.0	24095.4	24190.4	LINESTRING(713.940000 292.550000,719.390000 298.550000)
1	97	509	483	1	1	83	83	0	15	95	1	0	Straight	0.0	24190.4	24285.4	LINESTRING(719.390000 298.550000,723.440000 304.640000)
1	98	483	476	1	1	86	86	0	15	95	1	0	Straight	0.0	24285.4	24380.4	LINESTRING(723.440000 304.640000,727.510000 310.170000)
1	99	476	1970	1	1	81	81	0	15	95	1	0	Straight	0.0	24380.4	24475.4	LINESTRING(727.510000 310.170000,733.280000 314.080000)
1	100	1970	913	1	1	83	83	0	15	95	1	0	Straight	0.0	24475.4	24570.4	LINESTRING(733.280000 314.080000,737.160000 319.040000)
1	101	913	912	1	1	83	83	0	15	95	1	0	Straight	0.0	24570.4	24665.4	LINESTRING(737.160000 319.040000,738.140000 324.580000)
1	102	912	415	1	1	86	86	0	15	95	1	0	Straight	0.0	24665.4	24760.4	LINESTRING(738.140000 324.580000,738.970000 329.650000)
1	103	415	1426	1	1	89	89	0	16	96	1	0	Straight	0.0	24760.4	24856.4	LINESTRING(738.970000 329.650000,739.890000 333.050000)
1	104	1426	414	1	1	226	226	0	41	261	1	0	Left	11.389	24867.8	25128.8	LINESTRING(739.890000 333.050000,735.060000 332.430000)
1	105	414	415	1	1	158	158	0	29	179	1	0	U	45.557	25174.4	25353.4	LINESTRING(735.060000 332.430000,738.970000 329.650000)
1	106	415	912	1	1	86	86	0	15	95	0	0	Right	5.695	25359.0	25374.0	LINESTRING(738.970000 329.650000,738.140000 324.580000)
1	107	912	419	1	1	308	308	0	55	355	1	0	Right	5.695	25379.7	25734.7	LINESTRING(738.140000 324.580000,733.850000 325.790000)
1	108	419	418	1	1	80	80	0	14	94	1	0	Straight	0.0	25734.7	25828.7	LINESTRING(733.850000 325.790000,729.890000 330.430000)
1	109	418	414	1	1	163	163	0	29	189	1	0	Right	5.695	25834.4	26023.4	LINESTRING(729.890000 330.430000,735.060000 332.430000)
1	110	414	418	1	1	163	163	0	29	189	0	0	U	45.557	26069.0	26098.0	LINESTRING(735.060000 332.430000,729.890000 330.430000)
1	111	418	861	1	1	78	78	0	14	84	1	0	Straight	0.0	26098.0	26182.0	LINESTRING(729.890000 330.430000,722.500000 331.320000)
1	112	861	480	1	0	0	0	0	11	0	0	0	Straight	0.0	26182.0	26193.0	LINESTRING(722.500000 331.320000,707.330000 320.810000)
1	113	480	481	1	1	419	419	0	75	485	1	0	Straight	0.0	26193.0	26678.0	LINESTRING(707.330000 320.810000,695.260000 308.710000)
1	114	481	479	1	1	290	290	0	52	342	1	0	Straight	0.0	26678.0	27020.0	LINESTRING(695.260000 308.710000,682.870000 305.320000)
1	115	479	463	1	0	0	0	0	18	0	0	0	Right	5.695	27025.7	27043.7	LINESTRING(682.870000 305.320000,682.680000 314.620000)
1	116	463	462	1	1	85	85	0	15	95	1	0	Straight	0.0	27043.7	27138.7	LINESTRING(682.680000 314.620000,683.070000 319.780000)
1	117	462	929	1	1	210	210	0	38	248	1	0	Right	5.695	27144.4	27392.4	LINESTRING(683.070000 319.780000,685.470000 321.050000)
1	118	929	462	1	1	210	210	0	38	248	0	0	U	45.557	27437.9	27475.9	LINESTRING(685.470000 321.050000,683.070000 319.780000)
1	119	462	2071	1	1	79	79	0	14	84	1	0	U	45.557	27521.5	27605.5	LINESTRING(683.070000 319.780000,687.830000 319.870000)
1	120	2071	1481	1	0	0	0	0	13	0	0	0	Right	5.695	27611.2	27624.2	LINESTRING(687.830000 319.870000,688.790000 314.450000)
1	121	1481	1480	1	1	248	248	0	45	285	1	0	Straight	0.0	27624.2	27909.2	LINESTRING(688.790000 314.450000,684.980000 308.440000)
1	122	1480	948	1	1	75	75	0	13	83	1	0	Left	11.389	27920.6	28003.6	LINESTRING(684.980000 308.440000,688.930000 309.060000)
1	123	948	947	1	1	272	272	0	49	319	1	0	U	45.557	28049.1	28368.1	LINESTRING(688.930000 309.060000,684.170000 302.750000)
1	124	947	1679	1	0	0	0	0	21	0	0	0	Straight	0.0	28368.1	28389.1	LINESTRING(684.170000 302.750000,682.150000 300.910000)
1	125	1679	1482	1	1	85	85	0	15	95	1	0	Straight	0.0	28389.1	28484.1	LINESTRING(682.150000 300.910000,680.230000 293.170000)
1	126	1482	2027	1	1	219	219	0	39	249	1	0	Straight	0.0	28484.1	28733.1	LINESTRING(680.230000 293.170000,683.150000 285.810000)
1	127	2027	499	1	1	85	85	0	15	95	0	0	U	45.557	28778.7	28793.7	LINESTRING(683.150000 285.810000,679.920000 296.180000)
1	128	499	498	1	1	178	178	0	32	202	1	0	Straight	0.0	28793.7	28995.7	LINESTRING(679.920000 296.180000,673.310000 301.910000)
1	129	498	932	1	1	250	250	0	45	295	0	0	Straight	0.0	28995.7	29040.7	LINESTRING(673.310000 301.910000,670.580000 307.270000)
1	130	932	2051	1	1	131	131	0	24	154	1	0	Straight	0.0	29040.7	29194.7	LINESTRING(670.580000 307.270000,668.960000 311.910000)
1	131	2051	932	1	1	131	131	0	24	154	0	0	U	45.557	29240.3	29264.3	LINESTRING(668.960000 311.910000,670.580000 307.270000)
1	132	932	931	1	1	262	262	0	47	307	1	0	Right	5.695	29270.0	29577.0	LINESTRING(670.580000 307.270000,668.730000 304.620000)
1	133	931	2180	1	1	43	43	0	8	48	1	0	Right	5.695	29582.6	29630.6	LINESTRING(668.730000 304.620000,664.620000 306.640000)
1	134	2180	931	1	1	43	43	0	8	48	0	0	U	45.557	29676.2	29684.2	LINESTRING(664.620000 306.640000,668.730000 304.620000)
1	135	931	498	1	1	73	73	0	13	83	1	0	Straight	0.0	29684.2	29767.2	LINESTRING(668.730000 304.620000,673.310000 301.910000)
1	136	498	932	1	1	250	250	0	45	295	0	0	U	45.557	29812.8	29857.8	LINESTRING(673.310000 301.910000,670.580000 307.270000)
1	137	932	498	1	1	250	250	0	45	295	1	0	U	45.557	29903.3	30198.3	LINESTRING(670.580000 307.270000,673.310000 301.910000)
1	138	498	499	1	1	178	178	0	32	202	0	0	Straight	0.0	30198.3	30230.3	LINESTRING(673.310000 301.910000,679.920000 296.180000)
1	139	499	2027	1	1	85	85	0	15	95	1	0	Straight	0.0	30230.3	30325.3	LINESTRING(679.920000 296.180000,683.150000 285.810000)
1	140	2027	1652	1	1	85	85	0	15	95	1	0	Straight	0.0	30325.3	30420.3	LINESTRING(683.150000 285.810000,686.920000 273.050000)
1	141	1652	966	1	0	0	0	0	16	0	0	0	Right	5.695	30426.0	30442.0	LINESTRING(686.920000 273.050000,680.630000 272.550000)
1	142	966	967	1	1	49	49	0	9	49	1	0	U	45.557	30487.6	30536.6	LINESTRING(680.630000 272.550000,683.660000 275.500000)
1	143	967	966	1	1	49	49	0	9	49	0	0	U	45.557	30582.1	30591.1	LINESTRING(683.660000 275.500000,680.630000 272.550000)
1	144	966	1743	1	0	0	0	0	17	0	0	0	Straight	0.0	30591.1	30608.1	LINESTRING(680.630000 272.550000,673.300000 270.420000)
1	145	1743	1653	1	0	0	0	0	43	0	0	0	Straight	0.0	30608.1	30651.1	LINESTRING(673.300000 270.420000,665.810000 266.920000)
1	146	1653	1654	1	0	0	0	0	21	0	0	0	Straight	0.0	30651.1	30672.1	LINESTRING(665.810000 266.920000,638.500000 271.880000)
1	147	1654	693	1	0	0	0	0	37	0	0	0	Straight	0.0	30672.1	30709.1	LINESTRING(638.500000 271.880000,605.140000 281.850000)
1	148	693	694	0	0	0	0	0	69	0	0	0	Straight	0.0	30709.1	30778.1	LINESTRING(605.140000 281.850000,568.380000 300.600000)
1	149	694	1089	0	1	26	26	0	5	25	0	0	Straight	0.0	30778.1	30783.1	LINESTRING(568.380000 300.600000,537.710000 299.310000)
1	150	1089	1096	0	1	47	47	0	9	49	0	0	Straight	0.0	30783.1	30792.1	LINESTRING(537.710000 299.310000,521.480000 285.320000)
1	151	1096	1097	0	0	0	0	0	6	0	0	0	Straight	0.0	30792.1	30798.1	LINESTRING(521.480000 285.320000,506.660000 275.680000)
1	152	1097	711	1	0	0	0	0	9	0	0	0	Straight	0.0	30798.1	30807.1	LINESTRING(506.660000 275.680000,489.800000 266.860000)
1	153	711	1084	0	0	0	0	0	7	0	0	0	Straight	0.0	30807.1	30814.1	LINESTRING(489.800000 266.860000,472.410000 259.170000)
1	154	1084	1083	1	0	0	0	0	544	0	0	0	Straight	0.0	30814.1	31358.1	LINESTRING(472.410000 259.170000,446.000000 251.770000)
2	0	1083	1083	-1	-1	0	0	0	0	0	0	300		0.0	31358.1	31658.1	LINESTRING(446.000000 251.770000,446.000000 251.770000)
