Problem Type	Solution Method	Vehicle Capacity (Weight)	Vehicle Capacity(Volume)	Disposal Trips	Route Time	Route Time wo Turns	Computational Time(Sec)	Clustering Time(Sec)	VA(NHO)	VA(ATD)	VA(CCI)	VA(DMT)	VA(ROI)	VA(AOI)	Optimal
MCARPTIF-TP	WJ19	10000	10000	2	31946	28775	130.335	0	0	1039.59	1	19182.5	0.086501	0.0338812	0
Load No	Sequence No	From Node ID	To Node ID	IsEdge	Required	Weight	Volume	Travel Miles	Travel Time	Service Time	Served	Dumped	Turn Type	Turn Cost	Depart Time	Arrival Time	Shape
0	0	2277	922	1	0	0	0	0	91	0	0	300		0.0	300.0	391.0	LINESTRING(360.380000 280.330000,363.400000 284.320000)
0	1	922	923	1	0	0	0	0	20	0	0	0	Straight	0.0	391.0	411.0	LINESTRING(363.400000 284.320000,367.720000 288.770000)
0	2	923	2011	1	0	0	0	0	100	0	0	0	Straight	0.0	411.0	511.0	LINESTRING(367.720000 288.770000,372.780000 294.490000)
0	3	2011	1004	1	0	0	0	0	249	0	0	0	Straight	0.0	511.0	760.0	LINESTRING(372.780000 294.490000,378.590000 301.430000)
0	4	1004	1528	1	0	0	0	0	24	0	0	0	Straight	0.0	760.0	784.0	LINESTRING(378.590000 301.430000,385.690000 307.890000)
0	5	1528	611	0	0	0	0	0	16	0	0	0	Straight	0.0	784.0	800.0	LINESTRING(385.690000 307.890000,386.970000 314.450000)
0	6	611	610	1	0	0	0	0	13	0	0	0	Straight	0.0	800.0	813.0	LINESTRING(386.970000 314.450000,383.270000 322.520000)
0	7	610	951	1	0	0	0	0	5	0	0	0	Straight	0.0	813.0	818.0	LINESTRING(383.270000 322.520000,362.600000 336.160000)
0	8	951	561	1	0	0	0	0	65	0	0	0	Straight	0.0	818.0	883.0	LINESTRING(362.600000 336.160000,341.600000 352.600000)
0	9	561	900	1	0	0	0	0	83	0	0	0	Straight	0.0	883.0	966.0	LINESTRING(341.600000 352.600000,313.770000 368.790000)
0	10	900	1553	1	0	0	0	0	42	0	0	0	Straight	0.0	966.0	1008.0	LINESTRING(313.770000 368.790000,285.870000 384.490000)
0	11	1553	2313	1	0	0	0	0	55	0	0	0	Straight	0.0	1008.0	1063.0	LINESTRING(285.870000 384.490000,258.180000 400.590000)
0	12	2313	1965	1	0	0	0	0	155	0	0	0	Straight	0.0	1063.0	1218.0	LINESTRING(258.180000 400.590000,235.220000 422.080000)
0	13	1965	1000	1	0	0	0	0	214	0	0	0	Straight	0.0	1218.0	1432.0	LINESTRING(235.220000 422.080000,214.990000 456.270000)
0	14	1000	2009	1	0	0	0	0	13	0	0	0	Right	7.158	1439.16	1452.16	LINESTRING(214.990000 456.270000,227.850000 473.010000)
0	15	2009	650	1	0	0	0	0	14	0	0	0	Straight	0.0	1452.16	1466.16	LINESTRING(227.850000 473.010000,250.180000 481.310000)
0	16	650	1649	1	0	0	0	0	26	0	0	0	Straight	0.0	1466.16	1492.16	LINESTRING(250.180000 481.310000,261.950000 490.330000)
0	17	1649	979	1	0	0	0	0	25	0	0	0	Straight	0.0	1492.16	1517.16	LINESTRING(261.950000 490.330000,269.560000 501.340000)
0	18	979	659	1	1	57	57	0	10	60	1	0	Straight	0.0	1517.16	1577.16	LINESTRING(269.560000 501.340000,277.900000 504.820000)
0	19	659	644	1	1	118	118	0	21	131	1	0	Right	7.158	1584.32	1715.32	LINESTRING(277.900000 504.820000,281.450000 502.970000)
0	20	644	659	1	1	118	118	0	21	131	0	0	U	57.264	1772.58	1793.58	LINESTRING(281.450000 502.970000,277.900000 504.820000)
0	21	659	979	1	1	57	57	0	10	60	0	0	Left	14.316	1807.9	1817.9	LINESTRING(277.900000 504.820000,269.560000 501.340000)
0	22	979	992	1	0	0	0	0	101	0	0	0	Right	7.158	1825.05	1926.05	LINESTRING(269.560000 501.340000,272.860000 511.890000)
0	23	992	2117	1	0	0	0	0	12	0	0	0	Straight	0.0	1926.05	1938.05	LINESTRING(272.860000 511.890000,277.680000 521.990000)
0	24	2117	652	1	0	0	0	0	24	0	0	0	Straight	0.0	1938.05	1962.05	LINESTRING(277.680000 521.990000,283.710000 531.040000)
0	25	652	693	1	0	0	0	0	34	0	0	0	Left	14.316	1976.37	2010.37	LINESTRING(283.710000 531.040000,266.140000 539.950000)
0	26	693	694	0	0	0	0	0	25	0	0	0	Straight	0.0	2010.37	2035.37	LINESTRING(266.140000 539.950000,249.370000 543.680000)
0	27	694	2215	1	0	0	0	0	4	0	0	0	Straight	0.0	2035.37	2039.37	LINESTRING(249.370000 543.680000,230.590000 543.690000)
0	28	2215	1002	1	0	0	0	0	4	0	0	0	Right	7.158	2046.53	2050.53	LINESTRING(230.590000 543.690000,236.200000 562.750000)
0	29	1002	707	1	1	120	120	0	22	142	1	0	Straight	0.0	2050.53	2192.53	LINESTRING(236.200000 562.750000,236.070000 575.180000)
0	30	707	660	1	1	269	269	0	48	308	1	0	Straight	0.0	2192.53	2500.53	LINESTRING(236.070000 575.180000,236.490000 587.220000)
0	31	660	661	1	1	193	193	0	35	225	1	0	Straight	0.0	2500.53	2725.53	LINESTRING(236.490000 587.220000,231.510000 603.180000)
0	32	661	681	1	1	79	79	0	14	84	1	0	Straight	0.0	2725.53	2809.53	LINESTRING(231.510000 603.180000,223.860000 614.370000)
0	33	681	692	1	1	75	75	0	14	84	1	0	Straight	0.0	2809.53	2893.53	LINESTRING(223.860000 614.370000,220.940000 618.450000)
0	34	692	681	1	1	75	75	0	14	84	0	0	U	57.264	2950.79	2964.79	LINESTRING(220.940000 618.450000,223.860000 614.370000)
0	35	681	1829	1	1	52	52	0	9	59	1	0	U	57.264	3022.06	3081.06	LINESTRING(223.860000 614.370000,217.010000 624.250000)
0	36	1829	679	1	1	55	55	0	10	60	1	0	Straight	0.0	3081.06	3141.06	LINESTRING(217.010000 624.250000,211.540000 632.010000)
0	37	679	680	1	1	44	44	0	8	48	1	0	Straight	0.0	3141.06	3189.06	LINESTRING(211.540000 632.010000,208.920000 637.960000)
0	38	680	679	1	1	44	44	0	8	48	0	0	U	57.264	3246.32	3254.32	LINESTRING(208.920000 637.960000,211.540000 632.010000)
0	39	679	687	1	1	13	13	0	2	12	1	0	U	57.264	3311.58	3323.58	LINESTRING(211.540000 632.010000,207.380000 635.180000)
0	40	687	679	1	1	13	13	0	2	12	0	0	U	57.264	3380.85	3382.85	LINESTRING(207.380000 635.180000,211.540000 632.010000)
0	41	679	1829	1	1	55	55	0	10	60	0	0	Straight	0.0	3382.85	3392.85	LINESTRING(211.540000 632.010000,217.010000 624.250000)
0	42	1829	1830	1	1	33	33	0	6	36	1	0	U	57.264	3450.11	3486.11	LINESTRING(217.010000 624.250000,214.220000 628.570000)
0	43	1830	1829	1	1	33	33	0	6	36	0	0	U	57.264	3543.38	3549.38	LINESTRING(214.220000 628.570000,217.010000 624.250000)
0	44	1829	681	1	1	52	52	0	9	59	0	0	Straight	0.0	3549.38	3558.38	LINESTRING(217.010000 624.250000,223.860000 614.370000)
0	45	681	661	1	1	79	79	0	14	84	0	0	Straight	0.0	3558.38	3572.38	LINESTRING(223.860000 614.370000,231.510000 603.180000)
0	46	661	2006	1	1	224	224	0	40	260	1	0	Left	14.316	3586.69	3846.69	LINESTRING(231.510000 603.180000,234.740000 612.760000)
0	47	2006	632	1	1	56	56	0	10	60	1	0	Straight	0.0	3846.69	3906.69	LINESTRING(234.740000 612.760000,230.940000 623.330000)
0	48	632	649	1	1	174	174	0	31	201	1	0	Straight	0.0	3906.69	4107.69	LINESTRING(230.940000 623.330000,226.870000 629.820000)
0	49	649	2334	1	1	75	75	0	13	83	0	0	Straight	0.0	4107.69	4120.69	LINESTRING(226.870000 629.820000,225.200000 635.400000)
0	50	2334	631	1	1	108	108	0	19	119	0	0	U	57.264	4177.96	4196.96	LINESTRING(225.200000 635.400000,228.900000 630.490000)
0	51	631	2334	1	1	108	108	0	19	119	1	0	U	57.264	4254.22	4373.22	LINESTRING(228.900000 630.490000,225.200000 635.400000)
0	52	2334	2397	1	1	41	41	0	7	47	1	0	Straight	0.0	4373.22	4420.22	LINESTRING(225.200000 635.400000,222.430000 640.770000)
0	53	2397	2334	1	1	41	41	0	7	47	0	0	U	57.264	4477.48	4484.48	LINESTRING(222.430000 640.770000,225.200000 635.400000)
0	54	2334	649	1	1	75	75	0	13	83	1	0	Straight	0.0	4484.48	4567.48	LINESTRING(225.200000 635.400000,226.870000 629.820000)
0	55	649	631	1	1	314	314	0	57	367	1	0	Left	14.316	4581.8	4948.8	LINESTRING(226.870000 629.820000,228.900000 630.490000)
0	56	631	632	1	1	172	172	0	31	201	1	0	Right	7.158	4955.96	5156.96	LINESTRING(228.900000 630.490000,230.940000 623.330000)
0	57	632	2006	1	1	56	56	0	10	60	0	0	Straight	0.0	5156.96	5166.96	LINESTRING(230.940000 623.330000,234.740000 612.760000)
0	58	2006	1573	1	1	147	147	0	26	166	1	0	Left	14.316	5181.27	5347.27	LINESTRING(234.740000 612.760000,243.780000 608.620000)
0	59	1573	1935	1	1	134	134	0	24	154	1	0	Straight	0.0	5347.27	5501.27	LINESTRING(243.780000 608.620000,250.480000 605.800000)
0	60	1935	1936	1	1	301	301	0	54	354	1	0	Straight	0.0	5501.27	5855.27	LINESTRING(250.480000 605.800000,256.440000 602.660000)
0	61	1936	1574	1	1	141	141	0	25	165	1	0	U	57.264	5912.54	6077.54	LINESTRING(256.440000 602.660000,250.520000 608.160000)
0	62	1574	897	1	1	139	139	0	25	155	1	0	Straight	0.0	6077.54	6232.54	LINESTRING(250.520000 608.160000,247.490000 610.760000)
0	63	897	583	1	1	44	44	0	8	48	1	0	Left	14.316	6246.85	6294.85	LINESTRING(247.490000 610.760000,244.670000 606.440000)
0	64	583	533	1	1	53	53	0	10	60	1	0	Right	7.158	6302.01	6362.01	LINESTRING(244.670000 606.440000,241.760000 607.530000)
0	65	533	1910	1	1	57	57	0	10	60	1	0	Straight	0.0	6362.01	6422.01	LINESTRING(241.760000 607.530000,239.300000 612.580000)
0	66	1910	533	1	1	57	57	0	10	60	0	0	U	57.264	6479.28	6489.28	LINESTRING(239.300000 612.580000,241.760000 607.530000)
0	67	533	532	1	1	88	88	0	16	96	1	0	Straight	0.0	6489.28	6585.28	LINESTRING(241.760000 607.530000,245.680000 603.230000)
0	68	532	1882	1	1	190	190	0	34	224	1	0	Straight	0.0	6585.28	6809.28	LINESTRING(245.680000 603.230000,247.250000 598.450000)
0	69	1882	1833	1	1	46	46	0	8	48	1	0	Straight	0.0	6809.28	6857.28	LINESTRING(247.250000 598.450000,247.930000 593.390000)
0	70	1833	582	1	1	82	82	0	15	95	1	0	U	57.264	6914.54	7009.54	LINESTRING(247.930000 593.390000,243.900000 600.980000)
0	71	582	583	1	1	248	248	0	45	285	1	0	Straight	0.0	7009.54	7294.54	LINESTRING(243.900000 600.980000,244.670000 606.440000)
0	72	583	897	1	1	44	44	0	8	48	0	0	Straight	0.0	7294.54	7302.54	LINESTRING(244.670000 606.440000,247.490000 610.760000)
0	73	897	1574	1	1	139	139	0	25	155	0	0	Right	7.158	7309.7	7334.7	LINESTRING(247.490000 610.760000,250.520000 608.160000)
0	74	1574	1573	1	1	304	304	0	55	355	1	0	U	57.264	7391.96	7746.96	LINESTRING(250.520000 608.160000,243.780000 608.620000)
0	75	1573	582	1	1	140	140	0	25	165	1	0	Left	14.316	7761.28	7926.28	LINESTRING(243.780000 608.620000,243.900000 600.980000)
0	76	582	971	1	1	91	91	0	16	106	1	0	Right	7.158	7933.44	8039.44	LINESTRING(243.900000 600.980000,239.270000 597.370000)
0	77	971	970	1	1	230	230	0	41	271	1	0	Straight	0.0	8039.44	8310.44	LINESTRING(239.270000 597.370000,236.530000 592.640000)
0	78	970	660	1	1	82	82	0	15	95	1	0	Straight	0.0	8310.44	8405.44	LINESTRING(236.530000 592.640000,236.490000 587.220000)
0	79	660	647	1	1	124	124	0	22	142	1	0	Straight	0.0	8405.44	8547.44	LINESTRING(236.490000 587.220000,243.910000 576.010000)
0	80	647	648	1	0	0	0	0	67	0	0	0	Left	14.316	8561.75	8628.75	LINESTRING(243.910000 576.010000,251.630000 583.960000)
0	81	648	934	1	0	0	0	0	5	0	0	0	Right	7.158	8635.91	8640.91	LINESTRING(251.630000 583.960000,262.960000 582.860000)
0	82	934	933	1	0	0	0	0	83	0	0	0	Straight	0.0	8640.91	8723.91	LINESTRING(262.960000 582.860000,277.710000 590.050000)
0	83	933	1959	1	0	0	0	0	39	0	0	0	U	57.264	8781.17	8820.17	LINESTRING(277.710000 590.050000,270.780000 592.420000)
0	84	1959	507	1	1	280	280	0	50	330	1	0	Straight	0.0	8820.17	9150.17	LINESTRING(270.780000 592.420000,264.330000 595.570000)
0	85	507	1936	1	1	142	142	0	26	166	1	0	Straight	0.0	9150.17	9316.17	LINESTRING(264.330000 595.570000,256.440000 602.660000)
0	86	1936	507	1	1	142	142	0	26	166	0	0	U	57.264	9373.44	9399.44	LINESTRING(256.440000 602.660000,264.330000 595.570000)
0	87	507	508	1	1	140	140	0	25	165	1	0	Straight	0.0	9399.44	9564.44	LINESTRING(264.330000 595.570000,268.800000 588.330000)
0	88	508	1782	1	1	98	98	0	18	108	1	0	Straight	0.0	9564.44	9672.44	LINESTRING(268.800000 588.330000,272.840000 579.660000)
0	89	1782	1999	1	1	50	50	0	9	59	1	0	Left	14.316	9686.75	9745.75	LINESTRING(272.840000 579.660000,275.420000 583.410000)
0	90	1999	438	1	1	251	251	0	45	295	1	0	Straight	0.0	9745.75	10040.8	LINESTRING(275.420000 583.410000,279.700000 586.080000)
0	91	438	439	1	1	185	185	0	33	213	1	0	Straight	0.0	10040.8	10253.8	LINESTRING(279.700000 586.080000,281.550000 590.450000)
0	92	439	438	1	1	185	185	0	33	213	0	0	U	57.264	10311.0	10344.0	LINESTRING(281.550000 590.450000,279.700000 586.080000)
0	93	438	2197	1	1	32	32	0	6	36	1	0	Straight	0.0	10344.0	10380.0	LINESTRING(279.700000 586.080000,280.890000 582.220000)
0	94	2197	2196	1	1	182	182	0	33	213	1	0	Straight	0.0	10380.0	10593.0	LINESTRING(280.890000 582.220000,281.850000 578.580000)
0	95	2196	2197	1	1	182	182	0	33	213	0	0	U	57.264	10650.3	10683.3	LINESTRING(281.850000 578.580000,280.890000 582.220000)
0	96	2197	2148	1	1	229	229	0	41	261	1	0	Left	14.316	10697.6	10958.6	LINESTRING(280.890000 582.220000,277.650000 581.680000)
0	97	2148	1999	1	1	50	50	0	9	59	1	0	Right	7.158	10965.8	11024.8	LINESTRING(277.650000 581.680000,275.420000 583.410000)
0	98	1999	1782	1	1	50	50	0	9	59	0	0	Left	14.316	11039.1	11048.1	LINESTRING(275.420000 583.410000,272.840000 579.660000)
0	99	1782	860	1	0	0	0	0	44	0	0	0	Straight	0.0	11048.1	11092.1	LINESTRING(272.840000 579.660000,252.600000 561.700000)
0	100	860	453	1	1	143	143	0	26	166	1	0	Straight	0.0	11092.1	11258.1	LINESTRING(252.600000 561.700000,244.040000 556.960000)
0	101	453	861	1	1	209	209	0	38	238	1	0	Straight	0.0	11258.1	11496.1	LINESTRING(244.040000 556.960000,237.740000 551.340000)
0	102	861	809	1	1	169	169	0	30	190	1	0	Right	7.158	11503.2	11693.2	LINESTRING(237.740000 551.340000,232.210000 553.530000)
0	103	809	791	1	1	108	108	0	19	119	1	0	Straight	0.0	11693.2	11812.2	LINESTRING(232.210000 553.530000,224.980000 551.430000)
0	104	791	413	1	1	238	238	0	43	273	1	0	Left	14.316	11826.5	12099.5	LINESTRING(224.980000 551.430000,218.710000 538.140000)
0	105	413	812	1	1	156	156	0	28	178	1	0	Straight	0.0	12099.5	12277.5	LINESTRING(218.710000 538.140000,211.220000 519.570000)
0	106	812	836	1	1	165	165	0	30	190	1	0	Straight	0.0	12277.5	12467.5	LINESTRING(211.220000 519.570000,202.740000 501.820000)
0	107	836	499	1	1	151	151	0	27	177	1	0	Straight	0.0	12467.5	12644.5	LINESTRING(202.740000 501.820000,193.690000 484.830000)
0	108	499	816	1	1	313	313	0	56	366	1	0	Straight	0.0	12644.5	13010.5	LINESTRING(193.690000 484.830000,184.880000 472.040000)
0	109	816	1635	1	1	206	206	0	37	237	1	0	Straight	0.0	13010.5	13247.5	LINESTRING(184.880000 472.040000,181.430000 470.560000)
0	110	1635	816	1	1	206	206	0	37	237	0	0	U	57.264	13304.8	13341.8	LINESTRING(181.430000 470.560000,184.880000 472.040000)
0	111	816	499	1	1	313	313	0	56	366	0	0	Straight	0.0	13341.8	13397.8	LINESTRING(184.880000 472.040000,193.690000 484.830000)
0	112	499	836	1	1	151	151	0	27	177	0	0	Straight	0.0	13397.8	13424.8	LINESTRING(193.690000 484.830000,202.740000 501.820000)
0	113	836	825	1	1	77	77	0	14	84	1	0	U	57.264	13482.1	13566.1	LINESTRING(202.740000 501.820000,204.380000 495.700000)
0	114	825	822	1	1	54	54	0	10	60	1	0	Straight	0.0	13566.1	13626.1	LINESTRING(204.380000 495.700000,204.930000 490.170000)
0	115	822	821	1	1	14	14	0	2	12	1	0	Straight	0.0	13626.1	13638.1	LINESTRING(204.930000 490.170000,207.630000 487.040000)
0	116	821	822	1	1	14	14	0	2	12	0	0	U	57.264	13695.3	13697.3	LINESTRING(207.630000 487.040000,204.930000 490.170000)
0	117	822	2247	1	1	10	10	0	2	12	1	0	Left	14.316	13711.7	13723.7	LINESTRING(204.930000 490.170000,202.870000 486.690000)
0	118	2247	822	1	1	10	10	0	2	12	0	0	U	57.264	13780.9	13782.9	LINESTRING(202.870000 486.690000,204.930000 490.170000)
0	119	822	825	1	1	54	54	0	10	60	0	0	Straight	0.0	13782.9	13792.9	LINESTRING(204.930000 490.170000,204.380000 495.700000)
0	120	825	826	1	1	29	29	0	5	25	1	0	Right	7.158	13800.1	13825.1	LINESTRING(204.380000 495.700000,207.790000 494.570000)
0	121	826	825	1	1	29	29	0	5	25	0	0	U	57.264	13882.3	13887.3	LINESTRING(207.790000 494.570000,204.380000 495.700000)
0	122	825	836	1	1	77	77	0	14	84	0	0	Right	7.158	13894.5	13908.5	LINESTRING(204.380000 495.700000,202.740000 501.820000)
0	123	836	812	1	1	165	165	0	30	190	0	0	Straight	0.0	13908.5	13938.5	LINESTRING(202.740000 501.820000,211.220000 519.570000)
0	124	812	413	1	1	156	156	0	28	178	0	0	Straight	0.0	13938.5	13966.5	LINESTRING(211.220000 519.570000,218.710000 538.140000)
0	125	413	412	1	1	9	9	0	2	2	1	0	Straight	0.0	13966.5	13968.5	LINESTRING(218.710000 538.140000,222.750000 551.150000)
0	126	412	395	1	0	0	0	0	33	0	0	0	Straight	0.0	13968.5	14001.5	LINESTRING(222.750000 551.150000,220.350000 567.820000)
0	127	395	2119	1	0	0	0	0	17	0	0	0	Right	7.158	14008.7	14025.7	LINESTRING(220.350000 567.820000,232.170000 576.060000)
0	128	2119	1780	1	0	0	0	0	4	0	0	0	Straight	0.0	14025.7	14029.7	LINESTRING(232.170000 576.060000,245.150000 589.790000)
0	129	1780	730	1	0	0	0	0	61	0	0	0	Straight	0.0	14029.7	14090.7	LINESTRING(245.150000 589.790000,267.400000 594.330000)
0	130	730	1583	1	0	0	0	0	18	0	0	0	Right	7.158	14097.8	14115.8	LINESTRING(267.400000 594.330000,268.150000 574.690000)
0	131	1583	714	1	0	0	0	0	14	0	0	0	Left	14.316	14130.1	14144.1	LINESTRING(268.150000 574.690000,277.120000 574.350000)
0	132	714	286	1	1	141	141	0	25	165	1	0	Straight	0.0	14144.1	14309.1	LINESTRING(277.120000 574.350000,285.340000 578.380000)
0	133	286	287	1	0	0	0	0	22	0	0	0	Straight	0.0	14309.1	14331.1	LINESTRING(285.340000 578.380000,292.080000 583.720000)
0	134	287	673	1	0	0	0	0	22	0	0	0	Straight	0.0	14331.1	14353.1	LINESTRING(292.080000 583.720000,300.320000 593.350000)
0	135	673	251	1	0	0	0	0	21	0	0	0	Straight	0.0	14353.1	14374.1	LINESTRING(300.320000 593.350000,312.320000 609.680000)
0	136	251	252	1	0	0	0	0	81	0	0	0	Straight	0.0	14374.1	14455.1	LINESTRING(312.320000 609.680000,335.510000 624.770000)
0	137	252	203	1	0	0	0	0	40	0	0	0	Straight	0.0	14455.1	14495.1	LINESTRING(335.510000 624.770000,355.840000 637.410000)
0	138	203	1601	1	0	0	0	0	13	0	0	0	Straight	0.0	14495.1	14508.1	LINESTRING(355.840000 637.410000,369.240000 649.570000)
0	139	1601	1581	1	0	0	0	0	13	0	0	0	Straight	0.0	14508.1	14521.1	LINESTRING(369.240000 649.570000,380.570000 661.590000)
0	140	1581	1582	1	0	0	0	0	11	0	0	0	Straight	0.0	14521.1	14532.1	LINESTRING(380.570000 661.590000,391.260000 673.630000)
0	141	1582	1742	1	0	0	0	0	17	0	0	0	Straight	0.0	14532.1	14549.1	LINESTRING(391.260000 673.630000,399.750000 686.190000)
0	142	1742	1580	1	1	127	127	0	23	143	1	0	Straight	0.0	14549.1	14692.1	LINESTRING(399.750000 686.190000,410.560000 690.600000)
0	143	1580	151	1	0	0	0	0	21	0	0	0	Right	7.158	14699.3	14720.3	LINESTRING(410.560000 690.600000,418.980000 686.290000)
0	144	151	1585	1	0	0	0	0	18	0	0	0	Right	7.158	14727.4	14745.4	LINESTRING(418.980000 686.290000,418.830000 675.780000)
0	145	1585	514	1	0	0	0	0	14	0	0	0	Left	14.316	14759.8	14773.8	LINESTRING(418.830000 675.780000,430.950000 678.370000)
0	146	514	486	1	0	0	0	0	9	0	0	0	Straight	0.0	14773.8	14782.8	LINESTRING(430.950000 678.370000,444.490000 676.290000)
0	147	486	1699	0	0	0	0	0	22	0	0	0	Left	14.316	14797.1	14819.1	LINESTRING(444.490000 676.290000,441.830000 684.560000)
0	148	1699	1929	0	1	81	81	0	15	95	1	0	Straight	0.0	14819.1	14914.1	LINESTRING(441.830000 684.560000,437.710000 689.110000)
0	149	1929	491	1	0	0	0	0	4	0	0	0	Straight	0.0	14914.1	14918.1	LINESTRING(437.710000 689.110000,431.430000 689.950000)
0	150	491	152	1	0	0	0	0	11	0	0	0	Left	14.316	14932.4	14943.4	LINESTRING(431.430000 689.950000,426.740000 684.830000)
0	151	152	514	1	1	137	137	0	25	155	1	0	Left	14.316	14957.7	15112.7	LINESTRING(426.740000 684.830000,430.950000 678.370000)
0	152	514	486	1	0	0	0	0	9	0	0	0	Left	14.316	15127.0	15136.0	LINESTRING(430.950000 678.370000,444.490000 676.290000)
0	153	486	138	1	0	0	0	0	3	0	0	0	Left	14.316	15150.3	15153.3	LINESTRING(444.490000 676.290000,454.680000 686.670000)
0	154	138	137	1	0	0	0	0	13	0	0	0	Straight	0.0	15153.3	15166.3	LINESTRING(454.680000 686.670000,454.930000 705.990000)
0	155	137	1542	1	0	0	0	0	48	0	0	0	Straight	0.0	15166.3	15214.3	LINESTRING(454.930000 705.990000,460.680000 722.910000)
0	156	1542	1606	1	0	0	0	0	33	0	0	0	Straight	0.0	15214.3	15247.3	LINESTRING(460.680000 722.910000,463.440000 736.970000)
0	157	1606	1918	1	0	0	0	0	22	0	0	0	Straight	0.0	15247.3	15269.3	LINESTRING(463.440000 736.970000,467.490000 746.760000)
0	158	1918	101	1	0	0	0	0	17	0	0	0	Straight	0.0	15269.3	15286.3	LINESTRING(467.490000 746.760000,474.250000 752.240000)
0	159	101	381	1	0	0	0	0	23	0	0	0	Straight	0.0	15286.3	15309.3	LINESTRING(474.250000 752.240000,482.350000 756.420000)
0	160	381	85	1	0	0	0	0	12	0	0	0	Right	7.158	15316.5	15328.5	LINESTRING(482.350000 756.420000,488.340000 751.430000)
0	161	85	84	1	1	108	108	0	19	119	1	0	Straight	0.0	15328.5	15447.5	LINESTRING(488.340000 751.430000,490.680000 739.140000)
0	162	84	68	1	0	0	0	0	18	0	0	0	Straight	0.0	15447.5	15465.5	LINESTRING(490.680000 739.140000,494.870000 726.110000)
0	163	68	338	1	0	0	0	0	23	0	0	0	Straight	0.0	15465.5	15488.5	LINESTRING(494.870000 726.110000,495.210000 712.480000)
0	164	338	339	0	0	0	0	0	5	0	0	0	Left	14.316	15502.8	15507.8	LINESTRING(495.210000 712.480000,499.160000 712.810000)
0	165	339	1534	0	0	0	0	0	8	0	0	0	Right	7.158	15515.0	15523.0	LINESTRING(499.160000 712.810000,501.900000 709.590000)
0	166	1534	342	0	0	0	0	0	16	0	0	0	Straight	0.0	15523.0	15539.0	LINESTRING(501.900000 709.590000,503.320000 703.520000)
0	167	342	343	0	0	0	0	0	2	0	0	0	Straight	0.0	15539.0	15541.0	LINESTRING(503.320000 703.520000,510.350000 698.760000)
0	168	343	69	0	0	0	0	0	19	0	0	0	Straight	0.0	15541.0	15560.0	LINESTRING(510.350000 698.760000,520.080000 691.680000)
0	169	69	1768	1	0	0	0	0	18	0	0	0	Straight	0.0	15560.0	15578.0	LINESTRING(520.080000 691.680000,540.370000 687.820000)
0	170	1768	66	1	0	0	0	0	14	0	0	0	Straight	0.0	15578.0	15592.0	LINESTRING(540.370000 687.820000,556.580000 691.140000)
0	171	66	49	1	1	378	378	0	68	438	1	0	Straight	0.0	15592.0	16030.0	LINESTRING(556.580000 691.140000,570.070000 693.360000)
0	172	49	50	1	0	0	0	0	30	0	0	0	Straight	0.0	16030.0	16060.0	LINESTRING(570.070000 693.360000,584.700000 694.990000)
0	173	50	257	1	0	0	0	0	45	0	0	0	Straight	0.0	16060.0	16105.0	LINESTRING(584.700000 694.990000,600.480000 697.780000)
0	174	257	258	1	0	0	0	0	11	0	0	0	Straight	0.0	16105.0	16116.0	LINESTRING(600.480000 697.780000,611.780000 700.690000)
0	175	258	1628	1	0	0	0	0	29	0	0	0	Straight	0.0	16116.0	16145.0	LINESTRING(611.780000 700.690000,621.570000 702.860000)
0	176	1628	1793	1	0	0	0	0	32	0	0	0	Straight	0.0	16145.0	16177.0	LINESTRING(621.570000 702.860000,630.310000 703.050000)
0	177	1793	1532	1	1	253	253	0	46	296	1	0	U	57.264	16234.2	16530.2	LINESTRING(630.310000 703.050000,625.980000 701.130000)
0	178	1532	1533	1	0	0	0	0	20	0	0	0	Left	14.316	16544.6	16564.6	LINESTRING(625.980000 701.130000,625.310000 695.350000)
0	179	1533	1693	1	1	98	98	0	18	108	1	0	Right	7.158	16571.7	16679.7	LINESTRING(625.310000 695.350000,617.280000 698.260000)
0	180	1693	1533	1	1	98	98	0	18	108	0	0	U	57.264	16737.0	16755.0	LINESTRING(617.280000 698.260000,625.310000 695.350000)
0	181	1533	32	1	0	0	0	0	30	0	0	0	Straight	0.0	16755.0	16785.0	LINESTRING(625.310000 695.350000,631.270000 688.320000)
0	182	32	33	1	0	0	0	0	17	0	0	0	Straight	0.0	16785.0	16802.0	LINESTRING(631.270000 688.320000,638.060000 686.870000)
0	183	33	226	1	0	0	0	0	15	0	0	0	Right	7.158	16809.1	16824.1	LINESTRING(638.060000 686.870000,642.220000 673.250000)
0	184	226	227	1	0	0	0	0	17	0	0	0	Straight	0.0	16824.1	16841.1	LINESTRING(642.220000 673.250000,650.280000 656.620000)
0	185	227	39	1	0	0	0	0	17	0	0	0	Right	7.158	16848.3	16865.3	LINESTRING(650.280000 656.620000,638.070000 657.560000)
0	186	39	266	1	0	0	0	0	12	0	0	0	Left	14.316	16879.6	16891.6	LINESTRING(638.070000 657.560000,638.750000 649.990000)
0	187	266	1812	1	0	0	0	0	13	0	0	0	Straight	0.0	16891.6	16904.6	LINESTRING(638.750000 649.990000,636.890000 647.710000)
0	188	1812	46	1	0	0	0	0	9	0	0	0	Left	14.316	16918.9	16927.9	LINESTRING(636.890000 647.710000,637.530000 642.270000)
0	189	46	45	1	0	0	0	0	65	0	0	0	Straight	0.0	16927.9	16992.9	LINESTRING(637.530000 642.270000,635.450000 632.710000)
0	190	45	281	1	0	0	0	0	13	0	0	0	Straight	0.0	16992.9	17005.9	LINESTRING(635.450000 632.710000,638.800000 625.500000)
0	191	281	306	1	0	0	0	0	26	0	0	0	Straight	0.0	17005.9	17031.9	LINESTRING(638.800000 625.500000,641.290000 621.490000)
0	192	306	305	1	0	0	0	0	15	0	0	0	Right	7.158	17039.1	17054.1	LINESTRING(641.290000 621.490000,636.460000 618.050000)
0	193	305	2089	1	0	0	0	0	16	0	0	0	Straight	0.0	17054.1	17070.1	LINESTRING(636.460000 618.050000,630.480000 610.120000)
0	194	2089	1597	1	0	0	0	0	19	0	0	0	Straight	0.0	17070.1	17089.1	LINESTRING(630.480000 610.120000,626.430000 597.340000)
0	195	1597	1560	1	0	0	0	0	26	0	0	0	Straight	0.0	17089.1	17115.1	LINESTRING(626.430000 597.340000,629.370000 580.450000)
0	196	1560	1980	1	0	0	0	0	53	0	0	0	Straight	0.0	17115.1	17168.1	LINESTRING(629.370000 580.450000,635.720000 561.930000)
0	197	1980	1925	1	0	0	0	0	2	0	0	0	Straight	0.0	17168.1	17170.1	LINESTRING(635.720000 561.930000,641.040000 541.960000)
0	198	1925	1154	0	0	0	0	0	24	0	0	0	Right	7.158	17177.2	17201.2	LINESTRING(641.040000 541.960000,628.400000 534.790000)
0	199	1154	1155	0	0	0	0	0	10	0	0	0	Straight	0.0	17201.2	17211.2	LINESTRING(628.400000 534.790000,624.300000 528.770000)
0	200	1155	1384	1	0	0	0	0	9	0	0	0	Left	14.316	17225.6	17234.6	LINESTRING(624.300000 528.770000,628.650000 522.130000)
0	201	1384	1404	1	0	0	0	0	31	0	0	0	Right	7.158	17241.7	17272.7	LINESTRING(628.650000 522.130000,617.990000 518.720000)
0	202	1404	1726	0	1	30	30	0	5	35	1	0	Straight	0.0	17272.7	17307.7	LINESTRING(617.990000 518.720000,611.200000 513.180000)
0	203	1726	1398	0	0	0	0	0	22	0	0	0	Straight	0.0	17307.7	17329.7	LINESTRING(611.200000 513.180000,606.000000 503.990000)
0	204	1398	1399	0	0	0	0	0	48	0	0	0	Right	7.158	17336.9	17384.9	LINESTRING(606.000000 503.990000,588.790000 516.590000)
0	205	1399	1170	0	0	0	0	0	2	0	0	0	Straight	0.0	17384.9	17386.9	LINESTRING(588.790000 516.590000,577.940000 535.120000)
0	206	1170	1390	0	0	0	0	0	1	0	0	0	Right	7.158	17394.0	17395.0	LINESTRING(577.940000 535.120000,590.940000 538.410000)
0	207	1390	1168	0	0	0	0	0	6	0	0	0	Left	14.316	17409.3	17415.3	LINESTRING(590.940000 538.410000,595.630000 547.920000)
0	208	1168	1163	0	0	0	0	0	3	0	0	0	Straight	0.0	17415.3	17418.3	LINESTRING(595.630000 547.920000,604.200000 555.860000)
0	209	1163	1164	0	0	0	0	0	7	0	0	0	Straight	0.0	17418.3	17425.3	LINESTRING(604.200000 555.860000,616.380000 560.090000)
0	210	1164	1980	0	0	0	0	0	47	0	0	0	Straight	0.0	17425.3	17472.3	LINESTRING(616.380000 560.090000,635.720000 561.930000)
0	211	1980	1306	0	0	0	0	0	154	0	0	0	Straight	0.0	17472.3	17626.3	LINESTRING(635.720000 561.930000,654.820000 566.300000)
0	212	1306	1307	0	0	0	0	0	37	0	0	0	Right	7.158	17633.5	17670.5	LINESTRING(654.820000 566.300000,667.430000 553.850000)
0	213	1307	1732	0	0	0	0	0	18	0	0	0	Straight	0.0	17670.5	17688.5	LINESTRING(667.430000 553.850000,676.830000 553.640000)
0	214	1732	1508	0	0	0	0	0	24	0	0	0	Right	7.158	17695.7	17719.7	LINESTRING(676.830000 553.640000,679.330000 550.700000)
1	0	1508	1509	0	0	0	0	0	23	0	0	300		0.0	18019.7	18042.7	LINESTRING(679.330000 550.700000,677.610000 547.310000)
1	1	1509	1507	0	0	0	0	0	18	0	0	0	Straight	0.0	18042.7	18060.7	LINESTRING(677.610000 547.310000,676.530000 540.560000)
1	2	1507	1924	0	0	0	0	0	37	0	0	0	Right	7.158	18067.8	18104.8	LINESTRING(676.530000 540.560000,657.710000 548.810000)
1	3	1924	1925	0	0	0	0	0	153	0	0	0	Left	14.316	18119.1	18272.1	LINESTRING(657.710000 548.810000,641.040000 541.960000)
1	4	1925	1154	0	0	0	0	0	24	0	0	0	Straight	0.0	18272.1	18296.1	LINESTRING(641.040000 541.960000,628.400000 534.790000)
1	5	1154	1155	0	0	0	0	0	10	0	0	0	Straight	0.0	18296.1	18306.1	LINESTRING(628.400000 534.790000,624.300000 528.770000)
1	6	1155	1384	1	0	0	0	0	9	0	0	0	Left	14.316	18320.5	18329.5	LINESTRING(624.300000 528.770000,628.650000 522.130000)
1	7	1384	1404	1	0	0	0	0	31	0	0	0	Right	7.158	18336.6	18367.6	LINESTRING(628.650000 522.130000,617.990000 518.720000)
1	8	1404	1726	0	1	30	30	0	5	35	0	0	Straight	0.0	18367.6	18372.6	LINESTRING(617.990000 518.720000,611.200000 513.180000)
1	9	1726	1398	0	0	0	0	0	22	0	0	0	Straight	0.0	18372.6	18394.6	LINESTRING(611.200000 513.180000,606.000000 503.990000)
1	10	1398	1394	1	0	0	0	0	14	0	0	0	Left	14.316	18408.9	18422.9	LINESTRING(606.000000 503.990000,620.210000 487.490000)
1	11	1394	1713	1	0	0	0	0	18	0	0	0	Right	7.158	18430.1	18448.1	LINESTRING(620.210000 487.490000,603.760000 462.320000)
1	12	1713	1385	1	0	0	0	0	168	0	0	0	Straight	0.0	18448.1	18616.1	LINESTRING(603.760000 462.320000,587.070000 437.240000)
1	13	1385	1386	1	0	0	0	0	30	0	0	0	Straight	0.0	18616.1	18646.1	LINESTRING(587.070000 437.240000,568.840000 412.620000)
1	14	1386	1860	1	0	0	0	0	59	0	0	0	Straight	0.0	18646.1	18705.1	LINESTRING(568.840000 412.620000,555.530000 383.190000)
1	15	1860	1562	1	0	0	0	0	90	0	0	0	Straight	0.0	18705.1	18795.1	LINESTRING(555.530000 383.190000,551.710000 349.140000)
1	16	1562	1521	1	0	0	0	0	121	0	0	0	Straight	0.0	18795.1	18916.1	LINESTRING(551.710000 349.140000,546.500000 315.010000)
1	17	1521	1371	1	1	85	85	0	15	95	1	0	Straight	0.0	18916.1	19011.1	LINESTRING(546.500000 315.010000,545.320000 296.860000)
1	18	1371	1837	1	1	182	182	0	33	213	1	0	Straight	0.0	19011.1	19224.1	LINESTRING(545.320000 296.860000,543.000000 279.130000)
1	19	1837	1094	1	1	613	613	0	110	720	1	0	Straight	0.0	19224.1	19944.1	LINESTRING(543.000000 279.130000,534.810000 270.190000)
1	20	1094	1093	1	1	424	424	0	76	496	1	0	Straight	0.0	19944.1	20440.1	LINESTRING(534.810000 270.190000,525.620000 263.500000)
1	21	1093	1332	1	1	521	521	0	94	614	1	0	Straight	0.0	20440.1	21054.1	LINESTRING(525.620000 263.500000,515.560000 259.190000)
1	22	1332	1331	1	1	94	94	0	17	107	1	0	Straight	0.0	21054.1	21161.1	LINESTRING(515.560000 259.190000,506.030000 254.650000)
1	23	1331	1324	1	1	105	105	0	19	119	1	0	Straight	0.0	21161.1	21280.1	LINESTRING(506.030000 254.650000,502.590000 249.660000)
1	24	1324	1333	1	1	98	98	0	18	108	1	0	Left	14.316	21294.4	21402.4	LINESTRING(502.590000 249.660000,504.170000 245.010000)
1	25	1333	1334	1	1	176	176	0	32	202	1	0	Left	14.316	21416.7	21618.7	LINESTRING(504.170000 245.010000,509.470000 242.540000)
1	26	1334	1979	1	1	170	170	0	31	201	1	0	Left	14.316	21633.0	21834.0	LINESTRING(509.470000 242.540000,514.100000 246.290000)
1	27	1979	1978	1	1	248	248	0	45	285	1	0	Left	14.316	21848.3	22133.3	LINESTRING(514.100000 246.290000,514.120000 250.690000)
1	28	1978	2081	1	1	94	94	0	17	107	1	0	Straight	0.0	22133.3	22240.3	LINESTRING(514.120000 250.690000,513.770000 255.720000)
1	29	2081	1332	1	1	96	96	0	17	107	1	0	Straight	0.0	22240.3	22347.3	LINESTRING(513.770000 255.720000,515.560000 259.190000)
1	30	1332	2081	1	1	96	96	0	17	107	0	0	U	57.264	22404.6	22421.6	LINESTRING(515.560000 259.190000,513.770000 255.720000)
1	31	2081	1911	1	1	381	381	0	69	449	1	0	Left	14.316	22435.9	22884.9	LINESTRING(513.770000 255.720000,515.420000 253.800000)
1	32	1911	1978	1	1	191	191	0	34	224	1	0	Right	7.158	22892.1	23116.1	LINESTRING(515.420000 253.800000,514.120000 250.690000)
1	33	1978	1911	1	1	191	191	0	34	224	0	0	U	57.264	23173.3	23207.3	LINESTRING(514.120000 250.690000,515.420000 253.800000)
1	34	1911	1809	1	1	237	237	0	43	273	1	0	Right	7.158	23214.5	23487.5	LINESTRING(515.420000 253.800000,518.730000 249.620000)
1	35	1809	1563	1	1	100	100	0	18	118	1	0	Left	14.316	23501.8	23619.8	LINESTRING(518.730000 249.620000,524.740000 249.450000)
1	36	1563	1337	1	0	0	0	0	36	0	0	0	Right	7.158	23627.0	23663.0	LINESTRING(524.740000 249.450000,526.290000 242.780000)
1	37	1337	1336	1	1	96	96	0	17	107	1	0	Right	7.158	23670.1	23777.1	LINESTRING(526.290000 242.780000,521.400000 237.110000)
1	38	1336	1090	1	1	79	79	0	14	84	1	0	Left	14.316	23791.5	23875.5	LINESTRING(521.400000 237.110000,525.070000 232.080000)
1	39	1090	1963	1	1	62	62	0	11	71	1	0	Left	14.316	23889.8	23960.8	LINESTRING(525.070000 232.080000,533.000000 232.780000)
1	40	1963	1099	1	1	60	60	0	11	71	0	0	Straight	0.0	23960.8	23971.8	LINESTRING(533.000000 232.780000,539.620000 237.460000)
1	41	1099	1102	1	1	238	238	0	43	273	0	0	Straight	0.0	23971.8	24014.8	LINESTRING(539.620000 237.460000,542.930000 243.810000)
1	42	1102	1653	1	1	160	160	0	29	189	0	0	Straight	0.0	24014.8	24043.8	LINESTRING(542.930000 243.810000,543.320000 250.080000)
1	43	1653	1348	1	1	44	44	0	8	48	1	0	Straight	0.0	24043.8	24091.8	LINESTRING(543.320000 250.080000,546.020000 257.300000)
1	44	1348	1653	1	1	44	44	0	8	48	0	0	U	57.264	24149.0	24157.0	LINESTRING(546.020000 257.300000,543.320000 250.080000)
1	45	1653	1101	1	1	116	116	0	21	131	1	0	Right	7.158	24164.2	24295.2	LINESTRING(543.320000 250.080000,537.650000 248.580000)
1	46	1101	1100	1	1	177	177	0	32	202	1	0	Straight	0.0	24295.2	24497.2	LINESTRING(537.650000 248.580000,532.510000 244.480000)
1	47	1100	1141	1	1	62	62	0	11	71	1	0	Left	14.316	24511.5	24582.5	LINESTRING(532.510000 244.480000,534.660000 240.260000)
1	48	1141	1100	1	1	62	62	0	11	71	0	0	U	57.264	24639.8	24650.8	LINESTRING(534.660000 240.260000,532.510000 244.480000)
1	49	1100	1337	1	1	104	104	0	19	119	1	0	Left	14.316	24665.1	24784.1	LINESTRING(532.510000 244.480000,526.290000 242.780000)
1	50	1337	1563	1	0	0	0	0	36	0	0	0	Right	7.158	24791.2	24827.2	LINESTRING(526.290000 242.780000,524.740000 249.450000)
1	51	1563	1086	1	1	257	257	0	46	296	1	0	Straight	0.0	24827.2	25123.2	LINESTRING(524.740000 249.450000,527.020000 256.550000)
1	52	1086	1093	1	1	97	97	0	17	107	1	0	Straight	0.0	25123.2	25230.2	LINESTRING(527.020000 256.550000,525.620000 263.500000)
1	53	1093	1086	1	1	97	97	0	17	107	0	0	U	57.264	25287.5	25304.5	LINESTRING(525.620000 263.500000,527.020000 256.550000)
1	54	1086	1085	1	1	101	101	0	18	118	1	0	Left	14.316	25318.8	25436.8	LINESTRING(527.020000 256.550000,532.230000 256.900000)
1	55	1085	2066	1	1	92	92	0	17	107	1	0	Straight	0.0	25436.8	25543.8	LINESTRING(532.230000 256.900000,536.020000 258.790000)
1	56	2066	2067	1	1	210	210	0	38	248	1	0	Left	14.316	25558.1	25806.1	LINESTRING(536.020000 258.790000,537.570000 264.330000)
1	57	2067	1094	1	1	94	94	0	17	107	1	0	Straight	0.0	25806.1	25913.1	LINESTRING(537.570000 264.330000,534.810000 270.190000)
1	58	1094	2067	1	1	94	94	0	17	107	0	0	U	57.264	25970.4	25987.4	LINESTRING(534.810000 270.190000,537.570000 264.330000)
1	59	2067	1344	1	1	129	129	0	23	143	1	0	Left	14.316	26001.7	26144.7	LINESTRING(537.570000 264.330000,542.290000 263.910000)
1	60	1344	1343	1	1	232	232	0	42	272	1	0	Straight	0.0	26144.7	26416.7	LINESTRING(542.290000 263.910000,546.410000 260.640000)
1	61	1343	1348	1	1	69	69	0	12	72	1	0	Right	7.158	26423.9	26495.9	LINESTRING(546.410000 260.640000,546.020000 257.300000)
1	62	1348	1653	1	1	44	44	0	8	48	0	0	Straight	0.0	26495.9	26503.9	LINESTRING(546.020000 257.300000,543.320000 250.080000)
1	63	1653	1102	1	1	160	160	0	29	189	1	0	Straight	0.0	26503.9	26692.9	LINESTRING(543.320000 250.080000,542.930000 243.810000)
1	64	1102	1099	1	1	238	238	0	43	273	1	0	Straight	0.0	26692.9	26965.9	LINESTRING(542.930000 243.810000,539.620000 237.460000)
1	65	1099	1963	1	1	60	60	0	11	71	1	0	Straight	0.0	26965.9	27036.9	LINESTRING(539.620000 237.460000,533.000000 232.780000)
1	66	1963	1346	1	1	368	368	0	66	426	1	0	Left	14.316	27051.2	27477.2	LINESTRING(533.000000 232.780000,533.120000 228.180000)
1	67	1346	2291	1	1	93	93	0	17	107	1	0	Right	7.158	27484.4	27591.4	LINESTRING(533.120000 228.180000,523.840000 227.070000)
1	68	2291	1640	1	1	188	188	0	34	214	1	0	Straight	0.0	27591.4	27805.4	LINESTRING(523.840000 227.070000,517.620000 222.460000)
1	69	1640	2082	1	1	94	94	0	17	107	1	0	Straight	0.0	27805.4	27912.4	LINESTRING(517.620000 222.460000,516.030000 217.790000)
1	70	2082	1640	1	1	94	94	0	17	107	0	0	U	57.264	27969.6	27986.6	LINESTRING(516.030000 217.790000,517.620000 222.460000)
1	71	1640	1091	1	1	342	342	0	62	402	1	0	Left	14.316	28000.9	28402.9	LINESTRING(517.620000 222.460000,511.370000 225.280000)
1	72	1091	1329	1	1	45	45	0	8	48	1	0	Straight	0.0	28402.9	28450.9	LINESTRING(511.370000 225.280000,506.610000 230.200000)
1	73	1329	1092	1	1	33	33	0	6	36	1	0	U	57.264	28508.2	28544.2	LINESTRING(506.610000 230.200000,512.920000 228.160000)
1	74	1092	1091	1	1	19	19	0	3	13	1	0	Right	7.158	28551.4	28564.4	LINESTRING(512.920000 228.160000,511.370000 225.280000)
1	75	1091	1092	1	1	19	19	0	3	13	0	0	U	57.264	28621.6	28624.6	LINESTRING(511.370000 225.280000,512.920000 228.160000)
1	76	1092	1089	1	1	183	183	0	33	213	1	0	Right	7.158	28631.8	28844.8	LINESTRING(512.920000 228.160000,519.740000 229.340000)
1	77	1089	1090	1	1	126	126	0	23	143	0	0	Straight	0.0	28844.8	28867.8	LINESTRING(519.740000 229.340000,525.070000 232.080000)
1	78	1090	1336	1	1	79	79	0	14	84	0	0	Left	14.316	28882.1	28896.1	LINESTRING(525.070000 232.080000,521.400000 237.110000)
1	79	1336	1088	1	1	98	98	0	18	108	1	0	Left	14.316	28910.4	29018.4	LINESTRING(521.400000 237.110000,513.620000 236.660000)
1	80	1088	1336	1	1	98	98	0	18	108	0	0	U	57.264	29075.7	29093.7	LINESTRING(513.620000 236.660000,521.400000 237.110000)
1	81	1336	1090	1	1	79	79	0	14	84	0	0	Right	7.158	29100.8	29114.8	LINESTRING(521.400000 237.110000,525.070000 232.080000)
1	82	1090	1089	1	1	126	126	0	23	143	1	0	Right	7.158	29122.0	29265.0	LINESTRING(525.070000 232.080000,519.740000 229.340000)
1	83	1089	2291	1	1	375	375	0	67	437	1	0	Left	14.316	29279.3	29716.3	LINESTRING(519.740000 229.340000,523.840000 227.070000)
1	84	2291	1346	1	1	93	93	0	17	107	0	0	Straight	0.0	29716.3	29733.3	LINESTRING(523.840000 227.070000,533.120000 228.180000)
1	85	1346	1347	1	1	98	98	0	18	108	1	0	Straight	0.0	29733.3	29841.3	LINESTRING(533.120000 228.180000,541.740000 230.290000)
1	86	1347	1939	1	1	95	95	0	17	107	1	0	Straight	0.0	29841.3	29948.3	LINESTRING(541.740000 230.290000,545.380000 234.630000)
1	87	1939	1098	1	1	96	96	0	17	107	1	0	Left	14.316	29962.6	30069.6	LINESTRING(545.380000 234.630000,544.170000 239.860000)
1	88	1098	1099	1	1	95	95	0	17	107	1	0	Left	14.316	30083.9	30190.9	LINESTRING(544.170000 239.860000,539.620000 237.460000)
1	89	1099	1102	1	1	238	238	0	43	273	0	0	U	57.264	30248.2	30291.2	LINESTRING(539.620000 237.460000,542.930000 243.810000)
1	90	1102	1653	1	1	160	160	0	29	189	0	0	Straight	0.0	30291.2	30320.2	LINESTRING(542.930000 243.810000,543.320000 250.080000)
1	91	1653	1348	1	1	44	44	0	8	48	0	0	Straight	0.0	30320.2	30328.2	LINESTRING(543.320000 250.080000,546.020000 257.300000)
1	92	1348	1362	1	0	0	0	0	19	0	0	0	Straight	0.0	30328.2	30347.2	LINESTRING(546.020000 257.300000,546.570000 264.830000)
1	93	1362	1837	1	0	0	0	0	17	0	0	0	Straight	0.0	30347.2	30364.2	LINESTRING(546.570000 264.830000,543.000000 279.130000)
1	94	1837	1371	1	1	182	182	0	33	213	0	0	Straight	0.0	30364.2	30397.2	LINESTRING(543.000000 279.130000,545.320000 296.860000)
1	95	1371	1521	1	1	85	85	0	15	95	0	0	Straight	0.0	30397.2	30412.2	LINESTRING(545.320000 296.860000,546.500000 315.010000)
1	96	1521	2255	1	0	0	0	0	7	0	0	0	Right	7.158	30419.4	30426.4	LINESTRING(546.500000 315.010000,564.550000 304.960000)
1	97	2255	1321	0	0	0	0	0	27	0	0	0	Straight	0.0	30426.4	30453.4	LINESTRING(564.550000 304.960000,574.630000 296.510000)
1	98	1321	1322	0	0	0	0	0	4	0	0	0	Straight	0.0	30453.4	30457.4	LINESTRING(574.630000 296.510000,581.920000 286.430000)
1	99	1322	1315	1	0	0	0	0	20	0	0	0	Right	7.158	30464.5	30484.5	LINESTRING(581.920000 286.430000,568.490000 279.880000)
1	100	1315	1316	1	0	0	0	0	3	0	0	0	Straight	0.0	30484.5	30487.5	LINESTRING(568.490000 279.880000,554.500000 275.050000)
1	101	1316	1862	1	0	0	0	0	39	0	0	0	Straight	0.0	30487.5	30526.5	LINESTRING(554.500000 275.050000,537.520000 271.270000)
1	102	1862	1254	1	0	0	0	0	37	0	0	0	Straight	0.0	30526.5	30563.5	LINESTRING(537.520000 271.270000,520.540000 265.280000)
1	103	1254	1253	1	0	0	0	0	401	0	0	0	Right	7.158	30570.7	30971.7	LINESTRING(520.540000 265.280000,505.290000 293.990000)
1	104	1253	302	1	0	0	0	0	174	0	0	0	Left	14.316	30986.0	31160.0	LINESTRING(505.290000 293.990000,478.650000 294.610000)
1	105	302	378	1	0	0	0	0	74	0	0	0	Straight	0.0	31160.0	31234.0	LINESTRING(478.650000 294.610000,452.570000 295.430000)
1	106	378	587	1	0	0	0	0	91	0	0	0	Straight	0.0	31234.0	31325.0	LINESTRING(452.570000 295.430000,427.620000 301.530000)
1	107	587	586	1	0	0	0	0	117	0	0	0	Straight	0.0	31325.0	31442.0	LINESTRING(427.620000 301.530000,404.060000 311.500000)
1	108	586	957	1	0	0	0	0	11	0	0	0	Straight	0.0	31442.0	31453.0	LINESTRING(404.060000 311.500000,393.420000 311.130000)
1	109	957	1528	1	0	0	0	0	9	0	0	0	Straight	0.0	31453.0	31462.0	LINESTRING(393.420000 311.130000,385.690000 307.890000)
1	110	1528	1004	1	0	0	0	0	24	0	0	0	Straight	0.0	31462.0	31486.0	LINESTRING(385.690000 307.890000,378.590000 301.430000)
1	111	1004	2011	1	0	0	0	0	249	0	0	0	Straight	0.0	31486.0	31735.0	LINESTRING(378.590000 301.430000,372.780000 294.490000)
1	112	2011	923	1	0	0	0	0	100	0	0	0	Straight	0.0	31735.0	31835.0	LINESTRING(372.780000 294.490000,367.720000 288.770000)
1	113	923	922	1	0	0	0	0	20	0	0	0	Straight	0.0	31835.0	31855.0	LINESTRING(367.720000 288.770000,363.400000 284.320000)
1	114	922	2277	1	0	0	0	0	91	0	0	0	Straight	0.0	31855.0	31946.0	LINESTRING(363.400000 284.320000,360.380000 280.330000)
2	0	2277	2277	-1	-1	0	0	0	0	0	0	300		0.0	31946.0	32246.0	LINESTRING(360.380000 280.330000,360.380000 280.330000)
