Problem Type	Solution Method	Vehicle Capacity (Weight)	Vehicle Capacity(Volume)	Disposal Trips	Route Time	Route Time wo Turns	Computational Time(Sec)	Clustering Time(Sec)	VA(NHO)	VA(ATD)	VA(CCI)	VA(DMT)	VA(ROI)	VA(AOI)	Optimal
MCARPTIF-TP	GPM	10000	10000	2	29932.5	27735	56.874	2.711	0	1086.72	1.06667	20125	1.1907	0.0169406	1
Load No	Sequence No	From Node ID	To Node ID	IsEdge	Required	Weight	Volume	Travel Miles	Travel Time	Service Time	Served	Dumped	Turn Type	Turn Cost	Depart Time	Arrival Time	Shape
0	0	2277	922	1	0	0	0	0	91	0	0	300		0.0	300.0	391.0	LINESTRING(360.380000 280.330000,363.400000 284.320000)
0	1	922	923	1	0	0	0	0	20	0	0	0	Straight	0.0	391.0	411.0	LINESTRING(363.400000 284.320000,367.720000 288.770000)
0	2	923	2011	1	0	0	0	0	100	0	0	0	Straight	0.0	411.0	511.0	LINESTRING(367.720000 288.770000,372.780000 294.490000)
0	3	2011	1004	1	0	0	0	0	249	0	0	0	Straight	0.0	511.0	760.0	LINESTRING(372.780000 294.490000,378.590000 301.430000)
0	4	1004	1528	1	0	0	0	0	24	0	0	0	Straight	0.0	760.0	784.0	LINESTRING(378.590000 301.430000,385.690000 307.890000)
0	5	1528	611	0	0	0	0	0	16	0	0	0	Straight	0.0	784.0	800.0	LINESTRING(385.690000 307.890000,386.970000 314.450000)
0	6	611	610	1	0	0	0	0	13	0	0	0	Straight	0.0	800.0	813.0	LINESTRING(386.970000 314.450000,383.270000 322.520000)
0	7	610	951	1	0	0	0	0	5	0	0	0	Straight	0.0	813.0	818.0	LINESTRING(383.270000 322.520000,362.600000 336.160000)
0	8	951	561	1	0	0	0	0	65	0	0	0	Straight	0.0	818.0	883.0	LINESTRING(362.600000 336.160000,341.600000 352.600000)
0	9	561	562	1	0	0	0	0	48	0	0	0	U	57.264	940.264	988.264	LINESTRING(341.600000 352.600000,359.330000 347.260000)
0	10	562	1745	1	0	0	0	0	16	0	0	0	Straight	0.0	988.264	1004.26	LINESTRING(359.330000 347.260000,377.200000 341.690000)
0	11	1745	863	1	0	0	0	0	3	0	0	0	Straight	0.0	1004.26	1007.26	LINESTRING(377.200000 341.690000,395.020000 335.480000)
0	12	863	864	1	0	0	0	0	25	0	0	0	Straight	0.0	1007.26	1032.26	LINESTRING(395.020000 335.480000,413.100000 329.070000)
0	13	864	2026	1	0	0	0	0	51	0	0	0	Straight	0.0	1032.26	1083.26	LINESTRING(413.100000 329.070000,431.520000 322.970000)
0	14	2026	750	1	0	0	0	0	53	0	0	0	Straight	0.0	1083.26	1136.26	LINESTRING(431.520000 322.970000,450.470000 317.040000)
0	15	750	2094	1	0	0	0	0	29	0	0	0	Straight	0.0	1136.26	1165.26	LINESTRING(450.470000 317.040000,471.290000 313.390000)
0	16	2094	409	1	0	0	0	0	9	0	0	0	Straight	0.0	1165.26	1174.26	LINESTRING(471.290000 313.390000,492.080000 310.130000)
0	17	409	1778	1	0	0	0	0	9	0	0	0	Straight	0.0	1174.26	1183.26	LINESTRING(492.080000 310.130000,512.650000 307.610000)
0	18	1778	392	1	0	0	0	0	7	0	0	0	Straight	0.0	1183.26	1190.26	LINESTRING(512.650000 307.610000,533.030000 305.260000)
0	19	392	390	1	0	0	0	0	51	0	0	0	Straight	0.0	1190.26	1241.26	LINESTRING(533.030000 305.260000,553.130000 302.750000)
0	20	390	391	1	0	0	0	0	15	0	0	0	Straight	0.0	1241.26	1256.26	LINESTRING(553.130000 302.750000,565.120000 308.210000)
0	21	391	755	1	0	0	0	0	16	0	0	0	Straight	0.0	1256.26	1272.26	LINESTRING(565.120000 308.210000,575.800000 313.970000)
0	22	755	374	1	0	0	0	0	3	0	0	0	Straight	0.0	1272.26	1275.26	LINESTRING(575.800000 313.970000,584.020000 321.030000)
0	23	374	375	1	0	0	0	0	17	0	0	0	Straight	0.0	1275.26	1292.26	LINESTRING(584.020000 321.030000,588.540000 329.810000)
0	24	375	1749	1	0	0	0	0	16	0	0	0	Straight	0.0	1292.26	1308.26	LINESTRING(588.540000 329.810000,587.240000 339.240000)
0	25	1749	738	1	0	0	0	0	2	0	0	0	Straight	0.0	1308.26	1310.26	LINESTRING(587.240000 339.240000,581.260000 348.190000)
0	26	738	327	1	0	0	0	0	28	0	0	0	Straight	0.0	1310.26	1338.26	LINESTRING(581.260000 348.190000,572.820000 357.200000)
0	27	327	328	1	0	0	0	0	9	0	0	0	Straight	0.0	1338.26	1347.26	LINESTRING(572.820000 357.200000,563.020000 364.840000)
0	28	328	315	1	0	0	0	0	14	0	0	0	Straight	0.0	1347.26	1361.26	LINESTRING(563.020000 364.840000,551.920000 371.660000)
0	29	315	713	1	0	0	0	0	3	0	0	0	Straight	0.0	1361.26	1364.26	LINESTRING(551.920000 371.660000,538.490000 376.330000)
0	30	713	711	1	0	0	0	0	3	0	0	0	Straight	0.0	1364.26	1367.26	LINESTRING(538.490000 376.330000,524.130000 380.680000)
0	31	711	712	1	0	0	0	0	2	0	0	0	Straight	0.0	1367.26	1369.26	LINESTRING(524.130000 380.680000,509.000000 384.560000)
0	32	712	288	1	0	0	0	0	27	0	0	0	Straight	0.0	1369.26	1396.26	LINESTRING(509.000000 384.560000,493.330000 387.690000)
0	33	288	2107	1	1	134	134	0	24	154	0	0	Right	7.158	1403.42	1427.42	LINESTRING(493.330000 387.690000,491.180000 398.640000)
0	34	2107	2042	1	0	0	0	0	3	0	0	0	Straight	0.0	1427.42	1430.42	LINESTRING(491.180000 398.640000,486.010000 408.880000)
0	35	2042	638	1	1	301	301	0	54	354	0	0	Straight	0.0	1430.42	1484.42	LINESTRING(486.010000 408.880000,479.820000 418.660000)
0	36	638	635	1	0	0	0	0	11	0	0	0	Straight	0.0	1484.42	1495.42	LINESTRING(479.820000 418.660000,475.490000 428.350000)
0	37	635	1747	1	0	0	0	0	30	0	0	0	Straight	0.0	1495.42	1525.42	LINESTRING(475.490000 428.350000,468.670000 435.010000)
0	38	1747	241	1	0	0	0	0	19	0	0	0	Straight	0.0	1525.42	1544.42	LINESTRING(468.670000 435.010000,459.830000 440.330000)
0	39	241	633	1	0	0	0	0	16	0	0	0	Straight	0.0	1544.42	1560.42	LINESTRING(459.830000 440.330000,455.170000 450.100000)
0	40	633	637	1	0	0	0	0	46	0	0	0	Straight	0.0	1560.42	1606.42	LINESTRING(455.170000 450.100000,447.340000 455.370000)
0	41	637	246	1	1	307	307	0	55	355	0	0	Straight	0.0	1606.42	1661.42	LINESTRING(447.340000 455.370000,440.250000 464.170000)
0	42	246	243	1	1	177	177	0	32	202	0	0	Straight	0.0	1661.42	1693.42	LINESTRING(440.250000 464.170000,442.080000 481.680000)
0	43	243	221	1	1	58	58	0	10	60	0	0	Straight	0.0	1693.42	1703.42	LINESTRING(442.080000 481.680000,438.140000 503.310000)
0	44	221	597	1	1	58	58	0	10	60	0	0	Right	7.158	1710.58	1720.58	LINESTRING(438.140000 503.310000,448.200000 514.650000)
0	45	597	204	1	0	0	0	0	19	0	0	0	Straight	0.0	1720.58	1739.58	LINESTRING(448.200000 514.650000,455.030000 525.760000)
0	46	204	200	1	0	0	0	0	26	0	0	0	Straight	0.0	1739.58	1765.58	LINESTRING(455.030000 525.760000,463.740000 535.220000)
0	47	200	199	1	0	0	0	0	65	0	0	0	Left	14.316	1779.9	1844.9	LINESTRING(463.740000 535.220000,457.510000 547.650000)
0	48	199	569	1	0	0	0	0	29	0	0	0	Right	7.158	1852.05	1881.05	LINESTRING(457.510000 547.650000,465.380000 557.850000)
0	49	569	568	1	0	0	0	0	29	0	0	0	Straight	0.0	1881.05	1910.05	LINESTRING(465.380000 557.850000,469.310000 568.180000)
0	50	568	231	1	0	0	0	0	28	0	0	0	Left	14.316	1924.37	1952.37	LINESTRING(469.310000 568.180000,462.550000 573.750000)
0	51	231	593	1	0	0	0	0	18	0	0	0	Straight	0.0	1952.37	1970.37	LINESTRING(462.550000 573.750000,454.980000 583.840000)
0	52	593	592	1	0	0	0	0	36	0	0	0	Straight	0.0	1970.37	2006.37	LINESTRING(454.980000 583.840000,448.090000 592.380000)
0	53	592	1774	1	0	0	0	0	13	0	0	0	Straight	0.0	2006.37	2019.37	LINESTRING(448.090000 592.380000,440.640000 601.370000)
0	54	1774	1773	1	1	125	125	0	22	142	0	0	Straight	0.0	2019.37	2041.37	LINESTRING(440.640000 601.370000,440.980000 614.270000)
0	55	1773	598	1	1	164	164	0	30	190	1	0	Straight	0.0	2041.37	2231.37	LINESTRING(440.980000 614.270000,442.400000 625.960000)
0	56	598	599	1	1	158	158	0	28	178	1	0	Right	7.158	2238.53	2416.53	LINESTRING(442.400000 625.960000,456.950000 630.970000)
0	57	599	194	1	1	108	108	0	19	119	1	0	Left	14.316	2430.84	2549.84	LINESTRING(456.950000 630.970000,459.330000 640.650000)
0	58	194	1638	1	1	325	325	0	59	379	1	0	Straight	0.0	2549.84	2928.84	LINESTRING(459.330000 640.650000,460.250000 649.270000)
0	59	1638	595	1	1	93	93	0	17	107	1	0	Straight	0.0	2928.84	3035.84	LINESTRING(460.250000 649.270000,459.390000 659.120000)
0	60	595	2354	1	1	67	67	0	12	72	1	0	Straight	0.0	3035.84	3107.84	LINESTRING(459.390000 659.120000,457.460000 662.480000)
0	61	2354	595	1	1	67	67	0	12	72	0	0	U	57.264	3165.11	3177.11	LINESTRING(457.460000 662.480000,459.390000 659.120000)
0	62	595	1638	1	1	93	93	0	17	107	0	0	Straight	0.0	3177.11	3194.11	LINESTRING(459.390000 659.120000,460.250000 649.270000)
0	63	1638	193	1	1	90	90	0	16	106	1	0	Straight	0.0	3194.11	3300.11	LINESTRING(460.250000 649.270000,463.680000 643.960000)
0	64	193	1638	1	1	90	90	0	16	106	0	0	U	57.264	3357.37	3373.37	LINESTRING(463.680000 643.960000,460.250000 649.270000)
0	65	1638	595	1	1	93	93	0	17	107	0	0	Straight	0.0	3373.37	3390.37	LINESTRING(460.250000 649.270000,459.390000 659.120000)
0	66	595	594	1	1	73	73	0	13	83	1	0	Straight	0.0	3390.37	3473.37	LINESTRING(459.390000 659.120000,459.190000 667.950000)
0	67	594	604	1	1	83	83	0	15	95	1	0	Straight	0.0	3473.37	3568.37	LINESTRING(459.190000 667.950000,456.570000 671.460000)
0	68	604	594	1	1	83	83	0	15	95	0	0	U	57.264	3625.64	3640.64	LINESTRING(456.570000 671.460000,459.190000 667.950000)
0	69	594	2156	1	1	95	95	0	17	107	1	0	Left	14.316	3654.95	3761.95	LINESTRING(459.190000 667.950000,460.770000 675.320000)
0	70	2156	2387	1	1	108	108	0	19	119	1	0	Straight	0.0	3761.95	3880.95	LINESTRING(460.770000 675.320000,459.050000 679.660000)
0	71	2387	2156	1	1	108	108	0	19	119	0	0	U	57.264	3938.22	3957.22	LINESTRING(459.050000 679.660000,460.770000 675.320000)
0	72	2156	195	1	1	180	180	0	32	212	1	0	Left	14.316	3971.53	4183.53	LINESTRING(460.770000 675.320000,464.740000 679.970000)
0	73	195	177	1	1	99	99	0	18	108	1	0	Straight	0.0	4183.53	4291.53	LINESTRING(464.740000 679.970000,466.480000 683.740000)
0	74	177	2194	1	1	83	83	0	15	95	1	0	Straight	0.0	4291.53	4386.53	LINESTRING(466.480000 683.740000,467.220000 689.280000)
0	75	2194	177	1	1	83	83	0	15	95	0	0	U	57.264	4443.8	4458.8	LINESTRING(467.220000 689.280000,466.480000 683.740000)
0	76	177	178	1	1	77	77	0	14	84	1	0	Left	14.316	4473.11	4557.11	LINESTRING(466.480000 683.740000,469.340000 680.830000)
0	77	178	195	1	1	554	554	0	100	650	1	0	Right	7.158	4564.27	5214.27	LINESTRING(469.340000 680.830000,464.740000 679.970000)
0	78	195	177	1	1	99	99	0	18	108	0	0	Right	7.158	5221.43	5239.43	LINESTRING(464.740000 679.970000,466.480000 683.740000)
0	79	177	178	1	1	77	77	0	14	84	0	0	Right	7.158	5246.59	5260.59	LINESTRING(466.480000 683.740000,469.340000 680.830000)
0	80	178	528	1	1	74	74	0	13	83	1	0	Straight	0.0	5260.59	5343.59	LINESTRING(469.340000 680.830000,474.510000 678.700000)
0	81	528	2377	1	1	90	90	0	16	106	1	0	Left	14.316	5357.9	5463.9	LINESTRING(474.510000 678.700000,476.410000 683.790000)
0	82	2377	528	1	1	90	90	0	16	106	0	0	U	57.264	5521.17	5537.17	LINESTRING(476.410000 683.790000,474.510000 678.700000)
0	83	528	163	1	1	77	77	0	14	84	1	0	Straight	0.0	5537.17	5621.17	LINESTRING(474.510000 678.700000,476.070000 671.120000)
0	84	163	520	1	0	0	0	0	13	0	0	0	Straight	0.0	5621.17	5634.17	LINESTRING(476.070000 671.120000,477.030000 663.080000)
0	85	520	2016	1	1	62	62	0	11	71	1	0	Left	14.316	5648.48	5719.48	LINESTRING(477.030000 663.080000,482.330000 668.470000)
0	86	2016	2017	1	1	37	37	0	7	37	1	0	Straight	0.0	5719.48	5756.48	LINESTRING(482.330000 668.470000,486.630000 670.680000)
0	87	2017	2016	1	1	37	37	0	7	37	0	0	U	57.264	5813.75	5820.75	LINESTRING(486.630000 670.680000,482.330000 668.470000)
0	88	2016	2375	1	1	12	12	0	2	12	1	0	U	57.264	5878.01	5890.01	LINESTRING(482.330000 668.470000,484.470000 673.270000)
0	89	2375	2016	1	1	12	12	0	2	12	0	0	U	57.264	5947.27	5949.27	LINESTRING(484.470000 673.270000,482.330000 668.470000)
0	90	2016	520	1	1	62	62	0	11	71	0	0	Straight	0.0	5949.27	5960.27	LINESTRING(482.330000 668.470000,477.030000 663.080000)
0	91	520	2143	1	0	0	0	0	38	0	0	0	Straight	0.0	5960.27	5998.27	LINESTRING(477.030000 663.080000,473.730000 652.790000)
0	92	2143	2227	1	0	0	0	0	42	0	0	0	Straight	0.0	5998.27	6040.27	LINESTRING(473.730000 652.790000,470.430000 641.490000)
0	93	2227	550	1	0	0	0	0	29	0	0	0	Straight	0.0	6040.27	6069.27	LINESTRING(470.430000 641.490000,471.260000 629.220000)
0	94	550	551	1	0	0	0	0	22	0	0	0	Straight	0.0	6069.27	6091.27	LINESTRING(471.260000 629.220000,473.890000 622.090000)
0	95	551	552	1	0	0	0	0	18	0	0	0	Straight	0.0	6091.27	6109.27	LINESTRING(473.890000 622.090000,476.700000 613.980000)
0	96	552	1531	1	1	109	109	0	20	120	1	0	Straight	0.0	6109.27	6229.27	LINESTRING(476.700000 613.980000,479.150000 604.630000)
0	97	1531	155	1	0	0	0	0	66	0	0	0	Straight	0.0	6229.27	6295.27	LINESTRING(479.150000 604.630000,476.280000 585.810000)
0	98	155	157	1	0	0	0	0	26	0	0	0	Straight	0.0	6295.27	6321.27	LINESTRING(476.280000 585.810000,479.440000 572.830000)
0	99	157	125	1	0	0	0	0	71	0	0	0	Left	14.316	6335.59	6406.59	LINESTRING(479.440000 572.830000,490.670000 571.490000)
0	100	125	126	1	1	142	142	0	26	166	0	0	Straight	0.0	6406.59	6432.59	LINESTRING(490.670000 571.490000,499.250000 566.160000)
0	101	126	431	1	1	150	150	0	27	177	0	0	Straight	0.0	6432.59	6459.59	LINESTRING(499.250000 566.160000,508.540000 567.390000)
0	102	431	122	1	0	0	0	0	13	0	0	0	Left	14.316	6473.91	6486.91	LINESTRING(508.540000 567.390000,514.080000 580.630000)
0	103	122	1928	1	1	109	109	0	20	120	1	0	Straight	0.0	6486.91	6606.91	LINESTRING(514.080000 580.630000,522.040000 592.850000)
0	104	1928	104	1	1	83	83	0	15	95	1	0	Straight	0.0	6606.91	6701.91	LINESTRING(522.040000 592.850000,529.460000 605.430000)
0	105	104	92	1	1	211	211	0	38	248	1	0	Straight	0.0	6701.91	6949.91	LINESTRING(529.460000 605.430000,547.190000 620.720000)
0	106	92	93	1	0	0	0	0	14	0	0	0	Straight	0.0	6949.91	6963.91	LINESTRING(547.190000 620.720000,550.150000 637.120000)
0	107	93	2339	1	1	94	94	0	17	107	1	0	Straight	0.0	6963.91	7070.91	LINESTRING(550.150000 637.120000,554.340000 647.410000)
0	108	2339	1890	1	0	0	0	0	17	0	0	0	Straight	0.0	7070.91	7087.91	LINESTRING(554.340000 647.410000,559.460000 655.670000)
0	109	1890	1695	1	1	124	124	0	22	142	1	0	Straight	0.0	7087.91	7229.91	LINESTRING(559.460000 655.670000,568.240000 659.900000)
0	110	1695	2155	1	0	0	0	0	15	0	0	0	Right	7.158	7237.06	7252.06	LINESTRING(568.240000 659.900000,578.390000 650.730000)
0	111	2155	1536	1	1	149	149	0	27	167	1	0	Right	7.158	7259.22	7426.22	LINESTRING(578.390000 650.730000,577.460000 637.630000)
0	112	1536	1535	1	1	98	98	0	18	108	1	0	Straight	0.0	7426.22	7534.22	LINESTRING(577.460000 637.630000,566.300000 625.930000)
0	113	1535	383	1	1	101	101	0	18	118	1	0	Left	14.316	7548.54	7666.54	LINESTRING(566.300000 625.930000,579.740000 620.000000)
0	114	383	384	1	1	112	112	0	20	130	1	0	Straight	0.0	7666.54	7796.54	LINESTRING(579.740000 620.000000,585.180000 613.240000)
0	115	384	382	1	1	256	256	0	46	296	1	0	Straight	0.0	7796.54	8092.54	LINESTRING(585.180000 613.240000,590.870000 609.040000)
0	116	382	386	1	0	0	0	0	18	0	0	0	Straight	0.0	8092.54	8110.54	LINESTRING(590.870000 609.040000,593.570000 603.980000)
0	117	386	2091	1	1	260	260	0	47	307	1	0	U	57.264	8167.8	8474.8	LINESTRING(593.570000 603.980000,588.240000 607.970000)
0	118	2091	384	1	1	95	95	0	17	107	1	0	Straight	0.0	8474.8	8581.8	LINESTRING(588.240000 607.970000,585.180000 613.240000)
0	119	384	383	1	1	112	112	0	20	130	0	0	Straight	0.0	8581.8	8601.8	LINESTRING(585.180000 613.240000,579.740000 620.000000)
0	120	383	1535	1	1	101	101	0	18	118	0	0	Straight	0.0	8601.8	8619.8	LINESTRING(579.740000 620.000000,566.300000 625.930000)
0	121	1535	92	1	1	63	63	0	11	71	1	0	Straight	0.0	8619.8	8690.8	LINESTRING(566.300000 625.930000,547.190000 620.720000)
0	122	92	93	1	0	0	0	0	14	0	0	0	Right	7.158	8697.96	8711.96	LINESTRING(547.190000 620.720000,550.150000 637.120000)
0	123	93	1540	1	1	255	255	0	46	296	1	0	Straight	0.0	8711.96	9007.96	LINESTRING(550.150000 637.120000,549.970000 649.460000)
0	124	1540	86	1	1	109	109	0	20	120	1	0	Straight	0.0	9007.96	9127.96	LINESTRING(549.970000 649.460000,553.440000 653.870000)
0	125	86	79	1	1	103	103	0	19	119	1	0	Straight	0.0	9127.96	9246.96	LINESTRING(553.440000 653.870000,554.540000 661.490000)
0	126	79	78	1	1	105	105	0	19	119	1	0	Straight	0.0	9246.96	9365.96	LINESTRING(554.540000 661.490000,551.370000 671.290000)
0	127	78	83	1	1	366	366	0	66	426	1	0	Straight	0.0	9365.96	9791.96	LINESTRING(551.370000 671.290000,548.320000 679.620000)
0	128	83	2236	1	1	35	35	0	6	36	1	0	Straight	0.0	9791.96	9827.96	LINESTRING(548.320000 679.620000,548.660000 684.660000)
0	129	2236	94	1	1	72	72	0	13	83	1	0	Left	14.316	9842.28	9925.28	LINESTRING(548.660000 684.660000,543.840000 688.090000)
0	130	94	95	1	1	113	113	0	20	130	1	0	Left	14.316	9939.59	10069.6	LINESTRING(543.840000 688.090000,542.100000 683.050000)
0	131	95	94	1	1	113	113	0	20	130	0	0	U	57.264	10126.9	10146.9	LINESTRING(542.100000 683.050000,543.840000 688.090000)
0	132	94	385	1	1	57	57	0	10	60	1	0	Straight	0.0	10146.9	10206.9	LINESTRING(543.840000 688.090000,544.140000 692.160000)
0	133	385	399	1	0	0	0	0	44	0	0	0	Straight	0.0	10206.9	10250.9	LINESTRING(544.140000 692.160000,546.640000 696.310000)
0	134	399	110	1	0	0	0	0	21	0	0	0	U	57.264	10308.1	10329.1	LINESTRING(546.640000 696.310000,547.730000 691.670000)
0	135	110	107	1	0	0	0	0	42	0	0	0	Straight	0.0	10329.1	10371.1	LINESTRING(547.730000 691.670000,546.140000 688.300000)
0	136	107	95	1	1	95	95	0	17	107	1	0	Straight	0.0	10371.1	10478.1	LINESTRING(546.140000 688.300000,542.100000 683.050000)
0	137	95	87	1	1	98	98	0	18	108	1	0	Straight	0.0	10478.1	10586.1	LINESTRING(542.100000 683.050000,541.950000 676.870000)
0	138	87	111	1	1	290	290	0	52	342	1	0	Left	14.316	10600.4	10942.4	LINESTRING(541.950000 676.870000,545.310000 676.770000)
0	139	111	109	1	1	210	210	0	38	248	1	0	Right	7.158	10949.6	11197.6	LINESTRING(545.310000 676.770000,546.020000 668.750000)
0	140	109	88	1	1	314	314	0	57	367	1	0	U	57.264	11254.9	11621.9	LINESTRING(546.020000 668.750000,544.900000 671.900000)
0	141	88	98	1	1	94	94	0	17	107	1	0	U	57.264	11679.1	11786.1	LINESTRING(544.900000 671.900000,548.470000 667.080000)
0	142	98	78	1	1	102	102	0	18	118	1	0	Left	14.316	11800.4	11918.4	LINESTRING(548.470000 667.080000,551.370000 671.290000)
0	143	78	1769	1	1	119	119	0	21	131	1	0	Straight	0.0	11918.4	12049.4	LINESTRING(551.370000 671.290000,551.800000 678.610000)
0	144	1769	1694	1	0	0	0	0	18	0	0	0	Right	7.158	12056.6	12074.6	LINESTRING(551.800000 678.610000,563.310000 671.890000)
0	145	1694	2057	1	1	93	93	0	17	107	1	0	Left	14.316	12088.9	12195.9	LINESTRING(563.310000 671.890000,571.490000 677.260000)
0	146	2057	309	1	0	0	0	0	14	0	0	0	Straight	0.0	12195.9	12209.9	LINESTRING(571.490000 677.260000,576.010000 682.600000)
0	147	309	54	1	1	105	105	0	19	119	1	0	Right	7.158	12217.1	12336.1	LINESTRING(576.010000 682.600000,580.770000 681.120000)
0	148	54	55	1	1	113	113	0	20	130	1	0	Straight	0.0	12336.1	12466.1	LINESTRING(580.770000 681.120000,586.340000 680.100000)
0	149	55	60	1	1	425	425	0	76	496	1	0	Straight	0.0	12466.1	12962.1	LINESTRING(586.340000 680.100000,589.260000 675.970000)
0	150	60	59	1	1	120	120	0	22	142	1	0	U	57.264	13019.3	13161.3	LINESTRING(589.260000 675.970000,584.050000 677.180000)
0	151	59	1949	1	1	114	114	0	21	131	1	0	Straight	0.0	13161.3	13292.3	LINESTRING(584.050000 677.180000,578.290000 677.990000)
0	152	1949	54	1	1	297	297	0	54	344	1	0	Right	7.158	13299.5	13643.5	LINESTRING(578.290000 677.990000,580.770000 681.120000)
0	153	54	55	1	1	113	113	0	20	130	0	0	Right	7.158	13650.6	13670.6	LINESTRING(580.770000 681.120000,586.340000 680.100000)
0	154	55	1813	1	1	124	124	0	22	142	1	0	Straight	0.0	13670.6	13812.6	LINESTRING(586.340000 680.100000,589.560000 679.870000)
0	155	1813	42	1	0	0	0	0	20	0	0	0	U	57.264	13869.9	13889.9	LINESTRING(589.560000 679.870000,583.700000 686.110000)
0	156	42	41	1	0	0	0	0	20	0	0	0	Straight	0.0	13889.9	13909.9	LINESTRING(583.700000 686.110000,579.450000 690.390000)
0	157	41	50	1	0	0	0	0	15	0	0	0	Right	7.158	13917.1	13932.1	LINESTRING(579.450000 690.390000,584.700000 694.990000)
0	158	50	257	1	0	0	0	0	45	0	0	0	Straight	0.0	13932.1	13977.1	LINESTRING(584.700000 694.990000,600.480000 697.780000)
0	159	257	258	1	0	0	0	0	11	0	0	0	Straight	0.0	13977.1	13988.1	LINESTRING(600.480000 697.780000,611.780000 700.690000)
0	160	258	1628	1	0	0	0	0	29	0	0	0	Straight	0.0	13988.1	14017.1	LINESTRING(611.780000 700.690000,621.570000 702.860000)
0	161	1628	1532	1	1	301	301	0	54	354	1	0	Straight	0.0	14017.1	14371.1	LINESTRING(621.570000 702.860000,625.980000 701.130000)
0	162	1532	1533	1	1	113	113	0	20	130	1	0	Right	7.158	14378.2	14508.2	LINESTRING(625.980000 701.130000,625.310000 695.350000)
0	163	1533	32	1	1	165	165	0	30	190	1	0	Left	14.316	14522.5	14712.5	LINESTRING(625.310000 695.350000,631.270000 688.320000)
0	164	32	33	1	1	97	97	0	17	107	1	0	Straight	0.0	14712.5	14819.5	LINESTRING(631.270000 688.320000,638.060000 686.870000)
0	165	33	226	1	0	0	0	0	15	0	0	0	Right	7.158	14826.7	14841.7	LINESTRING(638.060000 686.870000,642.220000 673.250000)
0	166	226	227	1	0	0	0	0	17	0	0	0	Straight	0.0	14841.7	14858.7	LINESTRING(642.220000 673.250000,650.280000 656.620000)
0	167	227	1888	1	0	0	0	0	36	0	0	0	Straight	0.0	14858.7	14894.7	LINESTRING(650.280000 656.620000,663.700000 640.650000)
0	168	1888	2314	1	0	0	0	0	93	0	0	0	Straight	0.0	14894.7	14987.7	LINESTRING(663.700000 640.650000,663.790000 616.000000)
0	169	2314	1312	1	0	0	0	0	40	0	0	0	Straight	0.0	14987.7	15027.7	LINESTRING(663.790000 616.000000,659.120000 591.060000)
0	170	1312	1306	1	0	0	0	0	21	0	0	0	Straight	0.0	15027.7	15048.7	LINESTRING(659.120000 591.060000,654.820000 566.300000)
0	171	1306	1307	0	0	0	0	0	37	0	0	0	Left	14.316	15063.0	15100.0	LINESTRING(654.820000 566.300000,667.430000 553.850000)
0	172	1307	1732	0	0	0	0	0	18	0	0	0	Straight	0.0	15100.0	15118.0	LINESTRING(667.430000 553.850000,676.830000 553.640000)
0	173	1732	1508	0	0	0	0	0	24	0	0	0	Right	7.158	15125.2	15149.2	LINESTRING(676.830000 553.640000,679.330000 550.700000)
1	0	1508	1509	0	0	0	0	0	23	0	0	300		0.0	15449.2	15472.2	LINESTRING(679.330000 550.700000,677.610000 547.310000)
1	1	1509	1507	0	0	0	0	0	18	0	0	0	Straight	0.0	15472.2	15490.2	LINESTRING(677.610000 547.310000,676.530000 540.560000)
1	2	1507	1924	0	0	0	0	0	37	0	0	0	Right	7.158	15497.3	15534.3	LINESTRING(676.530000 540.560000,657.710000 548.810000)
1	3	1924	1925	0	0	0	0	0	153	0	0	0	Left	14.316	15548.7	15701.7	LINESTRING(657.710000 548.810000,641.040000 541.960000)
1	4	1925	1154	0	0	0	0	0	24	0	0	0	Straight	0.0	15701.7	15725.7	LINESTRING(641.040000 541.960000,628.400000 534.790000)
1	5	1154	1165	0	0	0	0	0	10	0	0	0	Straight	0.0	15725.7	15735.7	LINESTRING(628.400000 534.790000,616.110000 530.150000)
1	6	1165	1166	0	0	0	0	0	29	0	0	0	Straight	0.0	15735.7	15764.7	LINESTRING(616.110000 530.150000,600.820000 526.780000)
1	7	1166	1399	0	0	0	0	0	1	0	0	0	Straight	0.0	15764.7	15765.7	LINESTRING(600.820000 526.780000,588.790000 516.590000)
1	8	1399	1839	0	0	0	0	0	56	0	0	0	Straight	0.0	15765.7	15821.7	LINESTRING(588.790000 516.590000,573.160000 502.950000)
1	9	1839	1656	0	0	0	0	0	1	0	0	0	Straight	0.0	15821.7	15822.7	LINESTRING(573.160000 502.950000,563.420000 483.440000)
1	10	1656	1396	0	0	0	0	0	2	0	0	0	Right	7.158	15829.8	15831.8	LINESTRING(563.420000 483.440000,555.480000 487.090000)
1	11	1396	1397	0	0	0	0	0	3	0	0	0	Straight	0.0	15831.8	15834.8	LINESTRING(555.480000 487.090000,548.870000 485.640000)
1	12	1397	1159	0	0	0	0	0	6	0	0	0	Right	7.158	15842.0	15848.0	LINESTRING(548.870000 485.640000,539.710000 492.950000)
1	13	1159	1160	1	0	0	0	0	54	0	0	0	Straight	0.0	15848.0	15902.0	LINESTRING(539.710000 492.950000,521.430000 492.300000)
1	14	1160	1181	1	0	0	0	0	45	0	0	0	Straight	0.0	15902.0	15947.0	LINESTRING(521.430000 492.300000,507.660000 481.540000)
1	15	1181	1725	1	0	0	0	0	39	0	0	0	Straight	0.0	15947.0	15986.0	LINESTRING(507.660000 481.540000,495.860000 469.210000)
1	16	1725	565	1	0	0	0	0	63	0	0	0	Right	7.158	15993.1	16056.1	LINESTRING(495.860000 469.210000,476.240000 482.630000)
1	17	565	206	1	0	0	0	0	12	0	0	0	Left	14.316	16070.4	16082.4	LINESTRING(476.240000 482.630000,467.920000 477.340000)
1	18	206	219	1	0	0	0	0	19	0	0	0	Straight	0.0	16082.4	16101.4	LINESTRING(467.920000 477.340000,463.470000 470.170000)
1	19	219	218	1	0	0	0	0	28	0	0	0	Straight	0.0	16101.4	16129.4	LINESTRING(463.470000 470.170000,464.710000 461.600000)
1	20	218	634	1	0	0	0	0	10	0	0	0	Right	7.158	16136.6	16146.6	LINESTRING(464.710000 461.600000,458.000000 457.650000)
1	21	634	1603	1	1	295	295	0	53	343	1	0	Right	7.158	16153.8	16496.8	LINESTRING(458.000000 457.650000,453.490000 462.300000)
1	22	1603	1604	1	0	0	0	0	14	0	0	0	Right	7.158	16503.9	16517.9	LINESTRING(453.490000 462.300000,456.660000 471.550000)
1	23	1604	205	1	0	0	0	0	19	0	0	0	Straight	0.0	16517.9	16536.9	LINESTRING(456.660000 471.550000,455.720000 481.250000)
1	24	205	222	1	0	0	0	0	11	0	0	0	Straight	0.0	16536.9	16547.9	LINESTRING(455.720000 481.250000,458.020000 492.700000)
1	25	222	198	1	0	0	0	0	9	0	0	0	Straight	0.0	16547.9	16556.9	LINESTRING(458.020000 492.700000,466.230000 501.300000)
1	26	198	190	1	1	110	110	0	20	130	1	0	Straight	0.0	16556.9	16686.9	LINESTRING(466.230000 501.300000,474.310000 509.010000)
1	27	190	172	1	0	0	0	0	26	0	0	0	Straight	0.0	16686.9	16712.9	LINESTRING(474.310000 509.010000,480.730000 517.610000)
1	28	172	188	1	0	0	0	0	22	0	0	0	Left	14.316	16727.2	16749.2	LINESTRING(480.730000 517.610000,472.830000 521.890000)
1	29	188	187	1	1	24	24	0	4	24	1	0	Straight	0.0	16749.2	16773.2	LINESTRING(472.830000 521.890000,468.440000 528.910000)
1	30	187	200	1	0	0	0	0	21	0	0	0	Straight	0.0	16773.2	16794.2	LINESTRING(468.440000 528.910000,463.740000 535.220000)
1	31	200	1816	1	0	0	0	0	25	0	0	0	Right	7.158	16801.4	16826.4	LINESTRING(463.740000 535.220000,476.840000 534.800000)
1	32	1816	537	1	1	143	143	0	26	166	1	0	Left	14.316	16840.7	17006.7	LINESTRING(476.840000 534.800000,483.710000 541.970000)
1	33	537	522	1	0	0	0	0	25	0	0	0	Straight	0.0	17006.7	17031.7	LINESTRING(483.710000 541.970000,485.670000 552.060000)
1	34	522	480	1	1	299	299	0	54	344	1	0	Right	7.158	17038.9	17382.9	LINESTRING(485.670000 552.060000,490.990000 555.560000)
1	35	480	481	1	1	142	142	0	26	166	1	0	Straight	0.0	17382.9	17548.9	LINESTRING(490.990000 555.560000,498.310000 557.620000)
1	36	481	150	1	1	318	318	0	57	367	1	0	Right	7.158	17556.0	17923.0	LINESTRING(498.310000 557.620000,497.480000 550.300000)
1	37	150	149	1	1	127	127	0	23	143	1	0	Right	7.158	17930.2	18073.2	LINESTRING(497.480000 550.300000,490.870000 547.690000)
1	38	149	480	1	1	283	283	0	51	331	1	0	Right	7.158	18080.3	18411.3	LINESTRING(490.870000 547.690000,490.990000 555.560000)
1	39	480	482	1	1	164	164	0	30	190	1	0	Straight	0.0	18411.3	18601.3	LINESTRING(490.990000 555.560000,488.320000 563.440000)
1	40	482	125	1	1	158	158	0	28	178	1	0	Straight	0.0	18601.3	18779.3	LINESTRING(488.320000 563.440000,490.670000 571.490000)
1	41	125	126	1	1	142	142	0	26	166	0	0	Right	7.158	18786.5	18812.5	LINESTRING(490.670000 571.490000,499.250000 566.160000)
1	42	126	431	1	1	150	150	0	27	177	0	0	Straight	0.0	18812.5	18839.5	LINESTRING(499.250000 566.160000,508.540000 567.390000)
1	43	431	126	1	1	150	150	0	27	177	1	0	U	57.264	18896.8	19073.8	LINESTRING(508.540000 567.390000,499.250000 566.160000)
1	44	126	125	1	1	142	142	0	26	166	1	0	Straight	0.0	19073.8	19239.8	LINESTRING(499.250000 566.160000,490.670000 571.490000)
1	45	125	157	1	0	0	0	0	71	0	0	0	Straight	0.0	19239.8	19310.8	LINESTRING(490.670000 571.490000,479.440000 572.830000)
1	46	157	155	1	0	0	0	0	26	0	0	0	Right	7.158	19317.9	19343.9	LINESTRING(479.440000 572.830000,476.280000 585.810000)
1	47	155	1531	1	0	0	0	0	66	0	0	0	Straight	0.0	19343.9	19409.9	LINESTRING(476.280000 585.810000,479.150000 604.630000)
1	48	1531	552	1	1	109	109	0	20	120	0	0	Straight	0.0	19409.9	19429.9	LINESTRING(479.150000 604.630000,476.700000 613.980000)
1	49	552	551	1	0	0	0	0	18	0	0	0	Straight	0.0	19429.9	19447.9	LINESTRING(476.700000 613.980000,473.890000 622.090000)
1	50	551	550	1	0	0	0	0	22	0	0	0	Straight	0.0	19447.9	19469.9	LINESTRING(473.890000 622.090000,471.260000 629.220000)
1	51	550	599	1	0	0	0	0	40	0	0	0	Left	14.316	19484.2	19524.2	LINESTRING(471.260000 629.220000,456.950000 630.970000)
1	52	599	598	1	1	158	158	0	28	178	0	0	Straight	0.0	19524.2	19552.2	LINESTRING(456.950000 630.970000,442.400000 625.960000)
1	53	598	1773	1	1	164	164	0	30	190	0	0	Left	14.316	19566.5	19596.5	LINESTRING(442.400000 625.960000,440.980000 614.270000)
1	54	1773	1774	1	1	125	125	0	22	142	1	0	Straight	0.0	19596.5	19738.5	LINESTRING(440.980000 614.270000,440.640000 601.370000)
1	55	1774	1871	1	1	90	90	0	16	106	1	0	Right	7.158	19745.7	19851.7	LINESTRING(440.640000 601.370000,432.180000 594.980000)
1	56	1871	2422	1	1	205	205	0	37	237	1	0	Right	7.158	19858.9	20095.9	LINESTRING(432.180000 594.980000,430.650000 598.580000)
1	57	2422	1871	1	1	205	205	0	37	237	0	0	U	57.264	20153.1	20190.1	LINESTRING(430.650000 598.580000,432.180000 594.980000)
1	58	1871	236	1	1	91	91	0	16	106	1	0	Right	7.158	20197.3	20303.3	LINESTRING(432.180000 594.980000,424.320000 587.400000)
1	59	236	2218	1	1	115	115	0	21	131	1	0	Right	7.158	20310.4	20441.4	LINESTRING(424.320000 587.400000,422.760000 590.900000)
1	60	2218	236	1	1	115	115	0	21	131	0	0	U	57.264	20498.7	20519.7	LINESTRING(422.760000 590.900000,424.320000 587.400000)
1	61	236	235	1	1	81	81	0	15	95	1	0	Right	7.158	20526.9	20621.9	LINESTRING(424.320000 587.400000,417.040000 578.860000)
1	62	235	2393	1	1	238	238	0	43	273	1	0	Right	7.158	20629.0	20902.0	LINESTRING(417.040000 578.860000,415.300000 582.050000)
1	63	2393	235	1	1	238	238	0	43	273	0	0	U	57.264	20959.3	21002.3	LINESTRING(415.300000 582.050000,417.040000 578.860000)
1	64	235	668	1	1	204	204	0	37	237	1	0	Right	7.158	21009.4	21246.4	LINESTRING(417.040000 578.860000,410.220000 569.800000)
1	65	668	669	1	1	239	239	0	43	273	1	0	Left	14.316	21260.8	21533.8	LINESTRING(410.220000 569.800000,420.480000 559.590000)
1	66	669	666	1	1	99	99	0	18	108	1	0	Straight	0.0	21533.8	21641.8	LINESTRING(420.480000 559.590000,424.340000 547.690000)
1	67	666	249	1	1	84	84	0	15	95	1	0	Straight	0.0	21641.8	21736.8	LINESTRING(424.340000 547.690000,429.080000 535.780000)
1	68	249	250	1	1	398	398	0	72	462	1	0	Left	14.316	21751.1	22213.1	LINESTRING(429.080000 535.780000,441.060000 533.370000)
1	69	250	1650	1	1	143	143	0	26	166	1	0	Right	7.158	22220.2	22386.2	LINESTRING(441.060000 533.370000,443.900000 523.820000)
1	70	1650	2273	1	1	453	453	0	81	531	1	0	Right	7.158	22393.4	22924.4	LINESTRING(443.900000 523.820000,440.190000 523.070000)
1	71	2273	1650	1	1	453	453	0	81	531	0	0	U	57.264	22981.7	23062.7	LINESTRING(440.190000 523.070000,443.900000 523.820000)
1	72	1650	597	1	1	417	417	0	75	485	1	0	Right	7.158	23069.8	23554.8	LINESTRING(443.900000 523.820000,448.200000 514.650000)
1	73	597	221	1	1	58	58	0	10	60	1	0	Right	7.158	23562.0	23622.0	LINESTRING(448.200000 514.650000,438.140000 503.310000)
1	74	221	243	1	1	58	58	0	10	60	1	0	Left	14.316	23636.3	23696.3	LINESTRING(438.140000 503.310000,442.080000 481.680000)
1	75	243	246	1	1	177	177	0	32	202	1	0	Straight	0.0	23696.3	23898.3	LINESTRING(442.080000 481.680000,440.250000 464.170000)
1	76	246	248	1	1	142	142	0	26	166	1	0	Straight	0.0	23898.3	24064.3	LINESTRING(440.250000 464.170000,434.630000 448.990000)
1	77	248	261	1	0	0	0	0	56	0	0	0	Right	7.158	24071.4	24127.4	LINESTRING(434.630000 448.990000,425.790000 447.450000)
1	78	261	260	1	1	325	325	0	58	378	1	0	Right	7.158	24134.6	24512.6	LINESTRING(425.790000 447.450000,431.250000 458.650000)
1	79	260	242	1	1	309	309	0	56	356	1	0	Straight	0.0	24512.6	24868.6	LINESTRING(431.250000 458.650000,437.280000 469.520000)
1	80	242	246	1	1	389	389	0	70	450	1	0	Right	7.158	24875.8	25325.8	LINESTRING(437.280000 469.520000,440.250000 464.170000)
1	81	246	637	1	1	307	307	0	55	355	1	0	Straight	0.0	25325.8	25680.8	LINESTRING(440.250000 464.170000,447.340000 455.370000)
1	82	637	2320	1	1	143	143	0	26	166	1	0	Right	7.158	25687.9	25853.9	LINESTRING(447.340000 455.370000,443.050000 445.000000)
1	83	2320	2027	1	1	102	102	0	18	118	1	0	Straight	0.0	25853.9	25971.9	LINESTRING(443.050000 445.000000,445.500000 432.720000)
1	84	2027	2258	1	1	112	112	0	20	130	1	0	Straight	0.0	25971.9	26101.9	LINESTRING(445.500000 432.720000,441.060000 420.210000)
1	85	2258	703	1	1	292	292	0	53	343	1	0	Right	7.158	26109.1	26452.1	LINESTRING(441.060000 420.210000,433.870000 426.280000)
1	86	703	269	1	1	153	153	0	27	177	1	0	Straight	0.0	26452.1	26629.1	LINESTRING(433.870000 426.280000,428.780000 435.510000)
1	87	269	248	1	0	0	0	0	19	0	0	0	Right	7.158	26636.2	26655.2	LINESTRING(428.780000 435.510000,434.630000 448.990000)
1	88	248	2320	1	1	302	302	0	54	354	1	0	Right	7.158	26662.4	27016.4	LINESTRING(434.630000 448.990000,443.050000 445.000000)
1	89	2320	2027	1	1	102	102	0	18	118	0	0	Right	7.158	27023.6	27041.6	LINESTRING(443.050000 445.000000,445.500000 432.720000)
1	90	2027	240	1	1	150	150	0	27	177	1	0	Left	14.316	27055.9	27232.9	LINESTRING(445.500000 432.720000,454.880000 433.830000)
1	91	240	239	1	1	69	69	0	13	73	1	0	Right	7.158	27240.0	27313.0	LINESTRING(454.880000 433.830000,461.100000 428.770000)
1	92	239	238	1	1	24	24	0	4	24	1	0	Straight	0.0	27313.0	27337.0	LINESTRING(461.100000 428.770000,467.340000 424.360000)
1	93	238	639	1	1	102	102	0	18	118	1	0	Straight	0.0	27337.0	27455.0	LINESTRING(467.340000 424.360000,473.650000 420.640000)
1	94	639	1872	1	1	77	77	0	14	84	1	0	Straight	0.0	27455.0	27539.0	LINESTRING(473.650000 420.640000,474.840000 417.080000)
1	95	1872	639	1	1	77	77	0	14	84	0	0	U	57.264	27596.3	27610.3	LINESTRING(474.840000 417.080000,473.650000 420.640000)
1	96	639	638	1	1	81	81	0	15	95	1	0	Right	7.158	27617.5	27712.5	LINESTRING(473.650000 420.640000,479.820000 418.660000)
1	97	638	2042	1	1	301	301	0	54	354	1	0	Straight	0.0	27712.5	28066.5	LINESTRING(479.820000 418.660000,486.010000 408.880000)
1	98	2042	2107	1	0	0	0	0	3	0	0	0	Straight	0.0	28066.5	28069.5	LINESTRING(486.010000 408.880000,491.180000 398.640000)
1	99	2107	288	1	1	134	134	0	24	154	1	0	Straight	0.0	28069.5	28223.5	LINESTRING(491.180000 398.640000,493.330000 387.690000)
1	100	288	289	1	1	539	539	0	97	627	1	0	Left	14.316	28237.8	28864.8	LINESTRING(493.330000 387.690000,509.380000 379.120000)
1	101	289	256	1	0	0	0	0	20	0	0	0	Right	7.158	28871.9	28891.9	LINESTRING(509.380000 379.120000,506.200000 372.840000)
1	102	256	255	1	0	0	0	0	9	0	0	0	Straight	0.0	28891.9	28900.9	LINESTRING(506.200000 372.840000,501.060000 367.200000)
1	103	255	259	1	0	0	0	0	1	0	0	0	Straight	0.0	28900.9	28901.9	LINESTRING(501.060000 367.200000,494.950000 361.820000)
1	104	259	271	1	0	0	0	0	20	0	0	0	Straight	0.0	28901.9	28921.9	LINESTRING(494.950000 361.820000,488.100000 356.510000)
1	105	271	718	1	0	0	0	0	25	0	0	0	Straight	0.0	28921.9	28946.9	LINESTRING(488.100000 356.510000,480.460000 352.220000)
1	106	718	1701	1	0	0	0	0	20	0	0	0	Straight	0.0	28946.9	28966.9	LINESTRING(480.460000 352.220000,473.260000 347.850000)
1	107	1701	334	1	0	0	0	0	15	0	0	0	Straight	0.0	28966.9	28981.9	LINESTRING(473.260000 347.850000,466.530000 343.330000)
1	108	334	1997	1	0	0	0	0	11	0	0	0	Straight	0.0	28981.9	28992.9	LINESTRING(466.530000 343.330000,459.720000 339.910000)
1	109	1997	1901	1	0	0	0	0	7	0	0	0	Straight	0.0	28992.9	28999.9	LINESTRING(459.720000 339.910000,453.670000 335.930000)
1	110	1901	736	1	0	0	0	0	8	0	0	0	Straight	0.0	28999.9	29007.9	LINESTRING(453.670000 335.930000,448.260000 331.650000)
1	111	736	739	1	0	0	0	0	19	0	0	0	Straight	0.0	29007.9	29026.9	LINESTRING(448.260000 331.650000,445.340000 326.220000)
1	112	739	746	1	0	0	0	0	11	0	0	0	Straight	0.0	29026.9	29037.9	LINESTRING(445.340000 326.220000,446.760000 320.540000)
1	113	746	750	1	0	0	0	0	10	0	0	0	Straight	0.0	29037.9	29047.9	LINESTRING(446.760000 320.540000,450.470000 317.040000)
1	114	750	353	1	0	0	0	0	48	0	0	0	Right	7.158	29055.1	29103.1	LINESTRING(450.470000 317.040000,444.720000 310.490000)
1	115	353	778	1	0	0	0	0	53	0	0	0	Straight	0.0	29103.1	29156.1	LINESTRING(444.720000 310.490000,429.670000 303.380000)
1	116	778	414	1	0	0	0	0	26	0	0	0	Straight	0.0	29156.1	29182.1	LINESTRING(429.670000 303.380000,414.560000 296.400000)
1	117	414	472	1	0	0	0	0	67	0	0	0	Straight	0.0	29182.1	29249.1	LINESTRING(414.560000 296.400000,403.050000 299.740000)
1	118	472	869	1	0	0	0	0	12	0	0	0	Straight	0.0	29249.1	29261.1	LINESTRING(403.050000 299.740000,392.350000 304.620000)
1	119	869	911	1	0	0	0	0	43	0	0	0	Straight	0.0	29261.1	29304.1	LINESTRING(392.350000 304.620000,382.620000 311.380000)
1	120	911	1823	1	0	0	0	0	4	0	0	0	Straight	0.0	29304.1	29308.1	LINESTRING(382.620000 311.380000,374.240000 318.590000)
1	121	1823	947	1	0	0	0	0	33	0	0	0	Straight	0.0	29308.1	29341.1	LINESTRING(374.240000 318.590000,367.480000 326.740000)
1	122	947	951	1	0	0	0	0	4	0	0	0	Straight	0.0	29341.1	29345.1	LINESTRING(367.480000 326.740000,362.600000 336.160000)
1	123	951	610	1	0	0	0	0	5	0	0	0	U	57.264	29402.3	29407.3	LINESTRING(362.600000 336.160000,383.270000 322.520000)
1	124	610	611	1	0	0	0	0	13	0	0	0	Straight	0.0	29407.3	29420.3	LINESTRING(383.270000 322.520000,386.970000 314.450000)
1	125	611	957	1	0	0	0	0	12	0	0	0	Straight	0.0	29420.3	29432.3	LINESTRING(386.970000 314.450000,393.420000 311.130000)
1	126	957	1528	1	0	0	0	0	9	0	0	0	Right	7.158	29439.5	29448.5	LINESTRING(393.420000 311.130000,385.690000 307.890000)
1	127	1528	1004	1	0	0	0	0	24	0	0	0	Straight	0.0	29448.5	29472.5	LINESTRING(385.690000 307.890000,378.590000 301.430000)
1	128	1004	2011	1	0	0	0	0	249	0	0	0	Straight	0.0	29472.5	29721.5	LINESTRING(378.590000 301.430000,372.780000 294.490000)
1	129	2011	923	1	0	0	0	0	100	0	0	0	Straight	0.0	29721.5	29821.5	LINESTRING(372.780000 294.490000,367.720000 288.770000)
1	130	923	922	1	0	0	0	0	20	0	0	0	Straight	0.0	29821.5	29841.5	LINESTRING(367.720000 288.770000,363.400000 284.320000)
1	131	922	2277	1	0	0	0	0	91	0	0	0	Straight	0.0	29841.5	29932.5	LINESTRING(363.400000 284.320000,360.380000 280.330000)
2	0	2277	2277	-1	-1	0	0	0	0	0	0	300		0.0	29932.5	30232.5	LINESTRING(360.380000 280.330000,360.380000 280.330000)
