Problem Type	Solution Method	Vehicle Capacity (Weight)	Vehicle Capacity(Volume)	Disposal Trips	Route Time	Route Time wo Turns	Computational Time(Sec)	Clustering Time(Sec)	VA(NHO)	VA(ATD)	VA(CCI)	VA(DMT)	VA(ROI)	VA(AOI)	Optimal
MCARPTIF-TP	WJ19	10000	10000	2	33462.8	28760	131.123	0	0.109992	1126.02	1.2	21548	0.772838	0.1807	0
Load No	Sequence No	From Node ID	To Node ID	IsEdge	Required	Weight	Volume	Travel Miles	Travel Time	Service Time	Served	Dumped	Turn Type	Turn Cost	Depart Time	Arrival Time	Shape
0	0	2277	922	1	0	0	0	0	91	0	0	300		0.0	300.0	391.0	LINESTRING(360.380000 280.330000,363.400000 284.320000)
0	1	922	923	1	0	0	0	0	20	0	0	0	Straight	0.0	391.0	411.0	LINESTRING(363.400000 284.320000,367.720000 288.770000)
0	2	923	2011	1	0	0	0	0	100	0	0	0	Straight	0.0	411.0	511.0	LINESTRING(367.720000 288.770000,372.780000 294.490000)
0	3	2011	1004	1	0	0	0	0	249	0	0	0	Straight	0.0	511.0	760.0	LINESTRING(372.780000 294.490000,378.590000 301.430000)
0	4	1004	1528	1	0	0	0	0	24	0	0	0	Straight	0.0	760.0	784.0	LINESTRING(378.590000 301.430000,385.690000 307.890000)
0	5	1528	611	0	0	0	0	0	16	0	0	0	Straight	0.0	784.0	800.0	LINESTRING(385.690000 307.890000,386.970000 314.450000)
0	6	611	610	1	0	0	0	0	13	0	0	0	Straight	0.0	800.0	813.0	LINESTRING(386.970000 314.450000,383.270000 322.520000)
0	7	610	951	1	0	0	0	0	5	0	0	0	Straight	0.0	813.0	818.0	LINESTRING(383.270000 322.520000,362.600000 336.160000)
0	8	951	561	1	0	0	0	0	65	0	0	0	Straight	0.0	818.0	883.0	LINESTRING(362.600000 336.160000,341.600000 352.600000)
0	9	561	900	1	0	0	0	0	83	0	0	0	Straight	0.0	883.0	966.0	LINESTRING(341.600000 352.600000,313.770000 368.790000)
0	10	900	1553	1	0	0	0	0	42	0	0	0	Straight	0.0	966.0	1008.0	LINESTRING(313.770000 368.790000,285.870000 384.490000)
0	11	1553	2313	1	0	0	0	0	55	0	0	0	Straight	0.0	1008.0	1063.0	LINESTRING(285.870000 384.490000,258.180000 400.590000)
0	12	2313	1965	1	0	0	0	0	155	0	0	0	Straight	0.0	1063.0	1218.0	LINESTRING(258.180000 400.590000,235.220000 422.080000)
0	13	1965	1625	1	0	0	0	0	29	0	0	0	U	57.264	1275.26	1304.26	LINESTRING(235.220000 422.080000,238.330000 396.480000)
0	14	1625	590	0	0	0	0	0	6	0	0	0	Straight	0.0	1304.26	1310.26	LINESTRING(238.330000 396.480000,241.200000 373.740000)
0	15	590	591	1	0	0	0	0	38	0	0	0	Straight	0.0	1310.26	1348.26	LINESTRING(241.200000 373.740000,243.650000 348.460000)
0	16	591	2151	0	0	0	0	0	4	0	0	0	Straight	0.0	1348.26	1352.26	LINESTRING(243.650000 348.460000,253.080000 337.090000)
0	17	2151	1687	0	0	0	0	0	3	0	0	0	Straight	0.0	1352.26	1355.26	LINESTRING(253.080000 337.090000,263.280000 331.000000)
0	18	1687	925	1	0	0	0	0	19	0	0	0	Left	14.316	1369.58	1388.58	LINESTRING(263.280000 331.000000,283.040000 336.760000)
0	19	925	820	1	0	0	0	0	120	0	0	0	Straight	0.0	1388.58	1508.58	LINESTRING(283.040000 336.760000,302.800000 343.060000)
0	20	820	1753	1	0	0	0	0	16	0	0	0	Straight	0.0	1508.58	1524.58	LINESTRING(302.800000 343.060000,322.810000 349.830000)
0	21	1753	420	1	0	0	0	0	3	0	0	0	Straight	0.0	1524.58	1527.58	LINESTRING(322.810000 349.830000,341.770000 358.890000)
0	22	420	419	0	0	0	0	0	12	0	0	0	U	57.264	1584.84	1596.84	LINESTRING(341.770000 358.890000,333.650000 347.610000)
0	23	419	810	1	1	14	14	0	3	13	1	0	Straight	0.0	1596.84	1609.84	LINESTRING(333.650000 347.610000,326.680000 343.370000)
0	24	810	433	1	1	53	53	0	9	59	1	0	Straight	0.0	1609.84	1668.84	LINESTRING(326.680000 343.370000,321.620000 338.750000)
0	25	433	2079	1	1	45	45	0	8	48	1	0	Straight	0.0	1668.84	1716.84	LINESTRING(321.620000 338.750000,317.150000 336.890000)
0	26	2079	433	1	1	45	45	0	8	48	0	0	U	57.264	1774.11	1782.11	LINESTRING(317.150000 336.890000,321.620000 338.750000)
0	27	433	432	1	1	30	30	0	5	35	1	0	Right	7.158	1789.27	1824.27	LINESTRING(321.620000 338.750000,320.400000 334.630000)
0	28	432	433	1	1	30	30	0	5	35	0	0	U	57.264	1881.53	1886.53	LINESTRING(320.400000 334.630000,321.620000 338.750000)
0	29	433	810	1	1	53	53	0	9	59	0	0	Straight	0.0	1886.53	1895.53	LINESTRING(321.620000 338.750000,326.680000 343.370000)
0	30	810	1753	0	0	0	0	0	12	0	0	0	Left	14.316	1909.85	1921.85	LINESTRING(326.680000 343.370000,322.810000 349.830000)
0	31	1753	420	1	0	0	0	0	3	0	0	0	Right	7.158	1929.0	1932.0	LINESTRING(322.810000 349.830000,341.770000 358.890000)
0	32	420	1752	1	0	0	0	0	13	0	0	0	Straight	0.0	1932.0	1945.0	LINESTRING(341.770000 358.890000,362.670000 372.890000)
0	33	1752	436	1	1	88	88	0	16	96	1	0	U	57.264	2002.27	2098.27	LINESTRING(362.670000 372.890000,357.840000 370.540000)
0	34	436	2275	1	1	123	123	0	22	142	1	0	Left	14.316	2112.58	2254.58	LINESTRING(357.840000 370.540000,357.820000 366.500000)
0	35	2275	436	1	1	123	123	0	22	142	0	0	U	57.264	2311.85	2333.85	LINESTRING(357.820000 366.500000,357.840000 370.540000)
0	36	436	437	1	1	85	85	0	15	95	1	0	Left	14.316	2348.16	2443.16	LINESTRING(357.840000 370.540000,353.830000 368.330000)
0	37	437	436	1	1	85	85	0	15	95	0	0	U	57.264	2500.43	2515.43	LINESTRING(353.830000 368.330000,357.840000 370.540000)
0	38	436	2231	1	1	21	21	0	4	24	1	0	Left	14.316	2529.74	2553.74	LINESTRING(357.840000 370.540000,354.350000 372.650000)
0	39	2231	436	1	1	21	21	0	4	24	0	0	U	57.264	2611.01	2615.01	LINESTRING(354.350000 372.650000,357.840000 370.540000)
0	40	436	1752	1	1	88	88	0	16	96	0	0	Left	14.316	2629.32	2645.32	LINESTRING(357.840000 370.540000,362.670000 372.890000)
0	41	1752	1820	1	0	0	0	0	37	0	0	0	Straight	0.0	2645.32	2682.32	LINESTRING(362.670000 372.890000,383.950000 386.980000)
0	42	1820	1821	1	1	228	228	0	41	261	1	0	Left	14.316	2696.64	2957.64	LINESTRING(383.950000 386.980000,378.500000 398.750000)
0	43	1821	766	1	1	231	231	0	42	272	1	0	Straight	0.0	2957.64	3229.64	LINESTRING(378.500000 398.750000,371.440000 408.740000)
0	44	766	780	1	1	50	50	0	9	59	1	0	Straight	0.0	3229.64	3288.64	LINESTRING(371.440000 408.740000,363.920000 416.020000)
0	45	780	781	1	1	26	26	0	5	25	1	0	Left	14.316	3302.96	3327.96	LINESTRING(363.920000 416.020000,360.130000 413.270000)
0	46	781	780	1	1	26	26	0	5	25	0	0	U	57.264	3385.22	3390.22	LINESTRING(360.130000 413.270000,363.920000 416.020000)
0	47	780	398	1	1	113	113	0	20	130	1	0	Left	14.316	3404.54	3534.54	LINESTRING(363.920000 416.020000,358.850000 425.040000)
0	48	398	786	1	1	115	115	0	21	131	1	0	Straight	0.0	3534.54	3665.54	LINESTRING(358.850000 425.040000,353.220000 433.320000)
0	49	786	785	1	1	85	85	0	15	95	1	0	Straight	0.0	3665.54	3760.54	LINESTRING(353.220000 433.320000,348.230000 442.330000)
0	50	785	2265	1	1	148	148	0	27	167	1	0	Straight	0.0	3760.54	3927.54	LINESTRING(348.230000 442.330000,343.130000 451.040000)
0	51	2265	417	0	0	0	0	0	5	0	0	0	Straight	0.0	3927.54	3932.54	LINESTRING(343.130000 451.040000,341.160000 458.170000)
0	52	417	418	1	1	165	165	0	30	190	1	0	Straight	0.0	3932.54	4122.54	LINESTRING(341.160000 458.170000,337.050000 465.390000)
0	53	418	1555	1	0	0	0	0	14	0	0	0	U	57.264	4179.8	4193.8	LINESTRING(337.050000 465.390000,339.130000 457.480000)
0	54	1555	2265	1	0	0	0	0	4	0	0	0	Straight	0.0	4193.8	4197.8	LINESTRING(339.130000 457.480000,343.130000 451.040000)
0	55	2265	785	1	1	148	148	0	27	167	0	0	Straight	0.0	4197.8	4224.8	LINESTRING(343.130000 451.040000,348.230000 442.330000)
0	56	785	403	1	1	119	119	0	21	131	1	0	Left	14.316	4239.12	4370.12	LINESTRING(348.230000 442.330000,349.890000 445.900000)
0	57	403	402	1	0	0	0	0	18	0	0	0	Right	7.158	4377.27	4395.27	LINESTRING(349.890000 445.900000,354.340000 436.870000)
0	58	402	1647	1	1	112	112	0	20	130	1	0	Right	7.158	4402.43	4532.43	LINESTRING(354.340000 436.870000,350.230000 433.100000)
0	59	1647	1876	1	1	35	35	0	6	36	1	0	Straight	0.0	4532.43	4568.43	LINESTRING(350.230000 433.100000,346.930000 429.960000)
0	60	1876	1647	1	1	35	35	0	6	36	0	0	U	57.264	4625.7	4631.7	LINESTRING(346.930000 429.960000,350.230000 433.100000)
0	61	1647	786	1	1	75	75	0	13	83	1	0	Straight	0.0	4631.7	4714.7	LINESTRING(350.230000 433.100000,353.220000 433.320000)
0	62	786	398	1	1	115	115	0	21	131	0	0	Right	7.158	4721.85	4742.85	LINESTRING(353.220000 433.320000,358.850000 425.040000)
0	63	398	397	1	1	336	336	0	60	390	1	0	Left	14.316	4757.17	5147.17	LINESTRING(358.850000 425.040000,360.850000 429.300000)
0	64	397	747	1	0	0	0	0	21	0	0	0	Right	7.158	5154.33	5175.33	LINESTRING(360.850000 429.300000,368.450000 423.480000)
0	65	747	765	1	1	242	242	0	44	284	1	0	Straight	0.0	5175.33	5459.33	LINESTRING(368.450000 423.480000,372.020000 416.250000)
0	66	765	766	1	1	193	193	0	35	225	1	0	Straight	0.0	5459.33	5684.33	LINESTRING(372.020000 416.250000,371.440000 408.740000)
0	67	766	1821	1	1	231	231	0	42	272	0	0	Straight	0.0	5684.33	5726.33	LINESTRING(371.440000 408.740000,378.500000 398.750000)
0	68	1821	2329	1	1	68	68	0	12	72	1	0	Right	7.158	5733.49	5805.49	LINESTRING(378.500000 398.750000,375.550000 395.360000)
0	69	2329	1821	1	1	68	68	0	12	72	0	0	U	57.264	5862.75	5874.75	LINESTRING(375.550000 395.360000,378.500000 398.750000)
0	70	1821	1612	1	1	132	132	0	24	154	1	0	Straight	0.0	5874.75	6028.75	LINESTRING(378.500000 398.750000,383.330000 405.750000)
0	71	1612	1613	1	1	120	120	0	22	142	1	0	U	57.264	6086.01	6228.01	LINESTRING(383.330000 405.750000,379.870000 403.320000)
0	72	1613	1612	1	1	120	120	0	22	142	0	0	U	57.264	6285.28	6307.28	LINESTRING(379.870000 403.320000,383.330000 405.750000)
0	73	1612	748	1	0	0	0	0	18	0	0	0	Right	7.158	6314.44	6332.44	LINESTRING(383.330000 405.750000,389.850000 403.350000)
0	74	748	749	1	1	71	71	0	13	83	1	0	Left	14.316	6346.75	6429.75	LINESTRING(389.850000 403.350000,392.510000 409.770000)
0	75	749	1902	1	1	48	48	0	9	49	1	0	U	57.264	6487.02	6536.02	LINESTRING(392.510000 409.770000,389.420000 407.940000)
0	76	1902	749	1	1	48	48	0	9	49	0	0	U	57.264	6593.28	6602.28	LINESTRING(389.420000 407.940000,392.510000 409.770000)
0	77	749	733	1	1	49	49	0	9	49	1	0	Straight	0.0	6602.28	6651.28	LINESTRING(392.510000 409.770000,396.360000 416.740000)
0	78	733	749	1	1	49	49	0	9	49	0	0	U	57.264	6708.54	6717.54	LINESTRING(396.360000 416.740000,392.510000 409.770000)
0	79	749	748	1	1	71	71	0	13	83	0	0	Straight	0.0	6717.54	6730.54	LINESTRING(392.510000 409.770000,389.850000 403.350000)
0	80	748	367	1	0	0	0	0	23	0	0	0	Left	14.316	6744.86	6767.86	LINESTRING(389.850000 403.350000,394.110000 397.210000)
0	81	367	752	1	1	102	102	0	18	118	1	0	Left	14.316	6782.18	6900.18	LINESTRING(394.110000 397.210000,403.230000 396.490000)
0	82	752	367	1	1	102	102	0	18	118	0	0	U	57.264	6957.44	6975.44	LINESTRING(403.230000 396.490000,394.110000 397.210000)
0	83	367	1820	1	1	131	131	0	23	153	1	0	Left	14.316	6989.76	7142.76	LINESTRING(394.110000 397.210000,383.950000 386.980000)
0	84	1820	1821	1	1	228	228	0	41	261	0	0	Right	7.158	7149.91	7190.91	LINESTRING(383.950000 386.980000,378.500000 398.750000)
0	85	1821	766	1	1	231	231	0	42	272	0	0	Straight	0.0	7190.91	7232.91	LINESTRING(378.500000 398.750000,371.440000 408.740000)
0	86	766	780	1	1	50	50	0	9	59	0	0	Straight	0.0	7232.91	7241.91	LINESTRING(371.440000 408.740000,363.920000 416.020000)
0	87	780	398	1	1	113	113	0	20	130	0	0	Straight	0.0	7241.91	7261.91	LINESTRING(363.920000 416.020000,358.850000 425.040000)
0	88	398	786	1	1	115	115	0	21	131	0	0	Straight	0.0	7261.91	7282.91	LINESTRING(358.850000 425.040000,353.220000 433.320000)
0	89	786	785	1	1	85	85	0	15	95	0	0	Straight	0.0	7282.91	7297.91	LINESTRING(353.220000 433.320000,348.230000 442.330000)
0	90	785	2265	1	1	148	148	0	27	167	0	0	Straight	0.0	7297.91	7324.91	LINESTRING(348.230000 442.330000,343.130000 451.040000)
0	91	2265	1555	1	0	0	0	0	4	0	0	0	Straight	0.0	7324.91	7328.91	LINESTRING(343.130000 451.040000,339.130000 457.480000)
0	92	1555	418	1	0	0	0	0	14	0	0	0	Straight	0.0	7328.91	7342.91	LINESTRING(339.130000 457.480000,337.050000 465.390000)
0	93	418	449	1	0	0	0	0	26	0	0	0	Straight	0.0	7342.91	7368.91	LINESTRING(337.050000 465.390000,334.570000 475.570000)
0	94	449	470	1	0	0	0	0	14	0	0	0	Straight	0.0	7368.91	7382.91	LINESTRING(334.570000 475.570000,328.670000 491.090000)
0	95	470	843	1	0	0	0	0	17	0	0	0	Straight	0.0	7382.91	7399.91	LINESTRING(328.670000 491.090000,328.110000 505.230000)
0	96	843	452	1	0	0	0	0	46	0	0	0	Straight	0.0	7399.91	7445.91	LINESTRING(328.110000 505.230000,339.490000 522.500000)
0	97	452	849	0	1	65	65	0	23	153	1	0	Left	14.316	7460.23	7613.23	LINESTRING(339.490000 522.500000,326.290000 530.990000)
0	98	849	842	1	0	0	0	0	1	0	0	0	Right	7.158	7620.39	7621.39	LINESTRING(326.290000 530.990000,342.350000 542.230000)
0	99	842	443	0	1	80	80	0	29	179	1	0	Left	14.316	7635.7	7814.7	LINESTRING(342.350000 542.230000,341.810000 562.430000)
0	100	443	1586	1	0	0	0	0	1	0	0	0	Right	7.158	7821.86	7822.86	LINESTRING(341.810000 562.430000,358.660000 555.050000)
0	101	1586	1955	1	1	334	334	0	60	390	1	0	Left	14.316	7837.18	8227.18	LINESTRING(358.660000 555.050000,367.610000 565.530000)
0	102	1955	774	1	1	8	8	0	1	1	1	0	Left	14.316	8241.49	8242.49	LINESTRING(367.610000 565.530000,366.340000 575.440000)
0	103	774	373	1	1	117	117	0	21	131	1	0	Right	7.158	8249.65	8380.65	LINESTRING(366.340000 575.440000,376.600000 576.370000)
0	104	373	1680	1	1	57	57	0	10	60	1	0	Right	7.158	8387.81	8447.81	LINESTRING(376.600000 576.370000,376.630000 570.300000)
0	105	1680	373	1	1	57	57	0	10	60	0	0	U	57.264	8505.07	8515.07	LINESTRING(376.630000 570.300000,376.600000 576.370000)
0	106	373	372	1	1	375	375	0	68	438	1	0	Right	7.158	8522.23	8960.23	LINESTRING(376.600000 576.370000,386.580000 580.020000)
0	107	372	2031	1	0	0	0	0	23	0	0	0	Left	14.316	8974.55	8997.55	LINESTRING(386.580000 580.020000,386.740000 590.880000)
0	108	2031	1875	0	1	47	47	0	8	48	1	0	Straight	0.0	8997.55	9045.55	LINESTRING(386.740000 590.880000,382.720000 595.720000)
0	109	1875	365	1	1	112	112	0	20	130	1	0	Left	14.316	9059.86	9189.86	LINESTRING(382.720000 595.720000,373.980000 595.380000)
0	110	365	722	1	1	585	585	0	105	685	1	0	Right	7.158	9197.02	9882.02	LINESTRING(373.980000 595.380000,371.310000 599.280000)
0	111	722	1998	1	1	117	117	0	21	131	1	0	Left	14.316	9896.34	10027.3	LINESTRING(371.310000 599.280000,362.530000 595.890000)
0	112	1998	379	1	1	138	138	0	25	155	1	0	Straight	0.0	10027.3	10182.3	LINESTRING(362.530000 595.890000,353.200000 592.790000)
0	113	379	1614	1	1	123	123	0	22	142	1	0	Straight	0.0	10182.3	10324.3	LINESTRING(353.200000 592.790000,342.000000 591.520000)
0	114	1614	1781	1	1	123	123	0	22	142	1	0	Straight	0.0	10324.3	10466.3	LINESTRING(342.000000 591.520000,329.690000 592.910000)
0	115	1781	1684	1	1	152	152	0	27	177	1	0	Straight	0.0	10466.3	10643.3	LINESTRING(329.690000 592.910000,315.740000 597.100000)
0	116	1684	1685	1	1	152	152	0	27	177	1	0	Right	7.158	10650.5	10827.5	LINESTRING(315.740000 597.100000,314.680000 616.250000)
0	117	1685	868	1	1	183	183	0	33	213	1	0	Straight	0.0	10827.5	11040.5	LINESTRING(314.680000 616.250000,313.420000 635.480000)
0	118	868	558	1	1	241	241	0	43	283	1	0	Straight	0.0	11040.5	11323.5	LINESTRING(313.420000 635.480000,312.500000 653.360000)
0	119	558	618	1	1	329	329	0	59	379	1	0	Straight	0.0	11323.5	11702.5	LINESTRING(312.500000 653.360000,313.250000 669.920000)
0	120	618	616	1	1	34	34	0	6	36	1	0	Straight	0.0	11702.5	11738.5	LINESTRING(313.250000 669.920000,317.300000 678.230000)
0	121	616	617	1	1	59	59	0	11	61	1	0	Straight	0.0	11738.5	11799.5	LINESTRING(317.300000 678.230000,317.200000 683.050000)
0	122	617	616	1	1	59	59	0	11	61	0	0	U	57.264	11856.8	11867.8	LINESTRING(317.200000 683.050000,317.300000 678.230000)
0	123	616	619	1	1	40	40	0	7	47	1	0	U	57.264	11925.0	11972.0	LINESTRING(317.300000 678.230000,321.930000 683.920000)
0	124	619	2253	1	1	25	25	0	5	25	1	0	Straight	0.0	11972.0	11997.0	LINESTRING(321.930000 683.920000,323.550000 688.880000)
0	125	2253	619	1	1	25	25	0	5	25	0	0	U	57.264	12054.3	12059.3	LINESTRING(323.550000 688.880000,321.930000 683.920000)
0	126	619	959	1	1	9	9	0	2	2	1	0	Left	14.316	12073.6	12075.6	LINESTRING(321.930000 683.920000,326.400000 683.110000)
0	127	959	619	1	1	9	9	0	2	2	0	0	U	57.264	12132.9	12134.9	LINESTRING(326.400000 683.110000,321.930000 683.920000)
0	128	619	616	1	1	40	40	0	7	47	0	0	Left	14.316	12149.2	12156.2	LINESTRING(321.930000 683.920000,317.300000 678.230000)
0	129	616	618	1	1	34	34	0	6	36	0	0	Straight	0.0	12156.2	12162.2	LINESTRING(317.300000 678.230000,313.250000 669.920000)
0	130	618	2358	1	1	14	14	0	3	13	1	0	U	57.264	12219.4	12232.4	LINESTRING(313.250000 669.920000,310.980000 683.740000)
0	131	2358	2409	1	1	28	28	0	5	25	1	0	Straight	0.0	12232.4	12257.4	LINESTRING(310.980000 683.740000,310.850000 688.970000)
0	132	2409	2358	1	1	28	28	0	5	25	0	0	U	57.264	12314.7	12319.7	LINESTRING(310.850000 688.970000,310.980000 683.740000)
0	133	2358	960	1	1	63	63	0	11	71	1	0	U	57.264	12377.0	12448.0	LINESTRING(310.980000 683.740000,308.600000 696.030000)
0	134	960	961	1	1	30	30	0	5	35	1	0	Straight	0.0	12448.0	12483.0	LINESTRING(308.600000 696.030000,309.480000 700.910000)
0	135	961	960	1	1	30	30	0	5	35	0	0	U	57.264	12540.2	12545.2	LINESTRING(309.480000 700.910000,308.600000 696.030000)
0	136	960	963	1	1	54	54	0	10	60	1	0	U	57.264	12602.5	12662.5	LINESTRING(308.600000 696.030000,305.490000 706.200000)
0	137	963	969	1	1	38	38	0	7	37	1	0	Straight	0.0	12662.5	12699.5	LINESTRING(305.490000 706.200000,305.700000 716.390000)
0	138	969	1661	1	1	65	65	0	12	72	1	0	Straight	0.0	12699.5	12771.5	LINESTRING(305.700000 716.390000,306.040000 721.330000)
0	139	1661	969	1	1	65	65	0	12	72	0	0	U	57.264	12828.8	12840.8	LINESTRING(306.040000 721.330000,305.700000 716.390000)
0	140	969	968	1	1	24	24	0	4	24	1	0	U	57.264	12898.0	12922.0	LINESTRING(305.700000 716.390000,308.940000 720.530000)
0	141	968	969	1	1	24	24	0	4	24	0	0	U	57.264	12979.3	12983.3	LINESTRING(308.940000 720.530000,305.700000 716.390000)
0	142	969	1885	1	1	22	22	0	4	24	1	0	Right	7.158	12990.5	13014.5	LINESTRING(305.700000 716.390000,303.420000 722.400000)
0	143	1885	969	1	1	22	22	0	4	24	0	0	U	57.264	13071.7	13075.7	LINESTRING(303.420000 722.400000,305.700000 716.390000)
0	144	969	963	1	1	38	38	0	7	37	0	0	Straight	0.0	13075.7	13082.7	LINESTRING(305.700000 716.390000,305.490000 706.200000)
0	145	963	654	1	1	10	10	0	2	12	1	0	Right	7.158	13089.9	13101.9	LINESTRING(305.490000 706.200000,299.260000 711.460000)
0	146	654	2190	1	1	32	32	0	6	36	1	0	Straight	0.0	13101.9	13137.9	LINESTRING(299.260000 711.460000,297.720000 717.040000)
0	147	2190	654	1	1	32	32	0	6	36	0	0	U	57.264	13195.1	13201.1	LINESTRING(297.720000 717.040000,299.260000 711.460000)
0	148	654	655	1	1	54	54	0	10	60	1	0	Right	7.158	13208.3	13268.3	LINESTRING(299.260000 711.460000,292.830000 712.520000)
0	149	655	2389	1	1	39	39	0	7	37	1	0	Right	7.158	13275.5	13312.5	LINESTRING(292.830000 712.520000,290.340000 718.070000)
0	150	2389	655	1	1	39	39	0	7	37	0	0	U	57.264	13369.7	13376.7	LINESTRING(290.340000 718.070000,292.830000 712.520000)
0	151	655	976	1	1	12	12	0	2	12	1	0	Straight	0.0	13376.7	13388.7	LINESTRING(292.830000 712.520000,290.660000 705.630000)
0	152	976	642	1	1	119	119	0	21	131	1	0	Straight	0.0	13388.7	13519.7	LINESTRING(290.660000 705.630000,289.540000 697.420000)
0	153	642	1688	1	1	27	27	0	5	25	1	0	Right	7.158	13526.9	13551.9	LINESTRING(289.540000 697.420000,282.990000 702.580000)
0	154	1688	623	1	1	50	50	0	9	59	1	0	Straight	0.0	13551.9	13610.9	LINESTRING(282.990000 702.580000,278.420000 706.120000)
0	155	623	2384	1	1	33	33	0	6	36	1	0	Straight	0.0	13610.9	13646.9	LINESTRING(278.420000 706.120000,276.840000 711.480000)
0	156	2384	623	1	1	33	33	0	6	36	0	0	U	57.264	13704.1	13710.1	LINESTRING(276.840000 711.480000,278.420000 706.120000)
0	157	623	624	1	1	7	7	0	1	1	1	0	U	57.264	13767.4	13768.4	LINESTRING(278.420000 706.120000,273.940000 709.330000)
0	158	624	623	1	1	7	7	0	1	1	0	0	U	57.264	13825.7	13826.7	LINESTRING(273.940000 709.330000,278.420000 706.120000)
0	159	623	1688	1	1	50	50	0	9	59	0	0	Straight	0.0	13826.7	13835.7	LINESTRING(278.420000 706.120000,282.990000 702.580000)
0	160	1688	2152	1	1	33	33	0	6	36	1	0	U	57.264	13892.9	13928.9	LINESTRING(282.990000 702.580000,278.600000 703.610000)
0	161	2152	1688	1	1	33	33	0	6	36	0	0	U	57.264	13986.2	13992.2	LINESTRING(278.600000 703.610000,282.990000 702.580000)
0	162	1688	642	1	1	27	27	0	5	25	0	0	Straight	0.0	13992.2	13997.2	LINESTRING(282.990000 702.580000,289.540000 697.420000)
0	163	642	641	1	1	46	46	0	8	48	1	0	Straight	0.0	13997.2	14045.2	LINESTRING(289.540000 697.420000,294.270000 686.260000)
0	164	641	1737	1	1	144	144	0	26	166	1	0	U	57.264	14102.5	14268.5	LINESTRING(294.270000 686.260000,291.320000 690.450000)
0	165	1737	641	1	1	144	144	0	26	166	0	0	U	57.264	14325.7	14351.7	LINESTRING(291.320000 690.450000,294.270000 686.260000)
0	166	641	612	1	1	103	103	0	18	118	1	0	Straight	0.0	14351.7	14469.7	LINESTRING(294.270000 686.260000,300.960000 673.730000)
0	167	612	2332	1	1	35	35	0	6	36	1	0	U	57.264	14527.0	14563.0	LINESTRING(300.960000 673.730000,299.530000 681.800000)
0	168	2332	2333	1	1	62	62	0	11	71	1	0	Straight	0.0	14563.0	14634.0	LINESTRING(299.530000 681.800000,297.450000 686.540000)
0	169	2333	2332	1	1	62	62	0	11	71	0	0	U	57.264	14691.3	14702.3	LINESTRING(297.450000 686.540000,299.530000 681.800000)
0	170	2332	2366	1	1	59	59	0	11	61	1	0	U	57.264	14759.5	14820.5	LINESTRING(299.530000 681.800000,300.220000 687.100000)
0	171	2366	2332	1	1	59	59	0	11	61	0	0	U	57.264	14877.8	14888.8	LINESTRING(300.220000 687.100000,299.530000 681.800000)
0	172	2332	612	1	1	35	35	0	6	36	0	0	Straight	0.0	14888.8	14894.8	LINESTRING(299.530000 681.800000,300.960000 673.730000)
0	173	612	557	1	1	228	228	0	41	261	1	0	Straight	0.0	14894.8	15155.8	LINESTRING(300.960000 673.730000,307.440000 658.550000)
0	174	557	558	1	1	263	263	0	47	307	1	0	Straight	0.0	15155.8	15462.8	LINESTRING(307.440000 658.550000,312.500000 653.360000)
0	175	558	868	1	1	241	241	0	43	283	0	0	Straight	0.0	15462.8	15505.8	LINESTRING(312.500000 653.360000,313.420000 635.480000)
0	176	868	867	1	1	133	133	0	24	154	1	0	U	57.264	15563.0	15717.0	LINESTRING(313.420000 635.480000,311.560000 641.890000)
0	177	867	535	1	1	375	375	0	68	438	1	0	Straight	0.0	15717.0	16155.0	LINESTRING(311.560000 641.890000,309.390000 647.900000)
0	178	535	557	1	1	132	132	0	24	154	1	0	Straight	0.0	16155.0	16309.0	LINESTRING(309.390000 647.900000,307.440000 658.550000)
0	179	557	535	1	1	132	132	0	24	154	0	0	U	57.264	16366.3	16390.3	LINESTRING(307.440000 658.550000,309.390000 647.900000)
0	180	535	534	1	1	167	167	0	30	190	1	0	Straight	0.0	16390.3	16580.3	LINESTRING(309.390000 647.900000,309.500000 639.240000)
0	181	534	867	1	1	329	329	0	59	379	1	0	U	57.264	16637.6	17016.6	LINESTRING(309.500000 639.240000,311.560000 641.890000)
0	182	867	534	1	1	329	329	0	59	379	0	0	U	57.264	17073.8	17132.8	LINESTRING(311.560000 641.890000,309.500000 639.240000)
0	183	534	490	1	1	36	36	0	6	36	1	0	Straight	0.0	17132.8	17168.8	LINESTRING(309.500000 639.240000,309.270000 630.070000)
0	184	490	489	1	1	106	106	0	19	119	1	0	Straight	0.0	17168.8	17287.8	LINESTRING(309.270000 630.070000,316.790000 614.240000)
0	185	489	848	1	0	0	0	0	5	0	0	0	Straight	0.0	17287.8	17292.8	LINESTRING(316.790000 614.240000,320.710000 607.250000)
0	186	848	1976	1	1	69	69	0	12	72	1	0	Straight	0.0	17292.8	17364.8	LINESTRING(320.710000 607.250000,322.910000 600.020000)
0	187	1976	444	1	0	0	0	0	14	0	0	0	Straight	0.0	17364.8	17378.8	LINESTRING(322.910000 600.020000,329.220000 584.090000)
0	188	444	443	1	0	0	0	0	19	0	0	0	Straight	0.0	17378.8	17397.8	LINESTRING(329.220000 584.090000,341.810000 562.430000)
0	189	443	1586	1	0	0	0	0	1	0	0	0	Straight	0.0	17397.8	17398.8	LINESTRING(341.810000 562.430000,358.660000 555.050000)
0	190	1586	442	1	0	0	0	0	5	0	0	0	Straight	0.0	17398.8	17403.8	LINESTRING(358.660000 555.050000,368.860000 539.840000)
0	191	442	415	0	0	0	0	0	27	0	0	0	Straight	0.0	17403.8	17430.8	LINESTRING(368.860000 539.840000,384.780000 529.860000)
0	192	415	416	1	0	0	0	0	178	0	0	0	Straight	0.0	17430.8	17608.8	LINESTRING(384.780000 529.860000,415.080000 521.650000)
0	193	416	221	1	0	0	0	0	155	0	0	0	Straight	0.0	17608.8	17763.8	LINESTRING(415.080000 521.650000,438.140000 503.310000)
0	194	221	222	1	0	0	0	0	46	0	0	0	Straight	0.0	17763.8	17809.8	LINESTRING(438.140000 503.310000,458.020000 492.700000)
0	195	222	565	1	0	0	0	0	59	0	0	0	Straight	0.0	17809.8	17868.8	LINESTRING(458.020000 492.700000,476.240000 482.630000)
0	196	565	170	1	0	0	0	0	9	0	0	0	Left	14.316	17883.2	17892.2	LINESTRING(476.240000 482.630000,475.680000 495.280000)
0	197	170	171	1	0	0	0	0	32	0	0	0	Right	7.158	17899.3	17931.3	LINESTRING(475.680000 495.280000,482.040000 494.670000)
0	198	171	158	1	0	0	0	0	12	0	0	0	Straight	0.0	17931.3	17943.3	LINESTRING(482.040000 494.670000,488.410000 494.440000)
0	199	158	159	1	0	0	0	0	14	0	0	0	Straight	0.0	17943.3	17957.3	LINESTRING(488.410000 494.440000,493.680000 496.170000)
0	200	159	1180	1	0	0	0	0	18	0	0	0	Straight	0.0	17957.3	17975.3	LINESTRING(493.680000 496.170000,501.070000 493.200000)
0	201	1180	1181	1	0	0	0	0	17	0	0	0	Straight	0.0	17975.3	17992.3	LINESTRING(501.070000 493.200000,507.660000 481.540000)
0	202	1181	1160	1	0	0	0	0	45	0	0	0	Left	14.316	18006.6	18051.6	LINESTRING(507.660000 481.540000,521.430000 492.300000)
0	203	1160	1159	1	0	0	0	0	54	0	0	0	Straight	0.0	18051.6	18105.6	LINESTRING(521.430000 492.300000,539.710000 492.950000)
0	204	1159	1174	0	0	0	0	0	9	0	0	0	Straight	0.0	18105.6	18114.6	LINESTRING(539.710000 492.950000,553.710000 499.300000)
0	205	1174	1175	0	0	0	0	0	1	0	0	0	Straight	0.0	18114.6	18115.6	LINESTRING(553.710000 499.300000,564.220000 513.380000)
0	206	1175	1169	0	0	0	0	0	49	0	0	0	Straight	0.0	18115.6	18164.6	LINESTRING(564.220000 513.380000,567.250000 533.080000)
0	207	1169	1170	0	0	0	0	0	8	0	0	0	Right	7.158	18171.8	18179.8	LINESTRING(567.250000 533.080000,577.940000 535.120000)
0	208	1170	1390	0	0	0	0	0	1	0	0	0	Straight	0.0	18179.8	18180.8	LINESTRING(577.940000 535.120000,590.940000 538.410000)
0	209	1390	1168	0	0	0	0	0	6	0	0	0	Left	14.316	18195.1	18201.1	LINESTRING(590.940000 538.410000,595.630000 547.920000)
0	210	1168	1163	0	0	0	0	0	3	0	0	0	Straight	0.0	18201.1	18204.1	LINESTRING(595.630000 547.920000,604.200000 555.860000)
0	211	1163	1164	0	0	0	0	0	7	0	0	0	Straight	0.0	18204.1	18211.1	LINESTRING(604.200000 555.860000,616.380000 560.090000)
0	212	1164	1980	0	0	0	0	0	47	0	0	0	Straight	0.0	18211.1	18258.1	LINESTRING(616.380000 560.090000,635.720000 561.930000)
0	213	1980	1306	0	0	0	0	0	154	0	0	0	Straight	0.0	18258.1	18412.1	LINESTRING(635.720000 561.930000,654.820000 566.300000)
0	214	1306	1307	0	0	0	0	0	37	0	0	0	Right	7.158	18419.3	18456.3	LINESTRING(654.820000 566.300000,667.430000 553.850000)
0	215	1307	1732	0	0	0	0	0	18	0	0	0	Straight	0.0	18456.3	18474.3	LINESTRING(667.430000 553.850000,676.830000 553.640000)
0	216	1732	1508	0	0	0	0	0	24	0	0	0	Right	7.158	18481.4	18505.4	LINESTRING(676.830000 553.640000,679.330000 550.700000)
1	0	1508	1509	0	0	0	0	0	23	0	0	300		0.0	18805.4	18828.4	LINESTRING(679.330000 550.700000,677.610000 547.310000)
1	1	1509	1507	0	0	0	0	0	18	0	0	0	Straight	0.0	18828.4	18846.4	LINESTRING(677.610000 547.310000,676.530000 540.560000)
1	2	1507	1924	0	0	0	0	0	37	0	0	0	Right	7.158	18853.6	18890.6	LINESTRING(676.530000 540.560000,657.710000 548.810000)
1	3	1924	1306	1	0	0	0	0	2	0	0	0	Right	7.158	18897.7	18899.7	LINESTRING(657.710000 548.810000,654.820000 566.300000)
1	4	1306	1312	1	0	0	0	0	21	0	0	0	Straight	0.0	18899.7	18920.7	LINESTRING(654.820000 566.300000,659.120000 591.060000)
1	5	1312	2314	1	0	0	0	0	40	0	0	0	Straight	0.0	18920.7	18960.7	LINESTRING(659.120000 591.060000,663.790000 616.000000)
1	6	2314	1888	1	0	0	0	0	93	0	0	0	Straight	0.0	18960.7	19053.7	LINESTRING(663.790000 616.000000,663.700000 640.650000)
1	7	1888	227	1	0	0	0	0	36	0	0	0	Straight	0.0	19053.7	19089.7	LINESTRING(663.700000 640.650000,650.280000 656.620000)
1	8	227	39	1	0	0	0	0	17	0	0	0	Left	14.316	19104.0	19121.0	LINESTRING(650.280000 656.620000,638.070000 657.560000)
1	9	39	38	1	0	0	0	0	13	0	0	0	Straight	0.0	19121.0	19134.0	LINESTRING(638.070000 657.560000,625.450000 661.250000)
1	10	38	274	1	0	0	0	0	12	0	0	0	Straight	0.0	19134.0	19146.0	LINESTRING(625.450000 661.250000,612.750000 663.230000)
1	11	274	48	1	0	0	0	0	22	0	0	0	Straight	0.0	19146.0	19168.0	LINESTRING(612.750000 663.230000,599.660000 662.980000)
1	12	48	307	1	0	0	0	0	21	0	0	0	Straight	0.0	19168.0	19189.0	LINESTRING(599.660000 662.980000,590.370000 654.040000)
1	13	307	2155	1	0	0	0	0	34	0	0	0	Straight	0.0	19189.0	19223.0	LINESTRING(590.370000 654.040000,578.390000 650.730000)
1	14	2155	1536	1	0	0	0	0	27	0	0	0	Left	14.316	19237.4	19264.4	LINESTRING(578.390000 650.730000,577.460000 637.630000)
1	15	1536	1535	1	0	0	0	0	18	0	0	0	Straight	0.0	19264.4	19282.4	LINESTRING(577.460000 637.630000,566.300000 625.930000)
1	16	1535	92	1	0	0	0	0	11	0	0	0	Straight	0.0	19282.4	19293.4	LINESTRING(566.300000 625.930000,547.190000 620.720000)
1	17	92	104	1	0	0	0	0	38	0	0	0	Straight	0.0	19293.4	19331.4	LINESTRING(547.190000 620.720000,529.460000 605.430000)
1	18	104	1928	1	0	0	0	0	15	0	0	0	Straight	0.0	19331.4	19346.4	LINESTRING(529.460000 605.430000,522.040000 592.850000)
1	19	1928	122	1	0	0	0	0	20	0	0	0	Straight	0.0	19346.4	19366.4	LINESTRING(522.040000 592.850000,514.080000 580.630000)
1	20	122	431	1	0	0	0	0	13	0	0	0	Straight	0.0	19366.4	19379.4	LINESTRING(514.080000 580.630000,508.540000 567.390000)
1	21	431	126	1	0	0	0	0	27	0	0	0	Right	7.158	19386.5	19413.5	LINESTRING(508.540000 567.390000,499.250000 566.160000)
1	22	126	125	1	0	0	0	0	26	0	0	0	Straight	0.0	19413.5	19439.5	LINESTRING(499.250000 566.160000,490.670000 571.490000)
1	23	125	482	1	0	0	0	0	28	0	0	0	Left	14.316	19453.8	19481.8	LINESTRING(490.670000 571.490000,488.320000 563.440000)
1	24	482	521	1	1	347	347	0	62	402	1	0	Right	7.158	19489.0	19891.0	LINESTRING(488.320000 563.440000,481.590000 562.260000)
1	25	521	157	1	0	0	0	0	26	0	0	0	Right	7.158	19898.2	19924.2	LINESTRING(481.590000 562.260000,479.440000 572.830000)
1	26	157	155	1	0	0	0	0	26	0	0	0	Straight	0.0	19924.2	19950.2	LINESTRING(479.440000 572.830000,476.280000 585.810000)
1	27	155	1531	1	0	0	0	0	66	0	0	0	Straight	0.0	19950.2	20016.2	LINESTRING(476.280000 585.810000,479.150000 604.630000)
1	28	1531	552	1	0	0	0	0	20	0	0	0	Straight	0.0	20016.2	20036.2	LINESTRING(479.150000 604.630000,476.700000 613.980000)
1	29	552	551	1	1	98	98	0	18	108	1	0	Straight	0.0	20036.2	20144.2	LINESTRING(476.700000 613.980000,473.890000 622.090000)
1	30	551	552	1	1	98	98	0	18	108	0	0	U	57.264	20201.4	20219.4	LINESTRING(473.890000 622.090000,476.700000 613.980000)
1	31	552	1682	1	1	323	323	0	58	378	1	0	U	57.264	20276.7	20654.7	LINESTRING(476.700000 613.980000,475.890000 618.950000)
1	32	1682	2123	1	1	45	45	0	8	48	1	0	Right	7.158	20661.8	20709.8	LINESTRING(475.890000 618.950000,478.650000 622.570000)
1	33	2123	1682	1	1	45	45	0	8	48	0	0	U	57.264	20767.1	20775.1	LINESTRING(478.650000 622.570000,475.890000 618.950000)
1	34	1682	1817	1	1	28	28	0	5	25	1	0	Right	7.158	20782.3	20807.3	LINESTRING(475.890000 618.950000,471.410000 620.820000)
1	35	1817	2423	1	1	31	31	0	6	36	1	0	Straight	0.0	20807.3	20843.3	LINESTRING(471.410000 620.820000,467.870000 622.900000)
1	36	2423	1817	1	1	31	31	0	6	36	0	0	U	57.264	20900.5	20906.5	LINESTRING(467.870000 622.900000,471.410000 620.820000)
1	37	1817	551	1	1	268	268	0	48	308	1	0	Left	14.316	20920.8	21228.8	LINESTRING(471.410000 620.820000,473.890000 622.090000)
1	38	551	550	1	1	122	122	0	22	142	1	0	Left	14.316	21243.2	21385.2	LINESTRING(473.890000 622.090000,471.260000 629.220000)
1	39	550	599	1	1	225	225	0	40	260	1	0	Left	14.316	21399.5	21659.5	LINESTRING(471.260000 629.220000,456.950000 630.970000)
1	40	599	598	1	0	0	0	0	28	0	0	0	Straight	0.0	21659.5	21687.5	LINESTRING(456.950000 630.970000,442.400000 625.960000)
1	41	598	2163	1	1	71	71	0	13	83	1	0	Straight	0.0	21687.5	21770.5	LINESTRING(442.400000 625.960000,427.940000 629.060000)
1	42	2163	676	1	1	274	274	0	49	319	1	0	Straight	0.0	21770.5	22089.5	LINESTRING(427.940000 629.060000,416.840000 622.970000)
1	43	676	674	1	1	135	135	0	24	154	1	0	Straight	0.0	22089.5	22243.5	LINESTRING(416.840000 622.970000,406.080000 616.090000)
1	44	674	301	1	1	265	265	0	48	308	1	0	Straight	0.0	22243.5	22551.5	LINESTRING(406.080000 616.090000,395.860000 608.060000)
1	45	301	300	1	1	42	42	0	8	48	1	0	Straight	0.0	22551.5	22599.5	LINESTRING(395.860000 608.060000,389.170000 599.800000)
1	46	300	2031	1	1	34	34	0	6	36	1	0	Straight	0.0	22599.5	22635.5	LINESTRING(389.170000 599.800000,386.740000 590.880000)
1	47	2031	1875	0	1	47	47	0	8	48	0	0	Right	7.158	22642.6	22650.6	LINESTRING(386.740000 590.880000,382.720000 595.720000)
1	48	1875	300	1	1	44	44	0	8	48	1	0	Right	7.158	22657.8	22705.8	LINESTRING(382.720000 595.720000,389.170000 599.800000)
1	49	300	310	1	1	33	33	0	6	36	1	0	Left	14.316	22720.1	22756.1	LINESTRING(389.170000 599.800000,387.950000 604.930000)
1	50	310	710	1	1	496	496	0	89	579	1	0	Left	14.316	22770.4	23349.4	LINESTRING(387.950000 604.930000,379.340000 603.530000)
1	51	710	722	1	1	127	127	0	23	143	1	0	Straight	0.0	23349.4	23492.4	LINESTRING(379.340000 603.530000,371.310000 599.280000)
1	52	722	1998	1	1	117	117	0	21	131	0	0	Straight	0.0	23492.4	23513.4	LINESTRING(371.310000 599.280000,362.530000 595.890000)
1	53	1998	366	1	1	623	623	0	112	732	1	0	Left	14.316	23527.7	24259.7	LINESTRING(362.530000 595.890000,365.960000 593.210000)
1	54	366	377	1	1	101	101	0	18	118	1	0	Right	7.158	24266.9	24384.9	LINESTRING(365.960000 593.210000,359.030000 589.450000)
1	55	377	379	1	1	631	631	0	113	743	1	0	Right	7.158	24392.1	25135.1	LINESTRING(359.030000 589.450000,353.200000 592.790000)
1	56	379	1614	1	1	123	123	0	22	142	0	0	Straight	0.0	25135.1	25157.1	LINESTRING(353.200000 592.790000,342.000000 591.520000)
1	57	1614	784	1	1	639	639	0	115	745	1	0	Left	14.316	25171.4	25916.4	LINESTRING(342.000000 591.520000,345.920000 586.360000)
1	58	784	2062	1	1	120	120	0	22	142	1	0	Right	7.158	25923.5	26065.5	LINESTRING(345.920000 586.360000,335.940000 587.600000)
1	59	2062	1781	1	1	631	631	0	114	744	1	0	Straight	0.0	26065.5	26809.5	LINESTRING(335.940000 587.600000,329.690000 592.910000)
1	60	1781	1614	1	1	123	123	0	22	142	0	0	U	57.264	26866.8	26888.8	LINESTRING(329.690000 592.910000,342.000000 591.520000)
1	61	1614	379	1	1	123	123	0	22	142	0	0	Straight	0.0	26888.8	26910.8	LINESTRING(342.000000 591.520000,353.200000 592.790000)
1	62	379	1998	1	1	138	138	0	25	155	0	0	Straight	0.0	26910.8	26935.8	LINESTRING(353.200000 592.790000,362.530000 595.890000)
1	63	1998	722	1	1	117	117	0	21	131	0	0	Straight	0.0	26935.8	26956.8	LINESTRING(362.530000 595.890000,371.310000 599.280000)
1	64	722	710	1	1	127	127	0	23	143	0	0	Straight	0.0	26956.8	26979.8	LINESTRING(371.310000 599.280000,379.340000 603.530000)
1	65	710	709	1	1	75	75	0	14	84	1	0	Left	14.316	26994.1	27078.1	LINESTRING(379.340000 603.530000,378.980000 607.770000)
1	66	709	710	1	1	75	75	0	14	84	0	0	U	57.264	27135.4	27149.4	LINESTRING(378.980000 607.770000,379.340000 603.530000)
1	67	710	310	1	1	496	496	0	89	579	0	0	Left	14.316	27163.7	27252.7	LINESTRING(379.340000 603.530000,387.950000 604.930000)
1	68	310	301	0	1	45	45	0	8	48	1	0	Straight	0.0	27252.7	27300.7	LINESTRING(387.950000 604.930000,395.860000 608.060000)
1	69	301	674	1	1	265	265	0	48	308	0	0	Straight	0.0	27300.7	27348.7	LINESTRING(395.860000 608.060000,406.080000 616.090000)
1	70	674	675	1	1	56	56	0	10	60	1	0	Left	14.316	27363.0	27423.0	LINESTRING(406.080000 616.090000,405.030000 619.930000)
1	71	675	674	1	1	56	56	0	10	60	0	0	U	57.264	27480.3	27490.3	LINESTRING(405.030000 619.930000,406.080000 616.090000)
1	72	674	676	1	1	135	135	0	24	154	0	0	Left	14.316	27504.6	27528.6	LINESTRING(406.080000 616.090000,416.840000 622.970000)
1	73	676	2163	1	1	274	274	0	49	319	0	0	Straight	0.0	27528.6	27577.6	LINESTRING(416.840000 622.970000,427.940000 629.060000)
1	74	2163	664	1	1	109	109	0	20	120	1	0	Left	14.316	27591.9	27711.9	LINESTRING(427.940000 629.060000,422.020000 638.930000)
1	75	664	665	1	1	93	93	0	17	107	1	0	Straight	0.0	27711.9	27818.9	LINESTRING(422.020000 638.930000,415.960000 648.210000)
1	76	665	244	1	1	101	101	0	18	118	1	0	Straight	0.0	27818.9	27936.9	LINESTRING(415.960000 648.210000,409.920000 657.220000)
1	77	244	245	1	1	209	209	0	38	238	1	0	Straight	0.0	27936.9	28174.9	LINESTRING(409.920000 657.220000,406.110000 661.220000)
1	78	245	2308	1	1	107	107	0	19	119	1	0	Straight	0.0	28174.9	28293.9	LINESTRING(406.110000 661.220000,402.000000 662.900000)
1	79	2308	245	1	1	107	107	0	19	119	0	0	U	57.264	28351.2	28370.2	LINESTRING(402.000000 662.900000,406.110000 661.220000)
1	80	245	2053	1	1	290	290	0	52	342	1	0	Left	14.316	28384.5	28726.5	LINESTRING(406.110000 661.220000,405.320000 664.960000)
1	81	2053	262	1	1	696	696	0	125	815	1	0	Straight	0.0	28726.5	29541.5	LINESTRING(405.320000 664.960000,402.170000 673.320000)
1	82	262	1700	1	1	246	246	0	44	284	1	0	Straight	0.0	29541.5	29825.5	LINESTRING(402.170000 673.320000,401.880000 678.700000)
1	83	1700	262	1	1	246	246	0	44	284	0	0	U	57.264	29882.7	29926.7	LINESTRING(401.880000 678.700000,402.170000 673.320000)
1	84	262	263	1	1	54	54	0	10	60	1	0	U	57.264	29984.0	30044.0	LINESTRING(402.170000 673.320000,398.600000 677.760000)
1	85	263	262	1	1	54	54	0	10	60	0	0	U	57.264	30101.3	30111.3	LINESTRING(398.600000 677.760000,402.170000 673.320000)
1	86	262	2053	1	1	696	696	0	125	815	0	0	Straight	0.0	30111.3	30236.3	LINESTRING(402.170000 673.320000,405.320000 664.960000)
1	87	2053	244	1	1	102	102	0	18	118	1	0	Straight	0.0	30236.3	30354.3	LINESTRING(405.320000 664.960000,409.920000 657.220000)
1	88	244	665	1	1	101	101	0	18	118	0	0	Straight	0.0	30354.3	30372.3	LINESTRING(409.920000 657.220000,415.960000 648.210000)
1	89	665	664	1	1	93	93	0	17	107	0	0	Straight	0.0	30372.3	30389.3	LINESTRING(415.960000 648.210000,422.020000 638.930000)
1	90	664	2163	1	1	109	109	0	20	120	0	0	Straight	0.0	30389.3	30409.3	LINESTRING(422.020000 638.930000,427.940000 629.060000)
1	91	2163	598	1	1	71	71	0	13	83	0	0	Left	14.316	30423.6	30436.6	LINESTRING(427.940000 629.060000,442.400000 625.960000)
1	92	598	1773	1	0	0	0	0	30	0	0	0	Right	7.158	30443.7	30473.7	LINESTRING(442.400000 625.960000,440.980000 614.270000)
1	93	1773	1537	1	1	80	80	0	14	94	1	0	U	57.264	30531.0	30625.0	LINESTRING(440.980000 614.270000,438.110000 618.830000)
1	94	1537	1538	1	1	227	227	0	41	261	1	0	Straight	0.0	30625.0	30886.0	LINESTRING(438.110000 618.830000,437.730000 622.910000)
1	95	1538	1537	1	1	227	227	0	41	261	0	0	U	57.264	30943.3	30984.3	LINESTRING(437.730000 622.910000,438.110000 618.830000)
1	96	1537	2075	1	1	66	66	0	12	72	1	0	Right	7.158	30991.4	31063.4	LINESTRING(438.110000 618.830000,434.410000 620.570000)
1	97	2075	1537	1	1	66	66	0	12	72	0	0	U	57.264	31120.7	31132.7	LINESTRING(434.410000 620.570000,438.110000 618.830000)
1	98	1537	1773	1	1	80	80	0	14	94	0	0	Straight	0.0	31132.7	31146.7	LINESTRING(438.110000 618.830000,440.980000 614.270000)
1	99	1773	1774	1	0	0	0	0	22	0	0	0	Straight	0.0	31146.7	31168.7	LINESTRING(440.980000 614.270000,440.640000 601.370000)
1	100	1774	592	1	1	71	71	0	13	83	1	0	Straight	0.0	31168.7	31251.7	LINESTRING(440.640000 601.370000,448.090000 592.380000)
1	101	592	593	1	0	0	0	0	36	0	0	0	Straight	0.0	31251.7	31287.7	LINESTRING(448.090000 592.380000,454.980000 583.840000)
1	102	593	231	1	0	0	0	0	18	0	0	0	Straight	0.0	31287.7	31305.7	LINESTRING(454.980000 583.840000,462.550000 573.750000)
1	103	231	230	1	0	0	0	0	29	0	0	0	Right	7.158	31312.9	31341.9	LINESTRING(462.550000 573.750000,451.750000 558.060000)
1	104	230	234	1	0	0	0	0	16	0	0	0	Right	7.158	31349.0	31365.0	LINESTRING(451.750000 558.060000,441.110000 559.390000)
1	105	234	233	1	0	0	0	0	15	0	0	0	Straight	0.0	31365.0	31380.0	LINESTRING(441.110000 559.390000,430.700000 559.650000)
1	106	233	669	1	1	312	312	0	56	366	1	0	Straight	0.0	31380.0	31746.0	LINESTRING(430.700000 559.650000,420.480000 559.590000)
1	107	669	666	1	0	0	0	0	18	0	0	0	Left	14.316	31760.3	31778.3	LINESTRING(420.480000 559.590000,424.340000 547.690000)
1	108	666	249	1	0	0	0	0	15	0	0	0	Straight	0.0	31778.3	31793.3	LINESTRING(424.340000 547.690000,429.080000 535.780000)
1	109	249	250	1	0	0	0	0	72	0	0	0	Left	14.316	31807.6	31879.6	LINESTRING(429.080000 535.780000,441.060000 533.370000)
1	110	250	229	1	0	0	0	0	35	0	0	0	Straight	0.0	31879.6	31914.6	LINESTRING(441.060000 533.370000,448.520000 532.750000)
1	111	229	204	1	0	0	0	0	38	0	0	0	Straight	0.0	31914.6	31952.6	LINESTRING(448.520000 532.750000,455.030000 525.760000)
1	112	204	597	1	0	0	0	0	19	0	0	0	Right	7.158	31959.8	31978.8	LINESTRING(455.030000 525.760000,448.200000 514.650000)
1	113	597	221	1	0	0	0	0	10	0	0	0	Straight	0.0	31978.8	31988.8	LINESTRING(448.200000 514.650000,438.140000 503.310000)
1	114	221	243	1	0	0	0	0	10	0	0	0	Left	14.316	32003.1	32013.1	LINESTRING(438.140000 503.310000,442.080000 481.680000)
1	115	243	246	1	0	0	0	0	32	0	0	0	Straight	0.0	32013.1	32045.1	LINESTRING(442.080000 481.680000,440.250000 464.170000)
1	116	246	248	1	0	0	0	0	26	0	0	0	Straight	0.0	32045.1	32071.1	LINESTRING(440.250000 464.170000,434.630000 448.990000)
1	117	248	269	1	0	0	0	0	19	0	0	0	Straight	0.0	32071.1	32090.1	LINESTRING(434.630000 448.990000,428.780000 435.510000)
1	118	269	703	1	0	0	0	0	27	0	0	0	Left	14.316	32104.4	32131.4	LINESTRING(428.780000 435.510000,433.870000 426.280000)
1	119	703	702	1	0	0	0	0	31	0	0	0	Right	7.158	32138.6	32169.6	LINESTRING(433.870000 426.280000,431.420000 419.630000)
1	120	702	2047	1	0	0	0	0	14	0	0	0	Straight	0.0	32169.6	32183.6	LINESTRING(431.420000 419.630000,428.140000 413.140000)
1	121	2047	352	1	0	0	0	0	16	0	0	0	Straight	0.0	32183.6	32199.6	LINESTRING(428.140000 413.140000,429.300000 406.940000)
1	122	352	284	1	0	0	0	0	8	0	0	0	Left	14.316	32213.9	32221.9	LINESTRING(429.300000 406.940000,437.590000 411.800000)
1	123	284	285	1	0	0	0	0	19	0	0	0	Right	7.158	32229.1	32248.1	LINESTRING(437.590000 411.800000,443.600000 408.310000)
1	124	285	311	1	0	0	0	0	33	0	0	0	Straight	0.0	32248.1	32281.1	LINESTRING(443.600000 408.310000,447.990000 396.050000)
1	125	311	715	1	0	0	0	0	10	0	0	0	Left	14.316	32295.4	32305.4	LINESTRING(447.990000 396.050000,470.620000 391.450000)
1	126	715	288	1	0	0	0	0	49	0	0	0	Straight	0.0	32305.4	32354.4	LINESTRING(470.620000 391.450000,493.330000 387.690000)
1	127	288	712	1	0	0	0	0	27	0	0	0	Straight	0.0	32354.4	32381.4	LINESTRING(493.330000 387.690000,509.000000 384.560000)
1	128	712	711	1	0	0	0	0	2	0	0	0	Straight	0.0	32381.4	32383.4	LINESTRING(509.000000 384.560000,524.130000 380.680000)
1	129	711	713	1	0	0	0	0	3	0	0	0	Straight	0.0	32383.4	32386.4	LINESTRING(524.130000 380.680000,538.490000 376.330000)
1	130	713	315	1	0	0	0	0	3	0	0	0	Straight	0.0	32386.4	32389.4	LINESTRING(538.490000 376.330000,551.920000 371.660000)
1	131	315	328	1	0	0	0	0	14	0	0	0	Straight	0.0	32389.4	32403.4	LINESTRING(551.920000 371.660000,563.020000 364.840000)
1	132	328	327	1	0	0	0	0	9	0	0	0	Straight	0.0	32403.4	32412.4	LINESTRING(563.020000 364.840000,572.820000 357.200000)
1	133	327	738	1	0	0	0	0	28	0	0	0	Straight	0.0	32412.4	32440.4	LINESTRING(572.820000 357.200000,581.260000 348.190000)
1	134	738	1749	1	0	0	0	0	2	0	0	0	Straight	0.0	32440.4	32442.4	LINESTRING(581.260000 348.190000,587.240000 339.240000)
1	135	1749	375	1	0	0	0	0	16	0	0	0	Straight	0.0	32442.4	32458.4	LINESTRING(587.240000 339.240000,588.540000 329.810000)
1	136	375	374	1	0	0	0	0	17	0	0	0	Straight	0.0	32458.4	32475.4	LINESTRING(588.540000 329.810000,584.020000 321.030000)
1	137	374	755	1	0	0	0	0	3	0	0	0	Straight	0.0	32475.4	32478.4	LINESTRING(584.020000 321.030000,575.800000 313.970000)
1	138	755	391	1	0	0	0	0	16	0	0	0	Straight	0.0	32478.4	32494.4	LINESTRING(575.800000 313.970000,565.120000 308.210000)
1	139	391	390	1	0	0	0	0	15	0	0	0	Straight	0.0	32494.4	32509.4	LINESTRING(565.120000 308.210000,553.130000 302.750000)
1	140	390	392	1	0	0	0	0	51	0	0	0	Straight	0.0	32509.4	32560.4	LINESTRING(553.130000 302.750000,533.030000 305.260000)
1	141	392	1778	1	0	0	0	0	7	0	0	0	Straight	0.0	32560.4	32567.4	LINESTRING(533.030000 305.260000,512.650000 307.610000)
1	142	1778	409	1	0	0	0	0	9	0	0	0	Straight	0.0	32567.4	32576.4	LINESTRING(512.650000 307.610000,492.080000 310.130000)
1	143	409	2094	1	0	0	0	0	9	0	0	0	Straight	0.0	32576.4	32585.4	LINESTRING(492.080000 310.130000,471.290000 313.390000)
1	144	2094	750	1	0	0	0	0	29	0	0	0	Straight	0.0	32585.4	32614.4	LINESTRING(471.290000 313.390000,450.470000 317.040000)
1	145	750	2026	1	0	0	0	0	53	0	0	0	Straight	0.0	32614.4	32667.4	LINESTRING(450.470000 317.040000,431.520000 322.970000)
1	146	2026	864	1	0	0	0	0	51	0	0	0	Straight	0.0	32667.4	32718.4	LINESTRING(431.520000 322.970000,413.100000 329.070000)
1	147	864	863	1	0	0	0	0	25	0	0	0	Straight	0.0	32718.4	32743.4	LINESTRING(413.100000 329.070000,395.020000 335.480000)
1	148	863	1745	1	0	0	0	0	3	0	0	0	Straight	0.0	32743.4	32746.4	LINESTRING(395.020000 335.480000,377.200000 341.690000)
1	149	1745	562	1	0	0	0	0	16	0	0	0	Straight	0.0	32746.4	32762.4	LINESTRING(377.200000 341.690000,359.330000 347.260000)
1	150	562	561	1	0	0	0	0	48	0	0	0	Straight	0.0	32762.4	32810.4	LINESTRING(359.330000 347.260000,341.600000 352.600000)
1	151	561	951	1	0	0	0	0	65	0	0	0	U	57.264	32867.6	32932.6	LINESTRING(341.600000 352.600000,362.600000 336.160000)
1	152	951	610	1	0	0	0	0	5	0	0	0	Straight	0.0	32932.6	32937.6	LINESTRING(362.600000 336.160000,383.270000 322.520000)
1	153	610	611	1	0	0	0	0	13	0	0	0	Straight	0.0	32937.6	32950.6	LINESTRING(383.270000 322.520000,386.970000 314.450000)
1	154	611	957	1	0	0	0	0	12	0	0	0	Straight	0.0	32950.6	32962.6	LINESTRING(386.970000 314.450000,393.420000 311.130000)
1	155	957	1528	1	0	0	0	0	9	0	0	0	Right	7.158	32969.8	32978.8	LINESTRING(393.420000 311.130000,385.690000 307.890000)
1	156	1528	1004	1	0	0	0	0	24	0	0	0	Straight	0.0	32978.8	33002.8	LINESTRING(385.690000 307.890000,378.590000 301.430000)
1	157	1004	2011	1	0	0	0	0	249	0	0	0	Straight	0.0	33002.8	33251.8	LINESTRING(378.590000 301.430000,372.780000 294.490000)
1	158	2011	923	1	0	0	0	0	100	0	0	0	Straight	0.0	33251.8	33351.8	LINESTRING(372.780000 294.490000,367.720000 288.770000)
1	159	923	922	1	0	0	0	0	20	0	0	0	Straight	0.0	33351.8	33371.8	LINESTRING(367.720000 288.770000,363.400000 284.320000)
1	160	922	2277	1	0	0	0	0	91	0	0	0	Straight	0.0	33371.8	33462.8	LINESTRING(363.400000 284.320000,360.380000 280.330000)
2	0	2277	2277	-1	-1	0	0	0	0	0	0	300		0.0	33462.8	33762.8	LINESTRING(360.380000 280.330000,360.380000 280.330000)
