Problem Type	Solution Method	Vehicle Capacity (Weight)	Vehicle Capacity(Volume)	Disposal Trips	Route Time	Route Time wo Turns	Computational Time(Sec)	Clustering Time(Sec)	VA(NHO)	VA(ATD)	VA(CCI)	VA(DMT)	VA(ROI)	VA(AOI)	Optimal
MCARPTIF-TP	WJ19	10000	10000	2	31011.2	28463	127.697	0	0	792.017	1	11742	0.109044	0.0734092	0
Load No	Sequence No	From Node ID	To Node ID	IsEdge	Required	Weight	Volume	Travel Miles	Travel Time	Service Time	Served	Dumped	Turn Type	Turn Cost	Depart Time	Arrival Time	Shape
0	0	2277	922	1	0	0	0	0	91	0	0	300		0.0	300.0	391.0	LINESTRING(360.380000 280.330000,363.400000 284.320000)
0	1	922	923	1	0	0	0	0	20	0	0	0	Straight	0.0	391.0	411.0	LINESTRING(363.400000 284.320000,367.720000 288.770000)
0	2	923	2011	1	0	0	0	0	100	0	0	0	Straight	0.0	411.0	511.0	LINESTRING(367.720000 288.770000,372.780000 294.490000)
0	3	2011	1004	1	0	0	0	0	249	0	0	0	Straight	0.0	511.0	760.0	LINESTRING(372.780000 294.490000,378.590000 301.430000)
0	4	1004	1528	1	0	0	0	0	24	0	0	0	Straight	0.0	760.0	784.0	LINESTRING(378.590000 301.430000,385.690000 307.890000)
0	5	1528	611	0	0	0	0	0	16	0	0	0	Straight	0.0	784.0	800.0	LINESTRING(385.690000 307.890000,386.970000 314.450000)
0	6	611	610	1	0	0	0	0	13	0	0	0	Straight	0.0	800.0	813.0	LINESTRING(386.970000 314.450000,383.270000 322.520000)
0	7	610	951	1	0	0	0	0	5	0	0	0	Straight	0.0	813.0	818.0	LINESTRING(383.270000 322.520000,362.600000 336.160000)
0	8	951	561	1	0	0	0	0	65	0	0	0	Straight	0.0	818.0	883.0	LINESTRING(362.600000 336.160000,341.600000 352.600000)
0	9	561	900	1	0	0	0	0	83	0	0	0	Straight	0.0	883.0	966.0	LINESTRING(341.600000 352.600000,313.770000 368.790000)
0	10	900	1553	1	0	0	0	0	42	0	0	0	Straight	0.0	966.0	1008.0	LINESTRING(313.770000 368.790000,285.870000 384.490000)
0	11	1553	2313	1	0	0	0	0	55	0	0	0	Straight	0.0	1008.0	1063.0	LINESTRING(285.870000 384.490000,258.180000 400.590000)
0	12	2313	1965	1	0	0	0	0	155	0	0	0	Straight	0.0	1063.0	1218.0	LINESTRING(258.180000 400.590000,235.220000 422.080000)
0	13	1965	1000	1	0	0	0	0	214	0	0	0	Straight	0.0	1218.0	1432.0	LINESTRING(235.220000 422.080000,214.990000 456.270000)
0	14	1000	1686	1	0	0	0	0	179	0	0	0	Straight	0.0	1432.0	1611.0	LINESTRING(214.990000 456.270000,184.100000 466.650000)
0	15	1686	1041	1	0	0	0	0	53	0	0	0	Straight	0.0	1611.0	1664.0	LINESTRING(184.100000 466.650000,158.170000 474.390000)
0	16	1041	845	1	1	95	95	0	17	107	1	0	Right	7.158	1671.16	1778.16	LINESTRING(158.170000 474.390000,152.700000 485.300000)
0	17	845	865	1	1	133	133	0	24	154	1	0	Straight	0.0	1778.16	1932.16	LINESTRING(152.700000 485.300000,137.500000 497.310000)
0	18	865	866	1	1	131	131	0	24	154	1	0	Straight	0.0	1932.16	2086.16	LINESTRING(137.500000 497.310000,127.880000 507.320000)
0	19	866	2283	1	1	171	171	0	31	201	1	0	Left	14.316	2100.47	2301.47	LINESTRING(127.880000 507.320000,118.390000 505.800000)
0	20	2283	1055	1	1	193	193	0	35	225	1	0	Straight	0.0	2301.47	2526.47	LINESTRING(118.390000 505.800000,107.370000 508.470000)
0	21	1055	1048	1	0	0	0	0	20	0	0	0	U	57.264	2583.74	2603.74	LINESTRING(107.370000 508.470000,116.280000 500.730000)
0	22	1048	1053	1	0	0	0	0	33	0	0	0	Straight	0.0	2603.74	2636.74	LINESTRING(116.280000 500.730000,119.340000 491.700000)
0	23	1053	1057	1	1	100	100	0	18	118	1	0	Right	7.158	2643.9	2761.9	LINESTRING(119.340000 491.700000,108.540000 492.440000)
0	24	1057	1056	1	1	242	242	0	44	284	1	0	Straight	0.0	2761.9	3045.9	LINESTRING(108.540000 492.440000,99.459000 495.000000)
0	25	1056	1062	1	1	90	90	0	16	106	1	0	Straight	0.0	3045.9	3151.9	LINESTRING(99.459000 495.000000,90.735000 500.770000)
0	26	1062	975	1	0	0	0	0	9	0	0	0	Left	14.316	3166.21	3175.21	LINESTRING(90.735000 500.770000,80.312000 497.990000)
0	27	975	974	1	1	275	275	0	49	319	1	0	Left	14.316	3189.53	3508.53	LINESTRING(80.312000 497.990000,79.627000 491.440000)
0	28	974	998	1	1	143	143	0	26	166	1	0	Right	7.158	3515.69	3681.69	LINESTRING(79.627000 491.440000,70.498000 494.890000)
0	29	998	1738	1	1	145	145	0	26	166	1	0	Straight	0.0	3681.69	3847.69	LINESTRING(70.498000 494.890000,62.446000 497.650000)
0	30	1738	1014	1	1	144	144	0	26	166	1	0	Straight	0.0	3847.69	4013.69	LINESTRING(62.446000 497.650000,55.124000 502.940000)
0	31	1014	1738	1	1	144	144	0	26	166	0	0	U	57.264	4070.95	4096.95	LINESTRING(55.124000 502.940000,62.446000 497.650000)
0	32	1738	1003	1	1	119	119	0	21	131	1	0	Straight	0.0	4096.95	4227.95	LINESTRING(62.446000 497.650000,66.008000 492.790000)
0	33	1003	995	1	1	285	285	0	51	331	1	0	Straight	0.0	4227.95	4558.95	LINESTRING(66.008000 492.790000,75.127000 488.150000)
0	34	995	994	1	1	122	122	0	22	142	1	0	Straight	0.0	4558.95	4700.95	LINESTRING(75.127000 488.150000,81.254000 482.740000)
0	35	994	973	1	0	0	0	0	21	0	0	0	Straight	0.0	4700.95	4721.95	LINESTRING(81.254000 482.740000,92.775000 478.000000)
0	36	973	944	1	1	514	514	0	92	602	1	0	Straight	0.0	4721.95	5323.95	LINESTRING(92.775000 478.000000,105.300000 475.660000)
0	37	944	1052	1	1	303	303	0	55	355	1	0	Straight	0.0	5323.95	5678.95	LINESTRING(105.300000 475.660000,117.070000 474.110000)
0	38	1052	1992	1	1	121	121	0	22	142	1	0	Straight	0.0	5678.95	5820.95	LINESTRING(117.070000 474.110000,123.320000 476.150000)
0	39	1992	945	1	1	302	302	0	54	354	1	0	U	57.264	5878.21	6232.21	LINESTRING(123.320000 476.150000,112.030000 477.970000)
0	40	945	1692	1	1	126	126	0	23	143	1	0	Straight	0.0	6232.21	6375.21	LINESTRING(112.030000 477.970000,104.340000 483.060000)
0	41	1692	1060	1	1	257	257	0	46	296	1	0	Straight	0.0	6375.21	6671.21	LINESTRING(104.340000 483.060000,89.731000 486.130000)
0	42	1060	974	1	1	167	167	0	30	190	1	0	Straight	0.0	6671.21	6861.21	LINESTRING(89.731000 486.130000,79.627000 491.440000)
0	43	974	995	1	1	121	121	0	22	142	1	0	Left	14.316	6875.53	7017.53	LINESTRING(79.627000 491.440000,75.127000 488.150000)
0	44	995	1061	1	1	272	272	0	49	319	1	0	Left	14.316	7031.85	7350.85	LINESTRING(75.127000 488.150000,80.598000 485.290000)
0	45	1061	1575	1	1	39	39	0	7	37	1	0	Right	7.158	7358.0	7395.0	LINESTRING(80.598000 485.290000,75.968000 481.570000)
0	46	1575	1061	1	1	39	39	0	7	37	0	0	U	57.264	7452.27	7459.27	LINESTRING(75.968000 481.570000,80.598000 485.290000)
0	47	1061	1060	1	1	122	122	0	22	142	1	0	Straight	0.0	7459.27	7601.27	LINESTRING(80.598000 485.290000,89.731000 486.130000)
0	48	1060	1692	1	1	257	257	0	46	296	0	0	Straight	0.0	7601.27	7647.27	LINESTRING(89.731000 486.130000,104.340000 483.060000)
0	49	1692	1047	1	1	302	302	0	54	354	1	0	Straight	0.0	7647.27	8001.27	LINESTRING(104.340000 483.060000,117.220000 480.340000)
0	50	1047	1992	1	1	122	122	0	22	142	1	0	Straight	0.0	8001.27	8143.27	LINESTRING(117.220000 480.340000,123.320000 476.150000)
0	51	1992	2097	1	1	320	320	0	58	378	1	0	Straight	0.0	8143.27	8521.27	LINESTRING(123.320000 476.150000,138.600000 474.420000)
0	52	2097	859	1	1	171	171	0	31	201	1	0	U	57.264	8578.53	8779.53	LINESTRING(138.600000 474.420000,127.510000 472.750000)
0	53	859	858	1	1	80	80	0	14	94	1	0	Left	14.316	8793.85	8887.85	LINESTRING(127.510000 472.750000,124.990000 468.540000)
0	54	858	859	1	1	80	80	0	14	94	0	0	U	57.264	8945.11	8959.11	LINESTRING(124.990000 468.540000,127.510000 472.750000)
0	55	859	2097	1	1	171	171	0	31	201	0	0	Right	7.158	8966.27	8997.27	LINESTRING(127.510000 472.750000,138.600000 474.420000)
0	56	2097	1041	1	1	86	86	0	15	95	1	0	Straight	0.0	8997.27	9092.27	LINESTRING(138.600000 474.420000,158.170000 474.390000)
0	57	1041	878	1	0	0	0	0	18	0	0	0	U	57.264	9149.53	9167.53	LINESTRING(158.170000 474.390000,142.000000 479.460000)
0	58	878	1042	1	1	64	64	0	11	71	1	0	Straight	0.0	9167.53	9238.53	LINESTRING(142.000000 479.460000,129.370000 480.370000)
0	59	1042	1047	1	1	252	252	0	45	295	1	0	Straight	0.0	9238.53	9533.53	LINESTRING(129.370000 480.370000,117.220000 480.340000)
0	60	1047	1042	1	1	252	252	0	45	295	0	0	U	57.264	9590.8	9635.8	LINESTRING(117.220000 480.340000,129.370000 480.370000)
0	61	1042	877	1	1	38	38	0	7	37	1	0	Left	14.316	9650.11	9687.11	LINESTRING(129.370000 480.370000,130.750000 484.970000)
0	62	877	878	1	0	0	0	0	12	0	0	0	Right	7.158	9694.27	9706.27	LINESTRING(130.750000 484.970000,142.000000 479.460000)
0	63	878	1041	1	0	0	0	0	18	0	0	0	Straight	0.0	9706.27	9724.27	LINESTRING(142.000000 479.460000,158.170000 474.390000)
0	64	1041	845	1	1	95	95	0	17	107	0	0	Left	14.316	9738.59	9755.59	LINESTRING(158.170000 474.390000,152.700000 485.300000)
0	65	845	835	1	0	0	0	0	33	0	0	0	Straight	0.0	9755.59	9788.59	LINESTRING(152.700000 485.300000,149.370000 491.540000)
0	66	835	797	1	1	414	414	0	75	485	1	0	Right	7.158	9795.75	10280.7	LINESTRING(149.370000 491.540000,152.680000 490.830000)
0	67	797	800	1	0	0	0	0	20	0	0	0	U	57.264	10338.0	10358.0	LINESTRING(152.680000 490.830000,145.320000 497.600000)
0	68	800	801	1	0	0	0	0	21	0	0	0	Straight	0.0	10358.0	10379.0	LINESTRING(145.320000 497.600000,140.890000 503.010000)
0	69	801	1028	1	0	0	0	0	33	0	0	0	Straight	0.0	10379.0	10412.0	LINESTRING(140.890000 503.010000,141.410000 510.110000)
0	70	1028	794	1	1	92	92	0	17	107	1	0	Straight	0.0	10412.0	10519.0	LINESTRING(141.410000 510.110000,144.110000 518.490000)
0	71	794	1591	1	1	395	395	0	71	461	1	0	Left	14.316	10533.3	10994.3	LINESTRING(144.110000 518.490000,140.000000 520.250000)
0	72	1591	794	1	1	395	395	0	71	461	0	0	U	57.264	11051.6	11122.6	LINESTRING(140.000000 520.250000,144.110000 518.490000)
0	73	794	795	1	1	75	75	0	14	84	1	0	Left	14.316	11136.9	11220.9	LINESTRING(144.110000 518.490000,147.340000 525.850000)
0	74	795	1678	1	1	194	194	0	35	225	1	0	Left	14.316	11235.2	11460.2	LINESTRING(147.340000 525.850000,136.630000 524.630000)
0	75	1678	837	1	0	0	0	0	29	0	0	0	Right	7.158	11467.4	11496.4	LINESTRING(136.630000 524.630000,130.090000 532.790000)
0	76	837	838	1	1	28	28	0	5	25	1	0	Right	7.158	11503.5	11528.5	LINESTRING(130.090000 532.790000,137.980000 541.920000)
0	77	838	1038	1	1	128	128	0	23	143	1	0	Straight	0.0	11528.5	11671.5	LINESTRING(137.980000 541.920000,142.050000 552.120000)
0	78	1038	827	1	1	134	134	0	24	154	1	0	Straight	0.0	11671.5	11825.5	LINESTRING(142.050000 552.120000,146.750000 556.240000)
0	79	827	805	1	1	324	324	0	58	378	1	0	Straight	0.0	11825.5	12203.5	LINESTRING(146.750000 556.240000,155.000000 556.890000)
0	80	805	1660	1	1	122	122	0	22	142	1	0	Left	14.316	12217.9	12359.9	LINESTRING(155.000000 556.890000,151.260000 561.120000)
0	81	1660	1886	1	1	70	70	0	13	83	1	0	Right	7.158	12367.0	12450.0	LINESTRING(151.260000 561.120000,157.580000 562.660000)
0	82	1886	854	1	1	146	146	0	26	166	1	0	Left	14.316	12464.3	12630.3	LINESTRING(157.580000 562.660000,153.580000 571.720000)
0	83	854	840	1	1	221	221	0	40	260	1	0	Straight	0.0	12630.3	12890.3	LINESTRING(153.580000 571.720000,154.290000 579.070000)
0	84	840	828	1	1	51	51	0	9	59	1	0	Straight	0.0	12890.3	12949.3	LINESTRING(154.290000 579.070000,154.280000 585.620000)
0	85	828	829	1	1	260	260	0	47	307	1	0	Left	14.316	12963.6	13270.6	LINESTRING(154.280000 585.620000,151.270000 588.230000)
0	86	829	828	1	1	260	260	0	47	307	0	0	U	57.264	13327.9	13374.9	LINESTRING(151.270000 588.230000,154.280000 585.620000)
0	87	828	830	1	1	153	153	0	27	177	1	0	U	57.264	13432.2	13609.2	LINESTRING(154.280000 585.620000,152.890000 591.030000)
0	88	830	828	1	1	153	153	0	27	177	0	0	U	57.264	13666.4	13693.4	LINESTRING(152.890000 591.030000,154.280000 585.620000)
0	89	828	840	1	1	51	51	0	9	59	0	0	Straight	0.0	13693.4	13702.4	LINESTRING(154.280000 585.620000,154.290000 579.070000)
0	90	840	839	1	1	204	204	0	37	237	1	0	Straight	0.0	13702.4	13939.4	LINESTRING(154.290000 579.070000,155.270000 575.990000)
0	91	839	854	1	1	174	174	0	31	201	1	0	Straight	0.0	13939.4	14140.4	LINESTRING(155.270000 575.990000,153.580000 571.720000)
0	92	854	853	1	1	310	310	0	56	366	1	0	Right	7.158	14147.6	14513.6	LINESTRING(153.580000 571.720000,146.370000 572.520000)
0	93	853	856	1	0	0	0	0	37	0	0	0	Left	14.316	14527.9	14564.9	LINESTRING(146.370000 572.520000,143.050000 568.550000)
0	94	856	1039	1	1	77	77	0	14	84	1	0	Left	14.316	14579.2	14663.2	LINESTRING(143.050000 568.550000,144.180000 560.970000)
0	95	1039	1038	1	1	59	59	0	11	61	1	0	Straight	0.0	14663.2	14724.2	LINESTRING(144.180000 560.970000,142.050000 552.120000)
0	96	1038	838	1	1	128	128	0	23	143	0	0	Straight	0.0	14724.2	14747.2	LINESTRING(142.050000 552.120000,137.980000 541.920000)
0	97	838	1787	1	0	0	0	0	61	0	0	0	Left	14.316	14761.5	14822.5	LINESTRING(137.980000 541.920000,158.600000 530.650000)
0	98	1787	793	1	0	0	0	0	2	0	0	0	Straight	0.0	14822.5	14824.5	LINESTRING(158.600000 530.650000,182.660000 521.840000)
0	99	793	741	0	0	0	0	0	33	0	0	0	Straight	0.0	14824.5	14857.5	LINESTRING(182.660000 521.840000,196.280000 524.150000)
0	100	741	1027	0	0	0	0	0	43	0	0	0	Straight	0.0	14857.5	14900.5	LINESTRING(196.280000 524.150000,212.080000 527.530000)
0	101	1027	2215	1	0	0	0	0	60	0	0	0	Straight	0.0	14900.5	14960.5	LINESTRING(212.080000 527.530000,230.590000 543.690000)
0	102	2215	694	1	0	0	0	0	4	0	0	0	Straight	0.0	14960.5	14964.5	LINESTRING(230.590000 543.690000,249.370000 543.680000)
0	103	694	1962	1	0	0	0	0	12	0	0	0	Left	14.316	14978.9	14990.9	LINESTRING(249.370000 543.680000,254.750000 551.160000)
0	104	1962	989	1	0	0	0	0	5	0	0	0	Right	7.158	14998.0	15003.0	LINESTRING(254.750000 551.160000,260.300000 549.810000)
0	105	989	693	1	0	0	0	0	14	0	0	0	Right	7.158	15010.2	15024.2	LINESTRING(260.300000 549.810000,266.140000 539.950000)
0	106	693	652	1	0	0	0	0	34	0	0	0	Straight	0.0	15024.2	15058.2	LINESTRING(266.140000 539.950000,283.710000 531.040000)
0	107	652	653	1	0	0	0	0	104	0	0	0	Straight	0.0	15058.2	15162.2	LINESTRING(283.710000 531.040000,303.710000 526.940000)
0	108	653	849	1	0	0	0	0	58	0	0	0	Straight	0.0	15162.2	15220.2	LINESTRING(303.710000 526.940000,326.290000 530.990000)
0	109	849	842	1	0	0	0	0	1	0	0	0	Straight	0.0	15220.2	15221.2	LINESTRING(326.290000 530.990000,342.350000 542.230000)
0	110	842	451	1	0	0	0	0	18	0	0	0	Right	7.158	15228.3	15246.3	LINESTRING(342.350000 542.230000,359.280000 532.430000)
0	111	451	415	1	0	0	0	0	23	0	0	0	Straight	0.0	15246.3	15269.3	LINESTRING(359.280000 532.430000,384.780000 529.860000)
0	112	415	416	1	0	0	0	0	178	0	0	0	Straight	0.0	15269.3	15447.3	LINESTRING(384.780000 529.860000,415.080000 521.650000)
0	113	416	221	1	0	0	0	0	155	0	0	0	Straight	0.0	15447.3	15602.3	LINESTRING(415.080000 521.650000,438.140000 503.310000)
0	114	221	222	1	0	0	0	0	46	0	0	0	Straight	0.0	15602.3	15648.3	LINESTRING(438.140000 503.310000,458.020000 492.700000)
0	115	222	565	1	0	0	0	0	59	0	0	0	Straight	0.0	15648.3	15707.3	LINESTRING(458.020000 492.700000,476.240000 482.630000)
0	116	565	170	1	0	0	0	0	9	0	0	0	Left	14.316	15721.6	15730.6	LINESTRING(476.240000 482.630000,475.680000 495.280000)
0	117	170	171	1	0	0	0	0	32	0	0	0	Right	7.158	15737.8	15769.8	LINESTRING(475.680000 495.280000,482.040000 494.670000)
0	118	171	158	1	0	0	0	0	12	0	0	0	Straight	0.0	15769.8	15781.8	LINESTRING(482.040000 494.670000,488.410000 494.440000)
0	119	158	159	1	0	0	0	0	14	0	0	0	Straight	0.0	15781.8	15795.8	LINESTRING(488.410000 494.440000,493.680000 496.170000)
0	120	159	1180	1	0	0	0	0	18	0	0	0	Straight	0.0	15795.8	15813.8	LINESTRING(493.680000 496.170000,501.070000 493.200000)
0	121	1180	1181	1	0	0	0	0	17	0	0	0	Straight	0.0	15813.8	15830.8	LINESTRING(501.070000 493.200000,507.660000 481.540000)
0	122	1181	1160	1	0	0	0	0	45	0	0	0	Left	14.316	15845.1	15890.1	LINESTRING(507.660000 481.540000,521.430000 492.300000)
0	123	1160	1159	1	0	0	0	0	54	0	0	0	Straight	0.0	15890.1	15944.1	LINESTRING(521.430000 492.300000,539.710000 492.950000)
0	124	1159	1174	0	0	0	0	0	9	0	0	0	Straight	0.0	15944.1	15953.1	LINESTRING(539.710000 492.950000,553.710000 499.300000)
0	125	1174	1175	0	0	0	0	0	1	0	0	0	Straight	0.0	15953.1	15954.1	LINESTRING(553.710000 499.300000,564.220000 513.380000)
0	126	1175	1169	0	0	0	0	0	49	0	0	0	Straight	0.0	15954.1	16003.1	LINESTRING(564.220000 513.380000,567.250000 533.080000)
0	127	1169	1170	0	0	0	0	0	8	0	0	0	Right	7.158	16010.3	16018.3	LINESTRING(567.250000 533.080000,577.940000 535.120000)
0	128	1170	1390	0	0	0	0	0	1	0	0	0	Straight	0.0	16018.3	16019.3	LINESTRING(577.940000 535.120000,590.940000 538.410000)
0	129	1390	1168	0	0	0	0	0	6	0	0	0	Left	14.316	16033.6	16039.6	LINESTRING(590.940000 538.410000,595.630000 547.920000)
0	130	1168	1163	0	0	0	0	0	3	0	0	0	Straight	0.0	16039.6	16042.6	LINESTRING(595.630000 547.920000,604.200000 555.860000)
0	131	1163	1164	0	0	0	0	0	7	0	0	0	Straight	0.0	16042.6	16049.6	LINESTRING(604.200000 555.860000,616.380000 560.090000)
0	132	1164	1980	0	0	0	0	0	47	0	0	0	Straight	0.0	16049.6	16096.6	LINESTRING(616.380000 560.090000,635.720000 561.930000)
0	133	1980	1306	0	0	0	0	0	154	0	0	0	Straight	0.0	16096.6	16250.6	LINESTRING(635.720000 561.930000,654.820000 566.300000)
0	134	1306	1307	0	0	0	0	0	37	0	0	0	Right	7.158	16257.8	16294.8	LINESTRING(654.820000 566.300000,667.430000 553.850000)
0	135	1307	1732	0	0	0	0	0	18	0	0	0	Straight	0.0	16294.8	16312.8	LINESTRING(667.430000 553.850000,676.830000 553.640000)
0	136	1732	1508	0	0	0	0	0	24	0	0	0	Right	7.158	16319.9	16343.9	LINESTRING(676.830000 553.640000,679.330000 550.700000)
1	0	1508	1509	0	0	0	0	0	23	0	0	300		0.0	16643.9	16666.9	LINESTRING(679.330000 550.700000,677.610000 547.310000)
1	1	1509	1507	0	0	0	0	0	18	0	0	0	Straight	0.0	16666.9	16684.9	LINESTRING(677.610000 547.310000,676.530000 540.560000)
1	2	1507	1924	0	0	0	0	0	37	0	0	0	Right	7.158	16692.1	16729.1	LINESTRING(676.530000 540.560000,657.710000 548.810000)
1	3	1924	1925	0	0	0	0	0	153	0	0	0	Left	14.316	16743.4	16896.4	LINESTRING(657.710000 548.810000,641.040000 541.960000)
1	4	1925	1154	0	0	0	0	0	24	0	0	0	Straight	0.0	16896.4	16920.4	LINESTRING(641.040000 541.960000,628.400000 534.790000)
1	5	1154	1165	0	0	0	0	0	10	0	0	0	Straight	0.0	16920.4	16930.4	LINESTRING(628.400000 534.790000,616.110000 530.150000)
1	6	1165	1166	0	0	0	0	0	29	0	0	0	Straight	0.0	16930.4	16959.4	LINESTRING(616.110000 530.150000,600.820000 526.780000)
1	7	1166	1399	0	0	0	0	0	1	0	0	0	Straight	0.0	16959.4	16960.4	LINESTRING(600.820000 526.780000,588.790000 516.590000)
1	8	1399	1839	0	0	0	0	0	56	0	0	0	Straight	0.0	16960.4	17016.4	LINESTRING(588.790000 516.590000,573.160000 502.950000)
1	9	1839	1656	0	0	0	0	0	1	0	0	0	Straight	0.0	17016.4	17017.4	LINESTRING(573.160000 502.950000,563.420000 483.440000)
1	10	1656	1172	0	0	0	0	0	9	0	0	0	Straight	0.0	17017.4	17026.4	LINESTRING(563.420000 483.440000,556.050000 462.690000)
1	11	1172	1505	1	1	330	330	0	59	389	1	0	Straight	0.0	17026.4	17415.4	LINESTRING(556.050000 462.690000,550.570000 437.450000)
1	12	1505	1287	1	0	0	0	0	147	0	0	0	Left	14.316	17429.7	17576.7	LINESTRING(550.570000 437.450000,560.190000 425.250000)
1	13	1287	1386	1	0	0	0	0	20	0	0	0	Straight	0.0	17576.7	17596.7	LINESTRING(560.190000 425.250000,568.840000 412.620000)
1	14	1386	1860	1	0	0	0	0	59	0	0	0	Right	7.158	17603.9	17662.9	LINESTRING(568.840000 412.620000,555.530000 383.190000)
1	15	1860	1562	1	0	0	0	0	90	0	0	0	Straight	0.0	17662.9	17752.9	LINESTRING(555.530000 383.190000,551.710000 349.140000)
1	16	1562	1521	1	0	0	0	0	121	0	0	0	Straight	0.0	17752.9	17873.9	LINESTRING(551.710000 349.140000,546.500000 315.010000)
1	17	1521	1371	1	0	0	0	0	15	0	0	0	Straight	0.0	17873.9	17888.9	LINESTRING(546.500000 315.010000,545.320000 296.860000)
1	18	1371	1837	1	0	0	0	0	33	0	0	0	Straight	0.0	17888.9	17921.9	LINESTRING(545.320000 296.860000,543.000000 279.130000)
1	19	1837	1362	1	1	97	97	0	17	107	0	0	Straight	0.0	17921.9	17938.9	LINESTRING(543.000000 279.130000,546.570000 264.830000)
1	20	1362	1723	1	1	41	41	0	7	47	0	0	Straight	0.0	17938.9	17945.9	LINESTRING(546.570000 264.830000,549.010000 252.690000)
1	21	1723	1103	1	1	243	243	0	44	284	1	0	Straight	0.0	17945.9	18229.9	LINESTRING(549.010000 252.690000,546.690000 245.910000)
1	22	1103	1102	1	1	97	97	0	17	107	0	0	Straight	0.0	18229.9	18246.9	LINESTRING(546.690000 245.910000,542.930000 243.810000)
1	23	1102	1103	1	1	97	97	0	17	107	1	0	U	57.264	18304.1	18411.1	LINESTRING(542.930000 243.810000,546.690000 245.910000)
1	24	1103	1098	1	1	238	238	0	43	273	1	0	U	57.264	18468.4	18741.4	LINESTRING(546.690000 245.910000,544.170000 239.860000)
1	25	1098	1939	1	0	0	0	0	17	0	0	0	Straight	0.0	18741.4	18758.4	LINESTRING(544.170000 239.860000,545.380000 234.630000)
1	26	1939	1353	1	1	238	238	0	43	273	1	0	Left	14.316	18772.7	19045.7	LINESTRING(545.380000 234.630000,550.190000 236.610000)
1	27	1353	1352	1	1	96	96	0	17	107	1	0	U	57.264	19103.0	19210.0	LINESTRING(550.190000 236.610000,548.510000 232.690000)
1	28	1352	1347	1	1	247	247	0	44	284	1	0	Right	7.158	19217.1	19501.1	LINESTRING(548.510000 232.690000,541.740000 230.290000)
1	29	1347	1352	1	1	247	247	0	44	284	0	0	U	57.264	19558.4	19602.4	LINESTRING(541.740000 230.290000,548.510000 232.690000)
1	30	1352	2306	1	1	228	228	0	41	261	1	0	Straight	0.0	19602.4	19863.4	LINESTRING(548.510000 232.690000,553.280000 236.500000)
1	31	2306	1722	1	1	101	101	0	18	118	1	0	Left	14.316	19877.7	19995.7	LINESTRING(553.280000 236.500000,551.920000 242.930000)
1	32	1722	1353	1	1	240	240	0	43	283	1	0	U	57.264	20053.0	20336.0	LINESTRING(551.920000 242.930000,550.190000 236.610000)
1	33	1353	1722	1	1	240	240	0	43	283	0	0	U	57.264	20393.2	20436.2	LINESTRING(550.190000 236.610000,551.920000 242.930000)
1	34	1722	1723	1	1	94	94	0	17	107	1	0	Straight	0.0	20436.2	20543.2	LINESTRING(551.920000 242.930000,549.010000 252.690000)
1	35	1723	1362	1	1	41	41	0	7	47	1	0	Straight	0.0	20543.2	20590.2	LINESTRING(549.010000 252.690000,546.570000 264.830000)
1	36	1362	1348	1	1	107	107	0	19	119	1	0	U	57.264	20647.5	20766.5	LINESTRING(546.570000 264.830000,546.020000 257.300000)
1	37	1348	1653	1	0	0	0	0	8	0	0	0	Straight	0.0	20766.5	20774.5	LINESTRING(546.020000 257.300000,543.320000 250.080000)
1	38	1653	1101	1	0	0	0	0	21	0	0	0	Right	7.158	20781.7	20802.7	LINESTRING(543.320000 250.080000,537.650000 248.580000)
1	39	1101	2180	1	1	97	97	0	17	107	1	0	Right	7.158	20809.8	20916.8	LINESTRING(537.650000 248.580000,535.960000 253.790000)
1	40	2180	1085	1	1	512	512	0	92	602	1	0	Straight	0.0	20916.8	21518.8	LINESTRING(535.960000 253.790000,532.230000 256.900000)
1	41	1085	2066	1	0	0	0	0	17	0	0	0	Right	7.158	21526.0	21543.0	LINESTRING(532.230000 256.900000,536.020000 258.790000)
1	42	2066	2180	1	1	353	353	0	64	414	1	0	Right	7.158	21550.1	21964.1	LINESTRING(536.020000 258.790000,535.960000 253.790000)
1	43	2180	1101	1	1	97	97	0	17	107	0	0	Straight	0.0	21964.1	21981.1	LINESTRING(535.960000 253.790000,537.650000 248.580000)
1	44	1101	1100	1	0	0	0	0	32	0	0	0	Right	7.158	21988.3	22020.3	LINESTRING(537.650000 248.580000,532.510000 244.480000)
1	45	1100	1337	1	0	0	0	0	19	0	0	0	Straight	0.0	22020.3	22039.3	LINESTRING(532.510000 244.480000,526.290000 242.780000)
1	46	1337	1563	1	1	202	202	0	36	236	1	0	Right	7.158	22046.4	22282.4	LINESTRING(526.290000 242.780000,524.740000 249.450000)
1	47	1563	1809	1	0	0	0	0	18	0	0	0	Left	14.316	22296.8	22314.8	LINESTRING(524.740000 249.450000,518.730000 249.620000)
1	48	1809	1979	1	1	95	95	0	17	107	1	0	Straight	0.0	22314.8	22421.8	LINESTRING(518.730000 249.620000,514.100000 246.290000)
1	49	1979	1334	1	0	0	0	0	31	0	0	0	Straight	0.0	22421.8	22452.8	LINESTRING(514.100000 246.290000,509.470000 242.540000)
1	50	1334	1519	1	1	97	97	0	17	107	1	0	Left	14.316	22467.1	22574.1	LINESTRING(509.470000 242.540000,509.950000 237.620000)
1	51	1519	1088	1	1	391	391	0	70	460	1	0	Left	14.316	22588.4	23048.4	LINESTRING(509.950000 237.620000,513.620000 236.660000)
1	52	1088	1087	1	1	440	440	0	79	519	1	0	U	57.264	23105.7	23624.7	LINESTRING(513.620000 236.660000,506.510000 236.910000)
1	53	1087	1519	1	1	95	95	0	17	107	1	0	U	57.264	23681.9	23788.9	LINESTRING(506.510000 236.910000,509.950000 237.620000)
1	54	1519	1087	1	1	95	95	0	17	107	0	0	U	57.264	23846.2	23863.2	LINESTRING(509.950000 237.620000,506.510000 236.910000)
1	55	1087	1084	1	1	94	94	0	17	107	1	0	Straight	0.0	23863.2	23970.2	LINESTRING(506.510000 236.910000,500.180000 236.910000)
1	56	1084	1329	1	1	160	160	0	29	189	1	0	Left	14.316	23984.5	24173.5	LINESTRING(500.180000 236.910000,506.610000 230.200000)
1	57	1329	1084	1	1	160	160	0	29	189	0	0	U	57.264	24230.8	24259.8	LINESTRING(506.610000 230.200000,500.180000 236.910000)
1	58	1084	1083	1	1	70	70	0	13	83	1	0	Straight	0.0	24259.8	24342.8	LINESTRING(500.180000 236.910000,492.240000 243.780000)
1	59	1083	1945	1	1	98	98	0	18	108	1	0	Right	7.158	24349.9	24457.9	LINESTRING(492.240000 243.780000,495.510000 247.160000)
1	60	1945	2240	1	1	207	207	0	37	237	1	0	Straight	0.0	24457.9	24694.9	LINESTRING(495.510000 247.160000,497.140000 252.200000)
1	61	2240	1331	1	1	334	334	0	60	390	1	0	Right	7.158	24702.1	25092.1	LINESTRING(497.140000 252.200000,506.030000 254.650000)
1	62	1331	1324	1	0	0	0	0	19	0	0	0	U	57.264	25149.3	25168.3	LINESTRING(506.030000 254.650000,502.590000 249.660000)
1	63	1324	1325	1	1	338	338	0	61	391	1	0	Straight	0.0	25168.3	25559.3	LINESTRING(502.590000 249.660000,499.870000 246.580000)
1	64	1325	1333	1	1	247	247	0	44	284	1	0	Left	14.316	25573.7	25857.7	LINESTRING(499.870000 246.580000,504.170000 245.010000)
1	65	1333	1325	1	1	247	247	0	44	284	0	0	U	57.264	25914.9	25958.9	LINESTRING(504.170000 245.010000,499.870000 246.580000)
1	66	1325	1945	1	1	156	156	0	28	178	1	0	Straight	0.0	25958.9	26136.9	LINESTRING(499.870000 246.580000,495.510000 247.160000)
1	67	1945	1083	1	1	98	98	0	18	108	0	0	Left	14.316	26151.2	26169.2	LINESTRING(495.510000 247.160000,492.240000 243.780000)
1	68	1083	1326	1	1	243	243	0	44	284	1	0	Right	7.158	26176.4	26460.4	LINESTRING(492.240000 243.780000,484.380000 249.920000)
1	69	1326	1081	1	1	121	121	0	22	142	1	0	Right	7.158	26467.6	26609.6	LINESTRING(484.380000 249.920000,489.540000 251.180000)
1	70	1081	2240	1	1	595	595	0	107	697	1	0	Straight	0.0	26609.6	27306.6	LINESTRING(489.540000 251.180000,497.140000 252.200000)
1	71	2240	1945	1	1	207	207	0	37	237	0	0	Right	7.158	27313.7	27350.7	LINESTRING(497.140000 252.200000,495.510000 247.160000)
1	72	1945	1083	1	1	98	98	0	18	108	0	0	Straight	0.0	27350.7	27368.7	LINESTRING(495.510000 247.160000,492.240000 243.780000)
1	73	1083	1084	1	1	70	70	0	13	83	0	0	Left	14.316	27383.0	27396.0	LINESTRING(492.240000 243.780000,500.180000 236.910000)
1	74	1084	1329	1	1	160	160	0	29	189	0	0	Straight	0.0	27396.0	27425.0	LINESTRING(500.180000 236.910000,506.610000 230.200000)
1	75	1329	1092	1	0	0	0	0	6	0	0	0	Straight	0.0	27425.0	27431.0	LINESTRING(506.610000 230.200000,512.920000 228.160000)
1	76	1092	1089	1	0	0	0	0	33	0	0	0	Straight	0.0	27431.0	27464.0	LINESTRING(512.920000 228.160000,519.740000 229.340000)
1	77	1089	1090	1	0	0	0	0	23	0	0	0	Straight	0.0	27464.0	27487.0	LINESTRING(519.740000 229.340000,525.070000 232.080000)
1	78	1090	1963	1	0	0	0	0	11	0	0	0	Straight	0.0	27487.0	27498.0	LINESTRING(525.070000 232.080000,533.000000 232.780000)
1	79	1963	1099	1	0	0	0	0	11	0	0	0	Straight	0.0	27498.0	27509.0	LINESTRING(533.000000 232.780000,539.620000 237.460000)
1	80	1099	1102	1	0	0	0	0	43	0	0	0	Straight	0.0	27509.0	27552.0	LINESTRING(539.620000 237.460000,542.930000 243.810000)
1	81	1102	1653	1	0	0	0	0	29	0	0	0	Straight	0.0	27552.0	27581.0	LINESTRING(542.930000 243.810000,543.320000 250.080000)
1	82	1653	1348	1	0	0	0	0	8	0	0	0	Straight	0.0	27581.0	27589.0	LINESTRING(543.320000 250.080000,546.020000 257.300000)
1	83	1348	1362	1	1	107	107	0	19	119	0	0	Straight	0.0	27589.0	27608.0	LINESTRING(546.020000 257.300000,546.570000 264.830000)
1	84	1362	1837	1	1	97	97	0	17	107	1	0	Straight	0.0	27608.0	27715.0	LINESTRING(546.570000 264.830000,543.000000 279.130000)
1	85	1837	1371	1	0	0	0	0	33	0	0	0	Straight	0.0	27715.0	27748.0	LINESTRING(543.000000 279.130000,545.320000 296.860000)
1	86	1371	1521	1	0	0	0	0	15	0	0	0	Straight	0.0	27748.0	27763.0	LINESTRING(545.320000 296.860000,546.500000 315.010000)
1	87	1521	1341	1	0	0	0	0	171	0	0	0	U	57.264	27820.3	27991.3	LINESTRING(546.500000 315.010000,527.980000 292.880000)
1	88	1341	1342	0	0	0	0	0	15	0	0	0	Straight	0.0	27991.3	28006.3	LINESTRING(527.980000 292.880000,511.870000 276.460000)
1	89	1342	1338	0	0	0	0	0	13	0	0	0	Straight	0.0	28006.3	28019.3	LINESTRING(511.870000 276.460000,505.500000 264.500000)
1	90	1338	1520	0	1	25	25	0	9	59	1	0	Left	14.316	28033.6	28092.6	LINESTRING(505.500000 264.500000,511.380000 265.360000)
1	91	1520	1340	0	0	0	0	0	9	0	0	0	Left	14.316	28106.9	28115.9	LINESTRING(511.380000 265.360000,518.710000 278.050000)
1	92	1340	1342	0	0	0	0	0	9	0	0	0	Left	14.316	28130.2	28139.2	LINESTRING(518.710000 278.050000,511.870000 276.460000)
1	93	1342	1330	0	0	0	0	0	32	0	0	0	Straight	0.0	28139.2	28171.2	LINESTRING(511.870000 276.460000,495.420000 265.070000)
1	94	1330	1327	1	0	0	0	0	54	0	0	0	Straight	0.0	28171.2	28225.2	LINESTRING(495.420000 265.070000,476.440000 254.000000)
1	95	1327	1326	1	1	101	101	0	18	118	0	0	Left	14.316	28239.6	28257.6	LINESTRING(476.440000 254.000000,484.380000 249.920000)
1	96	1326	1081	1	1	121	121	0	22	142	0	0	Straight	0.0	28257.6	28279.6	LINESTRING(484.380000 249.920000,489.540000 251.180000)
1	97	1081	1082	1	1	570	570	0	103	673	1	0	U	57.264	28336.8	29009.8	LINESTRING(489.540000 251.180000,486.890000 247.180000)
1	98	1082	1081	1	1	570	570	0	103	673	0	0	U	57.264	29067.1	29170.1	LINESTRING(486.890000 247.180000,489.540000 251.180000)
1	99	1081	1326	1	1	121	121	0	22	142	0	0	U	57.264	29227.4	29249.4	LINESTRING(489.540000 251.180000,484.380000 249.920000)
1	100	1326	1327	1	1	101	101	0	18	118	1	0	Straight	0.0	29249.4	29367.4	LINESTRING(484.380000 249.920000,476.440000 254.000000)
1	101	1327	1330	1	0	0	0	0	54	0	0	0	Right	7.158	29374.5	29428.5	LINESTRING(476.440000 254.000000,495.420000 265.070000)
1	102	1330	1338	0	0	0	0	0	26	0	0	0	Straight	0.0	29428.5	29454.5	LINESTRING(495.420000 265.070000,505.500000 264.500000)
1	103	1338	1520	0	1	25	25	0	9	59	0	0	Straight	0.0	29454.5	29463.5	LINESTRING(505.500000 264.500000,511.380000 265.360000)
1	104	1520	2004	0	0	0	0	0	11	0	0	0	Straight	0.0	29463.5	29474.5	LINESTRING(511.380000 265.360000,516.880000 270.200000)
1	105	2004	1254	1	0	0	0	0	97	0	0	0	Right	7.158	29481.7	29578.7	LINESTRING(516.880000 270.200000,520.540000 265.280000)
1	106	1254	1253	1	0	0	0	0	401	0	0	0	U	57.264	29635.9	30036.9	LINESTRING(520.540000 265.280000,505.290000 293.990000)
1	107	1253	302	1	0	0	0	0	174	0	0	0	Left	14.316	30051.2	30225.2	LINESTRING(505.290000 293.990000,478.650000 294.610000)
1	108	302	378	1	0	0	0	0	74	0	0	0	Straight	0.0	30225.2	30299.2	LINESTRING(478.650000 294.610000,452.570000 295.430000)
1	109	378	587	1	0	0	0	0	91	0	0	0	Straight	0.0	30299.2	30390.2	LINESTRING(452.570000 295.430000,427.620000 301.530000)
1	110	587	586	1	0	0	0	0	117	0	0	0	Straight	0.0	30390.2	30507.2	LINESTRING(427.620000 301.530000,404.060000 311.500000)
1	111	586	957	1	0	0	0	0	11	0	0	0	Straight	0.0	30507.2	30518.2	LINESTRING(404.060000 311.500000,393.420000 311.130000)
1	112	957	1528	1	0	0	0	0	9	0	0	0	Straight	0.0	30518.2	30527.2	LINESTRING(393.420000 311.130000,385.690000 307.890000)
1	113	1528	1004	1	0	0	0	0	24	0	0	0	Straight	0.0	30527.2	30551.2	LINESTRING(385.690000 307.890000,378.590000 301.430000)
1	114	1004	2011	1	0	0	0	0	249	0	0	0	Straight	0.0	30551.2	30800.2	LINESTRING(378.590000 301.430000,372.780000 294.490000)
1	115	2011	923	1	0	0	0	0	100	0	0	0	Straight	0.0	30800.2	30900.2	LINESTRING(372.780000 294.490000,367.720000 288.770000)
1	116	923	922	1	0	0	0	0	20	0	0	0	Straight	0.0	30900.2	30920.2	LINESTRING(367.720000 288.770000,363.400000 284.320000)
1	117	922	2277	1	0	0	0	0	91	0	0	0	Straight	0.0	30920.2	31011.2	LINESTRING(363.400000 284.320000,360.380000 280.330000)
2	0	2277	2277	-1	-1	0	0	0	0	0	0	300		0.0	31011.2	31311.2	LINESTRING(360.380000 280.330000,360.380000 280.330000)
