Problem Type	Solution Method	Vehicle Capacity (Weight)	Vehicle Capacity(Volume)	Disposal Trips	Route Time	Route Time wo Turns	Computational Time(Sec)	Clustering Time(Sec)	VA(NHO)	VA(ATD)	VA(CCI)	VA(DMT)	VA(ROI)	VA(AOI)	Optimal
MCARPTIF-TP	WJ19	10000	10000	2	32550.1	27969	127.897	0	0.0317329	1180.57	1.16667	36477.5	0.346004	0.0790561	0
Load No	Sequence No	From Node ID	To Node ID	IsEdge	Required	Weight	Volume	Travel Miles	Travel Time	Service Time	Served	Dumped	Turn Type	Turn Cost	Depart Time	Arrival Time	Shape
0	0	2277	922	1	0	0	0	0	91	0	0	300		0.0	300.0	391.0	LINESTRING(360.380000 280.330000,363.400000 284.320000)
0	1	922	923	1	0	0	0	0	20	0	0	0	Straight	0.0	391.0	411.0	LINESTRING(363.400000 284.320000,367.720000 288.770000)
0	2	923	2011	1	0	0	0	0	100	0	0	0	Straight	0.0	411.0	511.0	LINESTRING(367.720000 288.770000,372.780000 294.490000)
0	3	2011	1004	1	0	0	0	0	249	0	0	0	Straight	0.0	511.0	760.0	LINESTRING(372.780000 294.490000,378.590000 301.430000)
0	4	1004	1528	1	0	0	0	0	24	0	0	0	Straight	0.0	760.0	784.0	LINESTRING(378.590000 301.430000,385.690000 307.890000)
0	5	1528	611	0	0	0	0	0	16	0	0	0	Straight	0.0	784.0	800.0	LINESTRING(385.690000 307.890000,386.970000 314.450000)
0	6	611	610	1	0	0	0	0	13	0	0	0	Straight	0.0	800.0	813.0	LINESTRING(386.970000 314.450000,383.270000 322.520000)
0	7	610	951	1	0	0	0	0	5	0	0	0	Straight	0.0	813.0	818.0	LINESTRING(383.270000 322.520000,362.600000 336.160000)
0	8	951	947	1	0	0	0	0	4	0	0	0	U	57.264	875.264	879.264	LINESTRING(362.600000 336.160000,367.480000 326.740000)
0	9	947	1823	1	0	0	0	0	33	0	0	0	Straight	0.0	879.264	912.264	LINESTRING(367.480000 326.740000,374.240000 318.590000)
0	10	1823	911	1	0	0	0	0	4	0	0	0	Straight	0.0	912.264	916.264	LINESTRING(374.240000 318.590000,382.620000 311.380000)
0	11	911	869	1	0	0	0	0	43	0	0	0	Straight	0.0	916.264	959.264	LINESTRING(382.620000 311.380000,392.350000 304.620000)
0	12	869	472	1	0	0	0	0	12	0	0	0	Straight	0.0	959.264	971.264	LINESTRING(392.350000 304.620000,403.050000 299.740000)
0	13	472	414	1	0	0	0	0	67	0	0	0	Straight	0.0	971.264	1038.26	LINESTRING(403.050000 299.740000,414.560000 296.400000)
0	14	414	411	1	1	88	88	0	16	96	1	0	Right	7.158	1045.42	1141.42	LINESTRING(414.560000 296.400000,406.640000 285.460000)
0	15	411	404	1	1	67	67	0	12	72	1	0	Straight	0.0	1141.42	1213.42	LINESTRING(406.640000 285.460000,399.350000 275.280000)
0	16	404	405	1	1	142	142	0	26	166	1	0	Straight	0.0	1213.42	1379.42	LINESTRING(399.350000 275.280000,393.440000 266.190000)
0	17	405	787	1	1	8	8	0	1	1	1	0	Straight	0.0	1379.42	1380.42	LINESTRING(393.440000 266.190000,388.450000 258.890000)
0	18	787	2353	1	1	179	179	0	32	202	1	0	Straight	0.0	1380.42	1582.42	LINESTRING(388.450000 258.890000,387.130000 253.550000)
0	19	2353	787	1	1	179	179	0	32	202	0	0	U	57.264	1639.69	1671.69	LINESTRING(387.130000 253.550000,388.450000 258.890000)
0	20	787	405	1	1	8	8	0	1	1	0	0	Straight	0.0	1671.69	1672.69	LINESTRING(388.450000 258.890000,393.440000 266.190000)
0	21	405	404	1	1	142	142	0	26	166	0	0	Straight	0.0	1672.69	1698.69	LINESTRING(393.440000 266.190000,399.350000 275.280000)
0	22	404	411	1	1	67	67	0	12	72	0	0	Straight	0.0	1698.69	1710.69	LINESTRING(399.350000 275.280000,406.640000 285.460000)
0	23	411	414	1	1	88	88	0	16	96	0	0	Straight	0.0	1710.69	1726.69	LINESTRING(406.640000 285.460000,414.560000 296.400000)
0	24	414	778	1	0	0	0	0	26	0	0	0	Straight	0.0	1726.69	1752.69	LINESTRING(414.560000 296.400000,429.670000 303.380000)
0	25	778	353	1	0	0	0	0	53	0	0	0	Straight	0.0	1752.69	1805.69	LINESTRING(429.670000 303.380000,444.720000 310.490000)
0	26	353	750	1	1	268	268	0	48	308	1	0	Straight	0.0	1805.69	2113.69	LINESTRING(444.720000 310.490000,450.470000 317.040000)
0	27	750	746	1	1	58	58	0	10	60	1	0	Left	14.316	2128.0	2188.0	LINESTRING(450.470000 317.040000,446.760000 320.540000)
0	28	746	739	1	1	59	59	0	11	61	1	0	Straight	0.0	2188.0	2249.0	LINESTRING(446.760000 320.540000,445.340000 326.220000)
0	29	739	736	1	1	104	104	0	19	119	1	0	Straight	0.0	2249.0	2368.0	LINESTRING(445.340000 326.220000,448.260000 331.650000)
0	30	736	1901	1	1	42	42	0	8	48	1	0	Straight	0.0	2368.0	2416.0	LINESTRING(448.260000 331.650000,453.670000 335.930000)
0	31	1901	1997	1	1	40	40	0	7	47	1	0	Straight	0.0	2416.0	2463.0	LINESTRING(453.670000 335.930000,459.720000 339.910000)
0	32	1997	334	1	1	61	61	0	11	71	1	0	Straight	0.0	2463.0	2534.0	LINESTRING(459.720000 339.910000,466.530000 343.330000)
0	33	334	1701	1	1	83	83	0	15	95	1	0	Straight	0.0	2534.0	2629.0	LINESTRING(466.530000 343.330000,473.260000 347.850000)
0	34	1701	718	1	1	110	110	0	20	130	1	0	Straight	0.0	2629.0	2759.0	LINESTRING(473.260000 347.850000,480.460000 352.220000)
0	35	718	271	1	1	141	141	0	25	165	1	0	Straight	0.0	2759.0	2924.0	LINESTRING(480.460000 352.220000,488.100000 356.510000)
0	36	271	259	1	1	114	114	0	20	130	1	0	Straight	0.0	2924.0	3054.0	LINESTRING(488.100000 356.510000,494.950000 361.820000)
0	37	259	255	1	1	6	6	0	1	1	1	0	Straight	0.0	3054.0	3055.0	LINESTRING(494.950000 361.820000,501.060000 367.200000)
0	38	255	256	1	1	49	49	0	9	49	1	0	Straight	0.0	3055.0	3104.0	LINESTRING(501.060000 367.200000,506.200000 372.840000)
0	39	256	289	1	1	113	113	0	20	130	1	0	Straight	0.0	3104.0	3234.0	LINESTRING(506.200000 372.840000,509.380000 379.120000)
0	40	289	1411	1	1	1027	1027	0	185	1205	1	0	Straight	0.0	3234.0	4439.0	LINESTRING(509.380000 379.120000,516.600000 399.480000)
0	41	1411	1412	1	1	335	335	0	60	390	1	0	Straight	0.0	4439.0	4829.0	LINESTRING(516.600000 399.480000,519.590000 423.030000)
0	42	1412	1183	1	0	0	0	0	49	0	0	0	Straight	0.0	4829.0	4878.0	LINESTRING(519.590000 423.030000,508.890000 447.660000)
0	43	1183	1184	1	1	73	73	0	13	83	1	0	Straight	0.0	4878.0	4961.0	LINESTRING(508.890000 447.660000,512.050000 458.580000)
0	44	1184	1944	1	1	267	267	0	48	308	1	0	Straight	0.0	4961.0	5269.0	LINESTRING(512.050000 458.580000,510.870000 470.200000)
0	45	1944	1943	1	1	40	40	0	7	47	1	0	Right	7.158	5276.16	5323.16	LINESTRING(510.870000 470.200000,515.140000 470.500000)
0	46	1943	1944	1	1	40	40	0	7	47	0	0	U	57.264	5380.42	5387.42	LINESTRING(515.140000 470.500000,510.870000 470.200000)
0	47	1944	1181	1	1	64	64	0	12	72	1	0	Right	7.158	5394.58	5466.58	LINESTRING(510.870000 470.200000,507.660000 481.540000)
0	48	1181	1180	1	1	96	96	0	17	107	1	0	Straight	0.0	5466.58	5573.58	LINESTRING(507.660000 481.540000,501.070000 493.200000)
0	49	1180	159	1	1	102	102	0	18	118	1	0	Straight	0.0	5573.58	5691.58	LINESTRING(501.070000 493.200000,493.680000 496.170000)
0	50	159	160	1	1	11	11	0	2	12	1	0	Straight	0.0	5691.58	5703.58	LINESTRING(493.680000 496.170000,487.880000 500.530000)
0	51	160	527	1	1	243	243	0	44	284	1	0	Straight	0.0	5703.58	5987.58	LINESTRING(487.880000 500.530000,481.550000 504.260000)
0	52	527	173	1	1	142	142	0	26	166	1	0	Right	7.158	5994.74	6160.74	LINESTRING(481.550000 504.260000,489.090000 511.890000)
0	53	173	526	1	1	142	142	0	25	165	1	0	Straight	0.0	6160.74	6325.74	LINESTRING(489.090000 511.890000,494.800000 521.290000)
0	54	526	1178	1	1	146	146	0	26	166	1	0	Straight	0.0	6325.74	6491.74	LINESTRING(494.800000 521.290000,498.880000 533.690000)
0	55	1178	1995	1	1	217	217	0	39	249	1	0	Straight	0.0	6491.74	6740.74	LINESTRING(498.880000 533.690000,502.820000 545.550000)
0	56	1995	430	1	1	355	355	0	64	414	1	0	Straight	0.0	6740.74	7154.74	LINESTRING(502.820000 545.550000,505.260000 556.290000)
0	57	430	431	1	1	321	321	0	58	378	1	0	Straight	0.0	7154.74	7532.74	LINESTRING(505.260000 556.290000,508.540000 567.390000)
0	58	431	2058	1	1	145	145	0	26	166	1	0	U	57.264	7590.0	7756.0	LINESTRING(508.540000 567.390000,512.440000 560.130000)
0	59	2058	387	1	1	59	59	0	11	61	1	0	Straight	0.0	7756.0	7817.0	LINESTRING(512.440000 560.130000,517.880000 557.220000)
0	60	387	106	1	1	341	341	0	61	401	1	0	Straight	0.0	7817.0	8218.0	LINESTRING(517.880000 557.220000,521.010000 552.320000)
0	61	106	105	1	1	77	77	0	14	84	1	0	Right	7.158	8225.16	8309.16	LINESTRING(521.010000 552.320000,516.200000 550.720000)
0	62	105	114	1	1	151	151	0	27	177	1	0	Straight	0.0	8309.16	8486.16	LINESTRING(516.200000 550.720000,510.940000 552.990000)
0	63	114	2058	1	1	322	322	0	58	378	1	0	Right	7.158	8493.32	8871.32	LINESTRING(510.940000 552.990000,512.440000 560.130000)
0	64	2058	431	1	1	145	145	0	26	166	0	0	Straight	0.0	8871.32	8897.32	LINESTRING(512.440000 560.130000,508.540000 567.390000)
0	65	431	122	1	1	74	74	0	13	83	1	0	Right	7.158	8904.48	8987.48	LINESTRING(508.540000 567.390000,514.080000 580.630000)
0	66	122	121	1	1	339	339	0	61	391	1	0	Left	14.316	9001.79	9392.79	LINESTRING(514.080000 580.630000,507.530000 582.130000)
0	67	121	1697	1	1	96	96	0	17	107	1	0	U	57.264	9450.06	9557.06	LINESTRING(507.530000 582.130000,516.520000 585.160000)
0	68	1697	427	1	1	90	90	0	16	106	1	0	Straight	0.0	9557.06	9663.06	LINESTRING(516.520000 585.160000,523.260000 585.930000)
0	69	427	428	1	1	83	83	0	15	95	1	0	Straight	0.0	9663.06	9758.06	LINESTRING(523.260000 585.930000,527.130000 589.320000)
0	70	428	427	1	1	83	83	0	15	95	0	0	U	57.264	9815.32	9830.32	LINESTRING(527.130000 589.320000,523.260000 585.930000)
0	71	427	112	1	1	120	120	0	22	142	1	0	U	57.264	9887.59	10029.6	LINESTRING(523.260000 585.930000,527.190000 586.530000)
0	72	112	113	1	1	58	58	0	10	60	1	0	Straight	0.0	10029.6	10089.6	LINESTRING(527.190000 586.530000,532.180000 587.160000)
0	73	113	112	1	1	58	58	0	10	60	0	0	U	57.264	10146.8	10156.8	LINESTRING(532.180000 587.160000,527.190000 586.530000)
0	74	112	406	1	1	136	136	0	25	155	1	0	Straight	0.0	10156.8	10311.8	LINESTRING(527.190000 586.530000,521.800000 588.320000)
0	75	406	1697	1	1	228	228	0	41	261	1	0	Left	14.316	10326.2	10587.2	LINESTRING(521.800000 588.320000,516.520000 585.160000)
0	76	1697	121	1	1	96	96	0	17	107	0	0	Straight	0.0	10587.2	10604.2	LINESTRING(516.520000 585.160000,507.530000 582.130000)
0	77	121	460	1	1	96	96	0	17	107	1	0	Straight	0.0	10604.2	10711.2	LINESTRING(507.530000 582.130000,496.160000 580.630000)
0	78	460	156	1	1	250	250	0	45	295	1	0	Right	7.158	10718.3	11013.3	LINESTRING(496.160000 580.630000,488.790000 588.020000)
0	79	156	515	1	1	101	101	0	18	118	1	0	Right	7.158	11020.5	11138.5	LINESTRING(488.790000 588.020000,496.120000 596.660000)
0	80	515	127	1	1	244	244	0	44	284	1	0	Straight	0.0	11138.5	11422.5	LINESTRING(496.120000 596.660000,502.920000 601.900000)
0	81	127	483	1	1	99	99	0	18	108	1	0	Left	14.316	11436.8	11544.8	LINESTRING(502.920000 601.900000,501.540000 606.450000)
0	82	483	484	1	1	166	166	0	30	190	1	0	Straight	0.0	11544.8	11734.8	LINESTRING(501.540000 606.450000,503.170000 610.730000)
0	83	484	1869	1	1	95	95	0	17	107	1	0	Right	7.158	11742.0	11849.0	LINESTRING(503.170000 610.730000,505.140000 607.540000)
0	84	1869	1870	1	1	98	98	0	18	108	1	0	Left	14.316	11863.3	11971.3	LINESTRING(505.140000 607.540000,510.570000 609.860000)
0	85	1870	120	1	1	93	93	0	17	107	1	0	Straight	0.0	11971.3	12078.3	LINESTRING(510.570000 609.860000,515.090000 612.780000)
0	86	120	119	1	1	136	136	0	24	154	1	0	Straight	0.0	12078.3	12232.3	LINESTRING(515.090000 612.780000,519.250000 613.610000)
0	87	119	1627	1	1	144	144	0	26	166	1	0	Straight	0.0	12232.3	12398.3	LINESTRING(519.250000 613.610000,523.150000 616.890000)
0	88	1627	119	1	1	144	144	0	26	166	0	0	U	57.264	12455.5	12481.5	LINESTRING(523.150000 616.890000,519.250000 613.610000)
0	89	119	447	1	1	191	191	0	34	224	1	0	Straight	0.0	12481.5	12705.5	LINESTRING(519.250000 613.610000,515.620000 609.330000)
0	90	447	128	1	1	96	96	0	17	107	1	0	Straight	0.0	12705.5	12812.5	LINESTRING(515.620000 609.330000,509.800000 606.110000)
0	91	128	1870	1	1	344	344	0	62	402	1	0	Right	7.158	12819.7	13221.7	LINESTRING(509.800000 606.110000,510.570000 609.860000)
0	92	1870	128	1	1	344	344	0	62	402	0	0	U	57.264	13279.0	13341.0	LINESTRING(510.570000 609.860000,509.800000 606.110000)
0	93	128	127	1	1	91	91	0	16	106	1	0	Right	7.158	13348.1	13454.1	LINESTRING(509.800000 606.110000,502.920000 601.900000)
0	94	127	515	1	1	244	244	0	44	284	0	0	Straight	0.0	13454.1	13498.1	LINESTRING(502.920000 601.900000,496.120000 596.660000)
0	95	515	156	1	1	101	101	0	18	118	0	0	Straight	0.0	13498.1	13516.1	LINESTRING(496.120000 596.660000,488.790000 588.020000)
0	96	156	460	1	1	250	250	0	45	295	0	0	Left	14.316	13530.4	13575.4	LINESTRING(488.790000 588.020000,496.160000 580.630000)
0	97	460	121	1	1	96	96	0	17	107	0	0	Left	14.316	13589.7	13606.7	LINESTRING(496.160000 580.630000,507.530000 582.130000)
0	98	121	1697	1	1	96	96	0	17	107	0	0	Straight	0.0	13606.7	13623.7	LINESTRING(507.530000 582.130000,516.520000 585.160000)
0	99	1697	406	1	1	228	228	0	41	261	0	0	Straight	0.0	13623.7	13664.7	LINESTRING(516.520000 585.160000,521.800000 588.320000)
0	100	406	1928	1	1	56	56	0	10	60	1	0	Left	14.316	13679.1	13739.1	LINESTRING(521.800000 588.320000,522.040000 592.850000)
0	101	1928	104	1	0	0	0	0	15	0	0	0	Straight	0.0	13739.1	13754.1	LINESTRING(522.040000 592.850000,529.460000 605.430000)
0	102	104	92	1	0	0	0	0	38	0	0	0	Straight	0.0	13754.1	13792.1	LINESTRING(529.460000 605.430000,547.190000 620.720000)
0	103	92	1535	1	0	0	0	0	11	0	0	0	Straight	0.0	13792.1	13803.1	LINESTRING(547.190000 620.720000,566.300000 625.930000)
0	104	1535	1536	1	0	0	0	0	18	0	0	0	Straight	0.0	13803.1	13821.1	LINESTRING(566.300000 625.930000,577.460000 637.630000)
0	105	1536	2155	1	0	0	0	0	27	0	0	0	Straight	0.0	13821.1	13848.1	LINESTRING(577.460000 637.630000,578.390000 650.730000)
0	106	2155	307	1	0	0	0	0	34	0	0	0	Right	7.158	13855.2	13889.2	LINESTRING(578.390000 650.730000,590.370000 654.040000)
0	107	307	48	1	1	117	117	0	21	131	0	0	Straight	0.0	13889.2	13910.2	LINESTRING(590.370000 654.040000,599.660000 662.980000)
0	108	48	274	1	1	124	124	0	22	142	0	0	Straight	0.0	13910.2	13932.2	LINESTRING(599.660000 662.980000,612.750000 663.230000)
0	109	274	38	1	1	66	66	0	12	72	1	0	Straight	0.0	13932.2	14004.2	LINESTRING(612.750000 663.230000,625.450000 661.250000)
0	110	38	39	1	1	71	71	0	13	83	0	0	Straight	0.0	14004.2	14017.2	LINESTRING(625.450000 661.250000,638.070000 657.560000)
0	111	39	227	1	1	96	96	0	17	107	0	0	Straight	0.0	14017.2	14034.2	LINESTRING(638.070000 657.560000,650.280000 656.620000)
0	112	227	1888	1	0	0	0	0	36	0	0	0	Right	7.158	14041.4	14077.4	LINESTRING(650.280000 656.620000,663.700000 640.650000)
0	113	1888	2314	1	0	0	0	0	93	0	0	0	Straight	0.0	14077.4	14170.4	LINESTRING(663.700000 640.650000,663.790000 616.000000)
0	114	2314	1312	1	0	0	0	0	40	0	0	0	Straight	0.0	14170.4	14210.4	LINESTRING(663.790000 616.000000,659.120000 591.060000)
0	115	1312	1306	1	0	0	0	0	21	0	0	0	Straight	0.0	14210.4	14231.4	LINESTRING(659.120000 591.060000,654.820000 566.300000)
0	116	1306	1307	0	0	0	0	0	37	0	0	0	Left	14.316	14245.7	14282.7	LINESTRING(654.820000 566.300000,667.430000 553.850000)
0	117	1307	1732	0	0	0	0	0	18	0	0	0	Straight	0.0	14282.7	14300.7	LINESTRING(667.430000 553.850000,676.830000 553.640000)
0	118	1732	1508	0	0	0	0	0	24	0	0	0	Right	7.158	14307.9	14331.9	LINESTRING(676.830000 553.640000,679.330000 550.700000)
1	0	1508	1509	0	0	0	0	0	23	0	0	300		0.0	14631.9	14654.9	LINESTRING(679.330000 550.700000,677.610000 547.310000)
1	1	1509	1507	0	0	0	0	0	18	0	0	0	Straight	0.0	14654.9	14672.9	LINESTRING(677.610000 547.310000,676.530000 540.560000)
1	2	1507	1846	1	0	0	0	0	76	0	0	0	Left	14.316	14687.2	14763.2	LINESTRING(676.530000 540.560000,696.470000 524.120000)
1	3	1846	1492	1	0	0	0	0	62	0	0	0	Straight	0.0	14763.2	14825.2	LINESTRING(696.470000 524.120000,698.310000 510.220000)
1	4	1492	1491	1	1	158	158	0	28	178	1	0	Right	7.158	14832.3	15010.3	LINESTRING(698.310000 510.220000,683.710000 508.240000)
1	5	1491	1490	1	1	221	221	0	40	260	1	0	Straight	0.0	15010.3	15270.3	LINESTRING(683.710000 508.240000,681.380000 505.810000)
1	6	1490	1491	1	1	221	221	0	40	260	0	0	U	57.264	15327.6	15367.6	LINESTRING(681.380000 505.810000,683.710000 508.240000)
1	7	1491	2100	1	1	514	514	0	93	603	1	0	U	57.264	15424.9	16027.9	LINESTRING(683.710000 508.240000,668.950000 506.670000)
1	8	2100	1852	1	1	39	39	0	7	37	1	0	U	57.264	16085.1	16122.1	LINESTRING(668.950000 506.670000,685.190000 513.020000)
1	9	1852	1802	0	1	147	147	0	26	166	1	0	Straight	0.0	16122.1	16288.1	LINESTRING(685.190000 513.020000,701.220000 518.890000)
1	10	1802	1566	1	1	47	47	0	8	48	1	0	Straight	0.0	16288.1	16336.1	LINESTRING(701.220000 518.890000,717.200000 524.480000)
1	11	1566	1522	0	1	42	42	0	8	48	1	0	Straight	0.0	16336.1	16384.1	LINESTRING(717.200000 524.480000,733.520000 529.950000)
1	12	1522	1523	1	1	75	75	0	13	83	1	0	Straight	0.0	16384.1	16467.1	LINESTRING(733.520000 529.950000,750.080000 535.380000)
1	13	1523	1365	0	1	14	14	0	2	12	1	0	Straight	0.0	16467.1	16479.1	LINESTRING(750.080000 535.380000,762.320000 540.590000)
1	14	1365	1366	0	1	9	9	0	2	2	1	0	Straight	0.0	16479.1	16481.1	LINESTRING(762.320000 540.590000,774.010000 545.970000)
1	15	1366	1129	0	1	18	18	0	3	13	1	0	Straight	0.0	16481.1	16494.1	LINESTRING(774.010000 545.970000,784.390000 551.280000)
1	16	1129	2201	1	1	38	38	0	7	37	1	0	Straight	0.0	16494.1	16531.1	LINESTRING(784.390000 551.280000,797.070000 558.290000)
1	17	2201	2254	1	1	46	46	0	8	48	1	0	Straight	0.0	16531.1	16579.1	LINESTRING(797.070000 558.290000,801.260000 559.980000)
1	18	2254	2201	1	1	46	46	0	8	48	0	0	U	57.264	16636.4	16644.4	LINESTRING(801.260000 559.980000,797.070000 558.290000)
1	19	2201	1122	1	1	51	51	0	9	59	1	0	U	57.264	16701.6	16760.6	LINESTRING(797.070000 558.290000,809.180000 564.930000)
1	20	1122	2132	1	1	50	50	0	9	59	1	0	Straight	0.0	16760.6	16819.6	LINESTRING(809.180000 564.930000,813.270000 566.840000)
1	21	2132	1122	1	1	50	50	0	9	59	0	0	U	57.264	16876.9	16885.9	LINESTRING(813.270000 566.840000,809.180000 564.930000)
1	22	1122	1123	1	1	42	42	0	8	48	1	0	U	57.264	16943.2	16991.2	LINESTRING(809.180000 564.930000,821.020000 571.020000)
1	23	1123	1359	1	1	53	53	0	9	59	1	0	Straight	0.0	16991.2	17050.2	LINESTRING(821.020000 571.020000,831.960000 576.180000)
1	24	1359	1132	1	1	25	25	0	4	24	1	0	Straight	0.0	17050.2	17074.2	LINESTRING(831.960000 576.180000,840.990000 583.920000)
1	25	1132	1133	1	1	152	152	0	27	177	1	0	Straight	0.0	17074.2	17251.2	LINESTRING(840.990000 583.920000,845.190000 586.010000)
1	26	1133	1132	1	1	152	152	0	27	177	0	0	U	57.264	17308.4	17335.4	LINESTRING(845.190000 586.010000,840.990000 583.920000)
1	27	1132	1836	1	1	65	65	0	12	72	1	0	U	57.264	17392.7	17464.7	LINESTRING(840.990000 583.920000,848.660000 590.960000)
1	28	1836	2324	1	1	90	90	0	16	106	1	0	Straight	0.0	17464.7	17570.7	LINESTRING(848.660000 590.960000,853.220000 592.130000)
1	29	2324	1836	1	1	90	90	0	16	106	0	0	U	57.264	17628.0	17644.0	LINESTRING(853.220000 592.130000,848.660000 590.960000)
1	30	1836	1142	1	1	21	21	0	4	24	1	0	U	57.264	17701.2	17725.2	LINESTRING(848.660000 590.960000,853.910000 597.650000)
1	31	1142	1143	1	1	93	93	0	17	107	1	0	Straight	0.0	17725.2	17832.2	LINESTRING(853.910000 597.650000,858.870000 598.770000)
1	32	1143	1142	1	1	93	93	0	17	107	0	0	U	57.264	17889.5	17906.5	LINESTRING(858.870000 598.770000,853.910000 597.650000)
1	33	1142	1111	1	1	35	35	0	6	36	1	0	Right	7.158	17913.7	17949.7	LINESTRING(853.910000 597.650000,857.340000 603.690000)
1	34	1111	2206	1	1	117	117	0	21	131	1	0	Straight	0.0	17949.7	18080.7	LINESTRING(857.340000 603.690000,861.890000 606.300000)
1	35	2206	1111	1	1	117	117	0	21	131	0	0	U	57.264	18137.9	18158.9	LINESTRING(861.890000 606.300000,857.340000 603.690000)
1	36	1111	1110	1	1	85	85	0	15	95	1	0	Right	7.158	18166.1	18261.1	LINESTRING(857.340000 603.690000,857.750000 608.100000)
1	37	1110	1111	1	1	85	85	0	15	95	0	0	U	57.264	18318.3	18333.3	LINESTRING(857.750000 608.100000,857.340000 603.690000)
1	38	1111	1142	1	1	35	35	0	6	36	0	0	Straight	0.0	18333.3	18339.3	LINESTRING(857.340000 603.690000,853.910000 597.650000)
1	39	1142	1836	1	1	21	21	0	4	24	0	0	Straight	0.0	18339.3	18343.3	LINESTRING(853.910000 597.650000,848.660000 590.960000)
1	40	1836	1132	1	1	65	65	0	12	72	0	0	Straight	0.0	18343.3	18355.3	LINESTRING(848.660000 590.960000,840.990000 583.920000)
1	41	1132	1359	1	1	25	25	0	4	24	0	0	Straight	0.0	18355.3	18359.3	LINESTRING(840.990000 583.920000,831.960000 576.180000)
1	42	1359	1123	1	1	53	53	0	9	59	0	0	Straight	0.0	18359.3	18368.3	LINESTRING(831.960000 576.180000,821.020000 571.020000)
1	43	1123	1144	1	1	28	28	0	5	25	1	0	U	57.264	18425.6	18450.6	LINESTRING(821.020000 571.020000,824.270000 573.920000)
1	44	1144	1123	1	1	28	28	0	5	25	0	0	U	57.264	18507.9	18512.9	LINESTRING(824.270000 573.920000,821.020000 571.020000)
1	45	1123	1359	1	1	53	53	0	9	59	0	0	U	57.264	18570.1	18579.1	LINESTRING(821.020000 571.020000,831.960000 576.180000)
1	46	1359	1112	1	1	45	45	0	8	48	1	0	Right	7.158	18586.3	18634.3	LINESTRING(831.960000 576.180000,835.990000 570.380000)
1	47	1112	1358	1	1	51	51	0	9	59	0	0	Left	14.316	18648.6	18657.6	LINESTRING(835.990000 570.380000,839.960000 572.870000)
1	48	1358	1112	1	1	51	51	0	9	59	1	0	U	57.264	18714.9	18773.9	LINESTRING(839.960000 572.870000,835.990000 570.380000)
1	49	1112	1113	1	1	86	86	0	16	96	1	0	Left	14.316	18788.2	18884.2	LINESTRING(835.990000 570.380000,838.610000 563.200000)
1	50	1113	1106	0	1	14	14	0	2	12	1	0	Straight	0.0	18884.2	18896.2	LINESTRING(838.610000 563.200000,843.010000 560.370000)
1	51	1106	1349	1	1	73	73	0	13	83	1	0	Left	14.316	18910.5	18993.5	LINESTRING(843.010000 560.370000,849.540000 561.790000)
1	52	1349	1350	1	1	68	68	0	12	72	1	0	Straight	0.0	18993.5	19065.5	LINESTRING(849.540000 561.790000,853.270000 564.130000)
1	53	1350	1349	1	1	68	68	0	12	72	0	0	U	57.264	19122.8	19134.8	LINESTRING(853.270000 564.130000,849.540000 561.790000)
1	54	1349	1104	1	1	28	28	0	5	25	1	0	U	57.264	19192.0	19217.0	LINESTRING(849.540000 561.790000,858.500000 563.050000)
1	55	1104	1105	1	1	51	51	0	9	59	1	0	Right	7.158	19224.2	19283.2	LINESTRING(858.500000 563.050000,860.330000 560.050000)
1	56	1105	1104	1	1	51	51	0	9	59	0	0	U	57.264	19340.5	19349.5	LINESTRING(860.330000 560.050000,858.500000 563.050000)
1	57	1104	1345	1	1	19	19	0	3	13	1	0	Right	7.158	19356.6	19369.6	LINESTRING(858.500000 563.050000,868.430000 565.380000)
1	58	1345	2278	1	1	70	70	0	13	83	1	0	Straight	0.0	19369.6	19452.6	LINESTRING(868.430000 565.380000,872.830000 565.370000)
1	59	2278	1345	1	1	70	70	0	13	83	0	0	U	57.264	19509.9	19522.9	LINESTRING(872.830000 565.370000,868.430000 565.380000)
1	60	1345	1834	1	1	33	33	0	6	36	1	0	U	57.264	19580.1	19616.1	LINESTRING(868.430000 565.380000,876.510000 567.740000)
1	61	1834	1835	1	1	53	53	0	10	60	1	0	Straight	0.0	19616.1	19676.1	LINESTRING(876.510000 567.740000,882.040000 567.760000)
1	62	1835	1834	1	1	53	53	0	10	60	0	0	U	57.264	19733.4	19743.4	LINESTRING(882.040000 567.760000,876.510000 567.740000)
1	63	1834	1912	1	1	55	55	0	10	60	1	0	U	57.264	19800.7	19860.7	LINESTRING(876.510000 567.740000,879.770000 570.890000)
1	64	1912	1834	1	1	55	55	0	10	60	0	0	U	57.264	19917.9	19927.9	LINESTRING(879.770000 570.890000,876.510000 567.740000)
1	65	1834	1345	1	1	33	33	0	6	36	0	0	Straight	0.0	19927.9	19933.9	LINESTRING(876.510000 567.740000,868.430000 565.380000)
1	66	1345	1104	1	1	19	19	0	3	13	0	0	Straight	0.0	19933.9	19936.9	LINESTRING(868.430000 565.380000,858.500000 563.050000)
1	67	1104	1349	1	1	28	28	0	5	25	0	0	Straight	0.0	19936.9	19941.9	LINESTRING(858.500000 563.050000,849.540000 561.790000)
1	68	1349	1106	1	1	73	73	0	13	83	0	0	Straight	0.0	19941.9	19954.9	LINESTRING(849.540000 561.790000,843.010000 560.370000)
1	69	1106	1107	0	1	27	27	0	5	25	1	0	Straight	0.0	19954.9	19979.9	LINESTRING(843.010000 560.370000,837.240000 556.500000)
1	70	1107	1113	0	1	14	14	0	2	12	1	0	U	57.264	20037.2	20049.2	LINESTRING(837.240000 556.500000,838.610000 563.200000)
1	71	1113	1106	0	1	14	14	0	2	12	0	0	Right	7.158	20056.4	20058.4	LINESTRING(838.610000 563.200000,843.010000 560.370000)
1	72	1106	1107	0	1	27	27	0	5	25	0	0	Right	7.158	20065.5	20070.5	LINESTRING(843.010000 560.370000,837.240000 556.500000)
1	73	1107	1986	1	1	152	152	0	27	177	1	0	Straight	0.0	20070.5	20247.5	LINESTRING(837.240000 556.500000,830.840000 548.920000)
1	74	1986	1985	1	1	17	17	0	3	13	1	0	Left	14.316	20261.8	20274.8	LINESTRING(830.840000 548.920000,839.770000 546.750000)
1	75	1985	2102	1	1	63	63	0	11	71	1	0	Straight	0.0	20274.8	20345.8	LINESTRING(839.770000 546.750000,843.960000 547.240000)
1	76	2102	1985	1	1	63	63	0	11	71	0	0	U	57.264	20403.1	20414.1	LINESTRING(843.960000 547.240000,839.770000 546.750000)
1	77	1985	1354	1	1	28	28	0	5	25	1	0	U	57.264	20471.4	20496.4	LINESTRING(839.770000 546.750000,846.900000 544.410000)
1	78	1354	1355	1	1	52	52	0	9	59	1	0	Straight	0.0	20496.4	20555.4	LINESTRING(846.900000 544.410000,850.660000 541.560000)
1	79	1355	1354	1	1	52	52	0	9	59	0	0	U	57.264	20612.6	20621.6	LINESTRING(850.660000 541.560000,846.900000 544.410000)
1	80	1354	1867	1	1	28	28	0	5	25	1	0	Right	7.158	20628.8	20653.8	LINESTRING(846.900000 544.410000,852.270000 545.230000)
1	81	1867	1354	1	1	28	28	0	5	25	0	0	U	57.264	20711.0	20716.0	LINESTRING(852.270000 545.230000,846.900000 544.410000)
1	82	1354	1985	1	1	28	28	0	5	25	0	0	Straight	0.0	20716.0	20721.0	LINESTRING(846.900000 544.410000,839.770000 546.750000)
1	83	1985	1986	1	1	17	17	0	3	13	0	0	Straight	0.0	20721.0	20724.0	LINESTRING(839.770000 546.750000,830.840000 548.920000)
1	84	1986	1116	1	1	56	56	0	10	60	1	0	Straight	0.0	20724.0	20784.0	LINESTRING(830.840000 548.920000,818.660000 544.690000)
1	85	1116	1117	1	1	50	50	0	9	59	1	0	U	57.264	20841.3	20900.3	LINESTRING(818.660000 544.690000,822.580000 543.540000)
1	86	1117	1116	1	1	50	50	0	9	59	0	0	U	57.264	20957.6	20966.6	LINESTRING(822.580000 543.540000,818.660000 544.690000)
1	87	1116	2043	1	1	40	40	0	7	47	1	0	Straight	0.0	20966.6	21013.6	LINESTRING(818.660000 544.690000,807.710000 541.280000)
1	88	2043	2044	1	1	50	50	0	9	59	1	0	U	57.264	21070.8	21129.8	LINESTRING(807.710000 541.280000,811.610000 540.040000)
1	89	2044	2043	1	1	50	50	0	9	59	0	0	U	57.264	21187.1	21196.1	LINESTRING(811.610000 540.040000,807.710000 541.280000)
1	90	2043	1120	1	1	47	47	0	8	48	1	0	Straight	0.0	21196.1	21244.1	LINESTRING(807.710000 541.280000,799.270000 539.150000)
1	91	1120	1121	1	1	45	45	0	8	48	1	0	U	57.264	21301.4	21349.4	LINESTRING(799.270000 539.150000,803.060000 537.350000)
1	92	1121	1120	1	1	45	45	0	8	48	0	0	U	57.264	21406.6	21414.6	LINESTRING(803.060000 537.350000,799.270000 539.150000)
1	93	1120	1124	1	1	48	48	0	9	49	1	0	Straight	0.0	21414.6	21463.6	LINESTRING(799.270000 539.150000,789.460000 537.880000)
1	94	1124	1125	1	1	51	51	0	9	59	1	0	U	57.264	21520.9	21579.9	LINESTRING(789.460000 537.880000,793.850000 537.340000)
1	95	1125	1124	1	1	51	51	0	9	59	0	0	U	57.264	21637.2	21646.2	LINESTRING(793.850000 537.340000,789.460000 537.880000)
1	96	1124	1363	1	1	60	60	0	11	71	1	0	Straight	0.0	21646.2	21717.2	LINESTRING(789.460000 537.880000,780.260000 538.110000)
1	97	1363	2083	1	1	76	76	0	14	84	1	0	U	57.264	21774.4	21858.4	LINESTRING(780.260000 538.110000,783.170000 535.640000)
1	98	2083	1363	1	1	76	76	0	14	84	0	0	U	57.264	21915.7	21929.7	LINESTRING(783.170000 535.640000,780.260000 538.110000)
1	99	1363	1373	1	1	153	153	0	28	178	1	0	Straight	0.0	21929.7	22107.7	LINESTRING(780.260000 538.110000,771.630000 540.050000)
1	100	1373	1972	0	1	8	8	0	1	1	1	0	Straight	0.0	22107.7	22108.7	LINESTRING(771.630000 540.050000,760.900000 537.710000)
1	101	1972	1365	0	1	12	12	0	2	12	1	0	Right	7.158	22115.8	22127.8	LINESTRING(760.900000 537.710000,762.320000 540.590000)
1	102	1365	1366	0	1	9	9	0	2	2	0	0	Straight	0.0	22127.8	22129.8	LINESTRING(762.320000 540.590000,774.010000 545.970000)
1	103	1366	1128	0	1	12	12	0	2	12	1	0	Straight	0.0	22129.8	22141.8	LINESTRING(774.010000 545.970000,778.040000 545.890000)
1	104	1128	1373	0	1	5	5	0	1	1	1	0	U	57.264	22199.1	22200.1	LINESTRING(778.040000 545.890000,771.630000 540.050000)
1	105	1373	1972	0	1	8	8	0	1	1	0	0	Straight	0.0	22200.1	22201.1	LINESTRING(771.630000 540.050000,760.900000 537.710000)
1	106	1972	1365	0	1	12	12	0	2	12	0	0	Right	7.158	22208.3	22210.3	LINESTRING(760.900000 537.710000,762.320000 540.590000)
1	107	1365	1366	0	1	9	9	0	2	2	0	0	Straight	0.0	22210.3	22212.3	LINESTRING(762.320000 540.590000,774.010000 545.970000)
1	108	1366	1129	0	1	18	18	0	3	13	0	0	Straight	0.0	22212.3	22215.3	LINESTRING(774.010000 545.970000,784.390000 551.280000)
1	109	1129	1128	0	1	16	16	0	3	13	1	0	U	57.264	22272.5	22285.5	LINESTRING(784.390000 551.280000,778.040000 545.890000)
1	110	1128	1373	0	1	5	5	0	1	1	0	0	Straight	0.0	22285.5	22286.5	LINESTRING(778.040000 545.890000,771.630000 540.050000)
1	111	1373	1972	0	1	8	8	0	1	1	0	0	Straight	0.0	22286.5	22287.5	LINESTRING(771.630000 540.050000,760.900000 537.710000)
1	112	1972	1523	0	1	11	11	0	2	12	1	0	Straight	0.0	22287.5	22299.5	LINESTRING(760.900000 537.710000,750.080000 535.380000)
1	113	1523	1522	1	1	75	75	0	13	83	0	0	Straight	0.0	22299.5	22312.5	LINESTRING(750.080000 535.380000,733.520000 529.950000)
1	114	1522	1566	0	1	23	23	0	4	24	1	0	Straight	0.0	22312.5	22336.5	LINESTRING(733.520000 529.950000,717.200000 524.480000)
1	115	1566	1802	1	1	47	47	0	8	48	0	0	Straight	0.0	22336.5	22344.5	LINESTRING(717.200000 524.480000,701.220000 518.890000)
1	116	1802	1852	0	1	147	147	0	27	167	1	0	Straight	0.0	22344.5	22511.5	LINESTRING(701.220000 518.890000,685.190000 513.020000)
1	117	1852	2100	1	1	39	39	0	7	37	0	0	Straight	0.0	22511.5	22518.5	LINESTRING(685.190000 513.020000,668.950000 506.670000)
1	118	2100	1157	1	1	182	182	0	33	213	1	0	Straight	0.0	22518.5	22731.5	LINESTRING(668.950000 506.670000,646.850000 500.850000)
1	119	1157	1148	1	1	270	270	0	49	319	1	0	U	57.264	22788.8	23107.8	LINESTRING(646.850000 500.850000,666.580000 493.150000)
1	120	1148	2242	1	0	0	0	0	4	0	0	0	Right	7.158	23114.9	23118.9	LINESTRING(666.580000 493.150000,670.560000 482.050000)
1	121	2242	1367	0	0	0	0	0	23	0	0	0	Straight	0.0	23118.9	23141.9	LINESTRING(670.560000 482.050000,675.580000 471.470000)
1	122	1367	1368	1	0	0	0	0	17	0	0	0	Straight	0.0	23141.9	23158.9	LINESTRING(675.580000 471.470000,680.820000 461.090000)
1	123	1368	1724	0	0	0	0	0	5	0	0	0	Straight	0.0	23158.9	23163.9	LINESTRING(680.820000 461.090000,685.350000 455.660000)
1	124	1724	1639	0	1	15	15	0	3	13	1	0	Right	7.158	23171.1	23184.1	LINESTRING(685.350000 455.660000,683.430000 452.210000)
1	125	1639	1145	1	1	83	83	0	15	95	1	0	Straight	0.0	23184.1	23279.1	LINESTRING(683.430000 452.210000,686.090000 442.870000)
1	126	1145	1109	1	1	194	194	0	35	225	1	0	Straight	0.0	23279.1	23504.1	LINESTRING(686.090000 442.870000,687.750000 439.350000)
1	127	1109	1616	1	1	141	141	0	25	165	1	0	Straight	0.0	23504.1	23669.1	LINESTRING(687.750000 439.350000,688.370000 433.270000)
1	128	1616	2068	1	1	77	77	0	14	84	1	0	Straight	0.0	23669.1	23753.1	LINESTRING(688.370000 433.270000,691.470000 429.700000)
1	129	2068	1616	1	1	77	77	0	14	84	0	0	U	57.264	23810.4	23824.4	LINESTRING(691.470000 429.700000,688.370000 433.270000)
1	130	1616	1130	1	1	219	219	0	39	249	1	0	U	57.264	23881.6	24130.6	LINESTRING(688.370000 433.270000,688.440000 429.740000)
1	131	1130	1131	1	1	45	45	0	8	48	1	0	Straight	0.0	24130.6	24178.6	LINESTRING(688.440000 429.740000,688.080000 425.000000)
1	132	1131	1130	1	1	45	45	0	8	48	0	0	U	57.264	24235.9	24243.9	LINESTRING(688.080000 425.000000,688.440000 429.740000)
1	133	1130	1134	1	1	66	66	0	12	72	1	0	Straight	0.0	24243.9	24315.9	LINESTRING(688.440000 429.740000,690.750000 434.800000)
1	134	1134	1138	1	1	20	20	0	4	24	1	0	Right	7.158	24323.1	24347.1	LINESTRING(690.750000 434.800000,696.430000 428.990000)
1	135	1138	2404	1	1	66	66	0	12	72	1	0	Straight	0.0	24347.1	24419.1	LINESTRING(696.430000 428.990000,698.340000 424.100000)
1	136	2404	1138	1	1	66	66	0	12	72	0	0	U	57.264	24476.3	24488.3	LINESTRING(698.340000 424.100000,696.430000 428.990000)
1	137	1138	1137	1	1	53	53	0	9	59	1	0	U	57.264	24545.6	24604.6	LINESTRING(696.430000 428.990000,700.710000 426.110000)
1	138	1137	1138	1	1	53	53	0	9	59	0	0	U	57.264	24661.8	24670.8	LINESTRING(700.710000 426.110000,696.430000 428.990000)
1	139	1138	1134	1	1	20	20	0	4	24	0	0	Straight	0.0	24670.8	24674.8	LINESTRING(696.430000 428.990000,690.750000 434.800000)
1	140	1134	1145	1	1	184	184	0	33	213	1	0	Straight	0.0	24674.8	24887.8	LINESTRING(690.750000 434.800000,686.090000 442.870000)
1	141	1145	1109	1	1	194	194	0	35	225	0	0	U	57.264	24945.1	24980.1	LINESTRING(686.090000 442.870000,687.750000 439.350000)
1	142	1109	1108	1	1	163	163	0	29	189	1	0	Left	14.316	24994.4	25183.4	LINESTRING(687.750000 439.350000,689.810000 444.810000)
1	143	1108	1351	1	0	0	0	0	15	0	0	0	Straight	0.0	25183.4	25198.4	LINESTRING(689.810000 444.810000,690.320000 450.900000)
1	144	1351	2426	1	1	47	47	0	8	48	1	0	Right	7.158	25205.6	25253.6	LINESTRING(690.320000 450.900000,694.070000 453.260000)
1	145	2426	1351	1	1	47	47	0	8	48	0	0	U	57.264	25310.8	25318.8	LINESTRING(694.070000 453.260000,690.320000 450.900000)
1	146	1351	1724	1	0	0	0	0	50	0	0	0	Right	7.158	25326.0	25376.0	LINESTRING(690.320000 450.900000,685.350000 455.660000)
1	147	1724	1639	0	1	15	15	0	3	13	0	0	Left	14.316	25390.3	25393.3	LINESTRING(685.350000 455.660000,683.430000 452.210000)
1	148	1639	1368	0	0	0	0	0	3	0	0	0	Right	7.158	25400.5	25403.5	LINESTRING(683.430000 452.210000,680.820000 461.090000)
1	149	1368	1367	1	0	0	0	0	17	0	0	0	Straight	0.0	25403.5	25420.5	LINESTRING(680.820000 461.090000,675.580000 471.470000)
1	150	1367	2242	0	0	0	0	0	23	0	0	0	Straight	0.0	25420.5	25443.5	LINESTRING(675.580000 471.470000,670.560000 482.050000)
1	151	2242	1148	1	0	0	0	0	4	0	0	0	Straight	0.0	25443.5	25447.5	LINESTRING(670.560000 482.050000,666.580000 493.150000)
1	152	1148	1157	1	1	270	270	0	49	319	0	0	Left	14.316	25461.8	25510.8	LINESTRING(666.580000 493.150000,646.850000 500.850000)
1	153	1157	1381	1	1	167	167	0	30	190	1	0	Right	7.158	25518.0	25708.0	LINESTRING(646.850000 500.850000,640.540000 521.240000)
1	154	1381	1925	1	1	178	178	0	32	202	1	0	Straight	0.0	25708.0	25910.0	LINESTRING(640.540000 521.240000,641.040000 541.960000)
1	155	1925	1980	1	1	12	12	0	2	12	1	0	Straight	0.0	25910.0	25922.0	LINESTRING(641.040000 541.960000,635.720000 561.930000)
1	156	1980	1560	1	1	295	295	0	53	343	1	0	Straight	0.0	25922.0	26265.0	LINESTRING(635.720000 561.930000,629.370000 580.450000)
1	157	1560	1597	1	1	143	143	0	26	166	1	0	Straight	0.0	26265.0	26431.0	LINESTRING(629.370000 580.450000,626.430000 597.340000)
1	158	1597	72	1	1	312	312	0	56	366	1	0	Straight	0.0	26431.0	26797.0	LINESTRING(626.430000 597.340000,618.160000 607.130000)
1	159	72	323	1	1	147	147	0	26	166	1	0	Straight	0.0	26797.0	26963.0	LINESTRING(618.160000 607.130000,615.010000 617.330000)
1	160	323	360	1	1	118	118	0	21	131	1	0	Straight	0.0	26963.0	27094.0	LINESTRING(615.010000 617.330000,606.570000 623.350000)
1	161	360	359	1	1	172	172	0	31	201	1	0	Straight	0.0	27094.0	27295.0	LINESTRING(606.570000 623.350000,601.070000 632.990000)
1	162	359	1696	1	1	166	166	0	30	190	1	0	Right	7.158	27302.1	27492.1	LINESTRING(601.070000 632.990000,608.870000 636.900000)
1	163	1696	282	1	1	243	243	0	44	284	1	0	Straight	0.0	27492.1	27776.1	LINESTRING(608.870000 636.900000,610.930000 642.240000)
1	164	282	57	1	1	94	94	0	17	107	1	0	Left	14.316	27790.4	27897.4	LINESTRING(610.930000 642.240000,602.780000 644.720000)
1	165	57	56	1	1	150	150	0	27	177	1	0	Straight	0.0	27897.4	28074.4	LINESTRING(602.780000 644.720000,594.190000 645.840000)
1	166	56	307	1	1	95	95	0	17	107	1	0	Right	7.158	28081.6	28188.6	LINESTRING(594.190000 645.840000,590.370000 654.040000)
1	167	307	48	1	1	117	117	0	21	131	1	0	Right	7.158	28195.7	28326.7	LINESTRING(590.370000 654.040000,599.660000 662.980000)
1	168	48	274	1	1	124	124	0	22	142	1	0	Straight	0.0	28326.7	28468.7	LINESTRING(599.660000 662.980000,612.750000 663.230000)
1	169	274	38	1	1	66	66	0	12	72	0	0	Straight	0.0	28468.7	28480.7	LINESTRING(612.750000 663.230000,625.450000 661.250000)
1	170	38	39	1	1	71	71	0	13	83	1	0	Straight	0.0	28480.7	28563.7	LINESTRING(625.450000 661.250000,638.070000 657.560000)
1	171	39	227	1	1	96	96	0	17	107	1	0	Straight	0.0	28563.7	28670.7	LINESTRING(638.070000 657.560000,650.280000 656.620000)
1	172	227	226	1	0	0	0	0	17	0	0	0	Left	14.316	28685.1	28702.1	LINESTRING(650.280000 656.620000,642.220000 673.250000)
1	173	226	33	1	1	83	83	0	15	95	1	0	Straight	0.0	28702.1	28797.1	LINESTRING(642.220000 673.250000,638.060000 686.870000)
1	174	33	32	1	0	0	0	0	17	0	0	0	Left	14.316	28811.4	28828.4	LINESTRING(638.060000 686.870000,631.270000 688.320000)
1	175	32	280	1	1	87	87	0	16	96	1	0	Left	14.316	28842.7	28938.7	LINESTRING(631.270000 688.320000,634.300000 681.990000)
1	176	280	279	1	0	0	0	0	19	0	0	0	U	57.264	28996.0	29015.0	LINESTRING(634.300000 681.990000,627.320000 688.540000)
1	177	279	276	1	0	0	0	0	22	0	0	0	Straight	0.0	29015.0	29037.0	LINESTRING(627.320000 688.540000,619.870000 694.120000)
1	178	276	1795	1	1	88	88	0	16	96	1	0	Right	7.158	29044.1	29140.1	LINESTRING(619.870000 694.120000,621.290000 698.510000)
1	179	1795	276	1	1	88	88	0	16	96	0	0	U	57.264	29197.4	29213.4	LINESTRING(621.290000 698.510000,619.870000 694.120000)
1	180	276	275	1	0	0	0	0	26	0	0	0	Right	7.158	29220.5	29246.5	LINESTRING(619.870000 694.120000,611.270000 697.000000)
1	181	275	1693	1	1	73	73	0	13	83	1	0	U	57.264	29303.8	29386.8	LINESTRING(611.270000 697.000000,617.280000 698.260000)
1	182	1693	258	1	1	340	340	0	61	401	1	0	U	57.264	29444.1	29845.1	LINESTRING(617.280000 698.260000,611.780000 700.690000)
1	183	258	257	1	0	0	0	0	11	0	0	0	Straight	0.0	29845.1	29856.1	LINESTRING(611.780000 700.690000,600.480000 697.780000)
1	184	257	50	1	1	250	250	0	45	295	1	0	Straight	0.0	29856.1	30151.1	LINESTRING(600.480000 697.780000,584.700000 694.990000)
1	185	50	41	1	1	81	81	0	15	95	1	0	Straight	0.0	30151.1	30246.1	LINESTRING(584.700000 694.990000,579.450000 690.390000)
1	186	41	42	1	1	113	113	0	20	130	1	0	Left	14.316	30260.4	30390.4	LINESTRING(579.450000 690.390000,583.700000 686.110000)
1	187	42	1813	1	0	0	0	0	20	0	0	0	Straight	0.0	30390.4	30410.4	LINESTRING(583.700000 686.110000,589.560000 679.870000)
1	188	1813	55	1	0	0	0	0	22	0	0	0	U	57.264	30467.6	30489.6	LINESTRING(589.560000 679.870000,586.340000 680.100000)
1	189	55	54	1	0	0	0	0	20	0	0	0	Straight	0.0	30489.6	30509.6	LINESTRING(586.340000 680.100000,580.770000 681.120000)
1	190	54	309	1	0	0	0	0	19	0	0	0	Straight	0.0	30509.6	30528.6	LINESTRING(580.770000 681.120000,576.010000 682.600000)
1	191	309	2057	1	1	78	78	0	14	84	1	0	Left	14.316	30543.0	30627.0	LINESTRING(576.010000 682.600000,571.490000 677.260000)
1	192	2057	1694	1	0	0	0	0	17	0	0	0	Straight	0.0	30627.0	30644.0	LINESTRING(571.490000 677.260000,563.310000 671.890000)
1	193	1694	1695	1	0	0	0	0	46	0	0	0	Left	14.316	30658.3	30704.3	LINESTRING(563.310000 671.890000,568.240000 659.900000)
1	194	1695	1890	1	0	0	0	0	22	0	0	0	Right	7.158	30711.4	30733.4	LINESTRING(568.240000 659.900000,559.460000 655.670000)
1	195	1890	2339	1	0	0	0	0	17	0	0	0	Straight	0.0	30733.4	30750.4	LINESTRING(559.460000 655.670000,554.340000 647.410000)
1	196	2339	93	1	0	0	0	0	17	0	0	0	Straight	0.0	30750.4	30767.4	LINESTRING(554.340000 647.410000,550.150000 637.120000)
1	197	93	92	1	0	0	0	0	14	0	0	0	Straight	0.0	30767.4	30781.4	LINESTRING(550.150000 637.120000,547.190000 620.720000)
1	198	92	104	1	0	0	0	0	38	0	0	0	Straight	0.0	30781.4	30819.4	LINESTRING(547.190000 620.720000,529.460000 605.430000)
1	199	104	1928	1	0	0	0	0	15	0	0	0	Straight	0.0	30819.4	30834.4	LINESTRING(529.460000 605.430000,522.040000 592.850000)
1	200	1928	122	1	0	0	0	0	20	0	0	0	Straight	0.0	30834.4	30854.4	LINESTRING(522.040000 592.850000,514.080000 580.630000)
1	201	122	431	1	1	74	74	0	13	83	0	0	Straight	0.0	30854.4	30867.4	LINESTRING(514.080000 580.630000,508.540000 567.390000)
1	202	431	430	1	1	321	321	0	58	378	0	0	Straight	0.0	30867.4	30925.4	LINESTRING(508.540000 567.390000,505.260000 556.290000)
1	203	430	1995	1	1	355	355	0	64	414	0	0	Straight	0.0	30925.4	30989.4	LINESTRING(505.260000 556.290000,502.820000 545.550000)
1	204	1995	1178	1	1	217	217	0	39	249	0	0	Straight	0.0	30989.4	31028.4	LINESTRING(502.820000 545.550000,498.880000 533.690000)
1	205	1178	526	1	1	146	146	0	26	166	0	0	Straight	0.0	31028.4	31054.4	LINESTRING(498.880000 533.690000,494.800000 521.290000)
1	206	526	173	1	1	142	142	0	25	165	0	0	Straight	0.0	31054.4	31079.4	LINESTRING(494.800000 521.290000,489.090000 511.890000)
1	207	173	527	1	1	142	142	0	26	166	0	0	Straight	0.0	31079.4	31105.4	LINESTRING(489.090000 511.890000,481.550000 504.260000)
1	208	527	170	1	0	0	0	0	20	0	0	0	Straight	0.0	31105.4	31125.4	LINESTRING(481.550000 504.260000,475.680000 495.280000)
1	209	170	565	1	0	0	0	0	9	0	0	0	Straight	0.0	31125.4	31134.4	LINESTRING(475.680000 495.280000,476.240000 482.630000)
1	210	565	206	1	0	0	0	0	12	0	0	0	Right	7.158	31141.6	31153.6	LINESTRING(476.240000 482.630000,467.920000 477.340000)
1	211	206	219	1	0	0	0	0	19	0	0	0	Straight	0.0	31153.6	31172.6	LINESTRING(467.920000 477.340000,463.470000 470.170000)
1	212	219	218	1	0	0	0	0	28	0	0	0	Straight	0.0	31172.6	31200.6	LINESTRING(463.470000 470.170000,464.710000 461.600000)
1	213	218	1644	1	0	0	0	0	11	0	0	0	Left	14.316	31214.9	31225.9	LINESTRING(464.710000 461.600000,471.840000 456.560000)
1	214	1644	570	1	0	0	0	0	7	0	0	0	Straight	0.0	31225.9	31232.9	LINESTRING(471.840000 456.560000,475.000000 449.640000)
1	215	570	600	1	0	0	0	0	17	0	0	0	Straight	0.0	31232.9	31249.9	LINESTRING(475.000000 449.640000,475.120000 443.170000)
1	216	600	1634	1	0	0	0	0	17	0	0	0	Straight	0.0	31249.9	31266.9	LINESTRING(475.120000 443.170000,473.370000 437.720000)
1	217	1634	636	1	0	0	0	0	30	0	0	0	Left	14.316	31281.2	31311.2	LINESTRING(473.370000 437.720000,476.860000 434.890000)
1	218	636	635	1	0	0	0	0	17	0	0	0	Right	7.158	31318.4	31335.4	LINESTRING(476.860000 434.890000,475.490000 428.350000)
1	219	635	638	1	0	0	0	0	11	0	0	0	Straight	0.0	31335.4	31346.4	LINESTRING(475.490000 428.350000,479.820000 418.660000)
1	220	638	2042	1	0	0	0	0	54	0	0	0	Straight	0.0	31346.4	31400.4	LINESTRING(479.820000 418.660000,486.010000 408.880000)
1	221	2042	2107	1	0	0	0	0	3	0	0	0	Straight	0.0	31400.4	31403.4	LINESTRING(486.010000 408.880000,491.180000 398.640000)
1	222	2107	288	1	0	0	0	0	24	0	0	0	Straight	0.0	31403.4	31427.4	LINESTRING(491.180000 398.640000,493.330000 387.690000)
1	223	288	712	1	0	0	0	0	27	0	0	0	Left	14.316	31441.7	31468.7	LINESTRING(493.330000 387.690000,509.000000 384.560000)
1	224	712	711	1	0	0	0	0	2	0	0	0	Straight	0.0	31468.7	31470.7	LINESTRING(509.000000 384.560000,524.130000 380.680000)
1	225	711	713	1	0	0	0	0	3	0	0	0	Straight	0.0	31470.7	31473.7	LINESTRING(524.130000 380.680000,538.490000 376.330000)
1	226	713	315	1	0	0	0	0	3	0	0	0	Straight	0.0	31473.7	31476.7	LINESTRING(538.490000 376.330000,551.920000 371.660000)
1	227	315	328	1	0	0	0	0	14	0	0	0	Straight	0.0	31476.7	31490.7	LINESTRING(551.920000 371.660000,563.020000 364.840000)
1	228	328	327	1	0	0	0	0	9	0	0	0	Straight	0.0	31490.7	31499.7	LINESTRING(563.020000 364.840000,572.820000 357.200000)
1	229	327	738	1	0	0	0	0	28	0	0	0	Straight	0.0	31499.7	31527.7	LINESTRING(572.820000 357.200000,581.260000 348.190000)
1	230	738	1749	1	0	0	0	0	2	0	0	0	Straight	0.0	31527.7	31529.7	LINESTRING(581.260000 348.190000,587.240000 339.240000)
1	231	1749	375	1	0	0	0	0	16	0	0	0	Straight	0.0	31529.7	31545.7	LINESTRING(587.240000 339.240000,588.540000 329.810000)
1	232	375	374	1	0	0	0	0	17	0	0	0	Straight	0.0	31545.7	31562.7	LINESTRING(588.540000 329.810000,584.020000 321.030000)
1	233	374	755	1	0	0	0	0	3	0	0	0	Straight	0.0	31562.7	31565.7	LINESTRING(584.020000 321.030000,575.800000 313.970000)
1	234	755	391	1	0	0	0	0	16	0	0	0	Straight	0.0	31565.7	31581.7	LINESTRING(575.800000 313.970000,565.120000 308.210000)
1	235	391	390	1	0	0	0	0	15	0	0	0	Straight	0.0	31581.7	31596.7	LINESTRING(565.120000 308.210000,553.130000 302.750000)
1	236	390	392	1	0	0	0	0	51	0	0	0	Straight	0.0	31596.7	31647.7	LINESTRING(553.130000 302.750000,533.030000 305.260000)
1	237	392	1778	1	0	0	0	0	7	0	0	0	Straight	0.0	31647.7	31654.7	LINESTRING(533.030000 305.260000,512.650000 307.610000)
1	238	1778	409	1	0	0	0	0	9	0	0	0	Straight	0.0	31654.7	31663.7	LINESTRING(512.650000 307.610000,492.080000 310.130000)
1	239	409	2094	1	0	0	0	0	9	0	0	0	Straight	0.0	31663.7	31672.7	LINESTRING(492.080000 310.130000,471.290000 313.390000)
1	240	2094	750	1	0	0	0	0	29	0	0	0	Straight	0.0	31672.7	31701.7	LINESTRING(471.290000 313.390000,450.470000 317.040000)
1	241	750	2026	1	0	0	0	0	53	0	0	0	Straight	0.0	31701.7	31754.7	LINESTRING(450.470000 317.040000,431.520000 322.970000)
1	242	2026	864	1	0	0	0	0	51	0	0	0	Straight	0.0	31754.7	31805.7	LINESTRING(431.520000 322.970000,413.100000 329.070000)
1	243	864	863	1	0	0	0	0	25	0	0	0	Straight	0.0	31805.7	31830.7	LINESTRING(413.100000 329.070000,395.020000 335.480000)
1	244	863	1745	1	0	0	0	0	3	0	0	0	Straight	0.0	31830.7	31833.7	LINESTRING(395.020000 335.480000,377.200000 341.690000)
1	245	1745	562	1	0	0	0	0	16	0	0	0	Straight	0.0	31833.7	31849.7	LINESTRING(377.200000 341.690000,359.330000 347.260000)
1	246	562	561	1	0	0	0	0	48	0	0	0	Straight	0.0	31849.7	31897.7	LINESTRING(359.330000 347.260000,341.600000 352.600000)
1	247	561	951	1	0	0	0	0	65	0	0	0	U	57.264	31955.0	32020.0	LINESTRING(341.600000 352.600000,362.600000 336.160000)
1	248	951	610	1	0	0	0	0	5	0	0	0	Straight	0.0	32020.0	32025.0	LINESTRING(362.600000 336.160000,383.270000 322.520000)
1	249	610	611	1	0	0	0	0	13	0	0	0	Straight	0.0	32025.0	32038.0	LINESTRING(383.270000 322.520000,386.970000 314.450000)
1	250	611	957	1	0	0	0	0	12	0	0	0	Straight	0.0	32038.0	32050.0	LINESTRING(386.970000 314.450000,393.420000 311.130000)
1	251	957	1528	1	0	0	0	0	9	0	0	0	Right	7.158	32057.1	32066.1	LINESTRING(393.420000 311.130000,385.690000 307.890000)
1	252	1528	1004	1	0	0	0	0	24	0	0	0	Straight	0.0	32066.1	32090.1	LINESTRING(385.690000 307.890000,378.590000 301.430000)
1	253	1004	2011	1	0	0	0	0	249	0	0	0	Straight	0.0	32090.1	32339.1	LINESTRING(378.590000 301.430000,372.780000 294.490000)
1	254	2011	923	1	0	0	0	0	100	0	0	0	Straight	0.0	32339.1	32439.1	LINESTRING(372.780000 294.490000,367.720000 288.770000)
1	255	923	922	1	0	0	0	0	20	0	0	0	Straight	0.0	32439.1	32459.1	LINESTRING(367.720000 288.770000,363.400000 284.320000)
1	256	922	2277	1	0	0	0	0	91	0	0	0	Straight	0.0	32459.1	32550.1	LINESTRING(363.400000 284.320000,360.380000 280.330000)
2	0	2277	2277	-1	-1	0	0	0	0	0	0	300		0.0	32550.1	32850.1	LINESTRING(360.380000 280.330000,360.380000 280.330000)
