Problem Type	Solution Method	Vehicle Capacity (Weight)	Vehicle Capacity(Volume)	Disposal Trips	Route Time	Route Time wo Turns	Computational Time(Sec)	Clustering Time(Sec)	VA(NHO)	VA(ATD)	VA(CCI)	VA(DMT)	VA(ROI)	VA(AOI)	Optimal
MCARPTIF-TP	WJ19	10000	10000	2	35502.7	28783	99.7061	0	0.356252	913.566	1.36364	29445	1.18036	0.312126	0
Load No	Sequence No	From Node ID	To Node ID	IsEdge	Required	Weight	Volume	Travel Miles	Travel Time	Service Time	Served	Dumped	Turn Type	Turn Cost	Depart Time	Arrival Time	Shape
0	0	1083	1084	1	0	0	0	0	544	0	0	300		0.0	300.0	844.0	LINESTRING(446.000000 251.770000,472.410000 259.170000)
0	1	1084	710	1	0	0	0	0	6	0	0	0	Straight	0.0	844.0	850.0	LINESTRING(472.410000 259.170000,492.080000 262.010000)
0	2	710	1790	1	0	0	0	0	15	0	0	0	Straight	0.0	850.0	865.0	LINESTRING(492.080000 262.010000,512.210000 263.690000)
0	3	1790	1536	1	0	0	0	0	2	0	0	0	Straight	0.0	865.0	867.0	LINESTRING(512.210000 263.690000,528.750000 266.950000)
0	4	1536	1537	0	0	0	0	0	20	0	0	0	Straight	0.0	867.0	887.0	LINESTRING(528.750000 266.950000,548.050000 280.180000)
0	5	1537	695	0	0	0	0	0	5	0	0	0	Straight	0.0	887.0	892.0	LINESTRING(548.050000 280.180000,574.530000 280.890000)
0	6	695	1047	0	0	0	0	0	69	0	0	0	Straight	0.0	892.0	961.0	LINESTRING(574.530000 280.890000,602.270000 269.260000)
0	7	1047	693	1	1	7	7	0	1	1	1	0	Left	11.389	972.389	973.389	LINESTRING(602.270000 269.260000,605.140000 281.850000)
0	8	693	1654	1	1	208	208	0	37	237	1	0	Right	5.695	979.084	1216.08	LINESTRING(605.140000 281.850000,638.500000 271.880000)
0	9	1654	1653	1	1	115	115	0	21	131	1	0	Straight	0.0	1216.08	1347.08	LINESTRING(638.500000 271.880000,665.810000 266.920000)
0	10	1653	1792	1	1	358	358	0	64	414	1	0	Straight	0.0	1347.08	1761.08	LINESTRING(665.810000 266.920000,691.950000 260.610000)
0	11	1792	1444	1	1	249	249	0	45	285	1	0	Straight	0.0	1761.08	2046.08	LINESTRING(691.950000 260.610000,716.090000 251.060000)
0	12	1444	1445	1	1	70	70	0	13	83	1	0	Straight	0.0	2046.08	2129.08	LINESTRING(716.090000 251.060000,721.370000 250.720000)
0	13	1445	945	1	1	54	54	0	10	60	1	0	Straight	0.0	2129.08	2189.08	LINESTRING(721.370000 250.720000,730.090000 251.370000)
0	14	945	946	1	1	123	123	0	22	142	1	0	Straight	0.0	2189.08	2331.08	LINESTRING(730.090000 251.370000,735.350000 253.430000)
0	15	946	945	1	1	123	123	0	22	142	0	0	U	45.557	2376.64	2398.64	LINESTRING(735.350000 253.430000,730.090000 251.370000)
0	16	945	2012	1	1	45	45	0	8	48	1	0	U	45.557	2444.2	2492.2	LINESTRING(730.090000 251.370000,735.430000 249.780000)
0	17	2012	945	1	1	45	45	0	8	48	0	0	U	45.557	2537.75	2545.75	LINESTRING(735.430000 249.780000,730.090000 251.370000)
0	18	945	1445	1	1	54	54	0	10	60	0	0	Straight	0.0	2545.75	2555.75	LINESTRING(730.090000 251.370000,721.370000 250.720000)
0	19	1445	536	1	1	100	100	0	18	118	1	0	Straight	0.0	2555.75	2673.75	LINESTRING(721.370000 250.720000,713.240000 249.080000)
0	20	536	2013	1	1	71	71	0	13	83	1	0	Left	11.389	2685.14	2768.14	LINESTRING(713.240000 249.080000,720.330000 242.830000)
0	21	2013	960	1	1	112	112	0	20	130	1	0	Straight	0.0	2768.14	2898.14	LINESTRING(720.330000 242.830000,725.630000 242.020000)
0	22	960	2013	1	1	112	112	0	20	130	0	0	U	45.557	2943.7	2963.7	LINESTRING(725.630000 242.020000,720.330000 242.830000)
0	23	2013	974	1	1	87	87	0	16	96	1	0	Left	11.389	2975.09	3071.09	LINESTRING(720.330000 242.830000,723.200000 236.440000)
0	24	974	2067	1	1	53	53	0	10	60	1	0	Straight	0.0	3071.09	3131.09	LINESTRING(723.200000 236.440000,727.940000 233.570000)
0	25	2067	974	1	1	53	53	0	10	60	0	0	U	45.557	3176.65	3186.65	LINESTRING(727.940000 233.570000,723.200000 236.440000)
0	26	974	975	1	1	68	68	0	12	72	1	0	Left	11.389	3198.04	3270.04	LINESTRING(723.200000 236.440000,718.600000 233.160000)
0	27	975	965	1	1	150	150	0	27	177	1	0	Left	11.389	3281.42	3458.42	LINESTRING(718.600000 233.160000,731.260000 224.830000)
0	28	965	504	1	1	341	341	0	61	401	1	0	Straight	0.0	3458.42	3859.42	LINESTRING(731.260000 224.830000,738.840000 218.320000)
0	29	504	505	1	1	132	132	0	24	154	1	0	Straight	0.0	3859.42	4013.42	LINESTRING(738.840000 218.320000,741.380000 213.650000)
0	30	505	504	1	1	132	132	0	24	154	0	0	U	45.557	4058.98	4082.98	LINESTRING(741.380000 213.650000,738.840000 218.320000)
0	31	504	529	1	1	120	120	0	22	142	1	0	U	45.557	4128.54	4270.54	LINESTRING(738.840000 218.320000,748.060000 214.480000)
0	32	529	1576	1	1	89	89	0	16	96	1	0	Straight	0.0	4270.54	4366.54	LINESTRING(748.060000 214.480000,758.890000 208.540000)
0	33	1576	1505	1	1	455	455	0	82	532	1	0	Straight	0.0	4366.54	4898.54	LINESTRING(758.890000 208.540000,765.580000 200.210000)
0	34	1505	1767	1	1	16	16	0	3	13	1	0	Straight	0.0	4898.54	4911.54	LINESTRING(765.580000 200.210000,766.810000 192.810000)
0	35	1767	915	0	1	27	27	0	5	25	1	0	Straight	0.0	4911.54	4936.54	LINESTRING(766.810000 192.810000,768.530000 186.540000)
0	36	915	914	1	1	35	35	0	6	36	1	0	Straight	0.0	4936.54	4972.54	LINESTRING(768.530000 186.540000,769.780000 181.750000)
0	37	914	915	1	1	35	35	0	6	36	0	0	U	45.557	5018.1	5024.1	LINESTRING(769.780000 181.750000,768.530000 186.540000)
0	38	915	1767	0	1	31	31	0	6	36	1	0	Straight	0.0	5024.1	5060.1	LINESTRING(768.530000 186.540000,766.810000 192.810000)
0	39	1767	1505	1	1	16	16	0	3	13	0	0	Straight	0.0	5060.1	5063.1	LINESTRING(766.810000 192.810000,765.580000 200.210000)
0	40	1505	1506	1	1	107	107	0	19	119	1	0	Right	5.695	5068.79	5187.79	LINESTRING(765.580000 200.210000,772.660000 197.700000)
0	41	1506	907	1	1	15	15	0	3	13	1	0	Straight	0.0	5187.79	5200.79	LINESTRING(772.660000 197.700000,778.930000 191.680000)
0	42	907	908	0	1	19	19	0	3	13	1	0	Straight	0.0	5200.79	5213.79	LINESTRING(778.930000 191.680000,784.080000 186.600000)
0	43	908	1805	1	1	25	25	0	4	24	1	0	Straight	0.0	5213.79	5237.79	LINESTRING(784.080000 186.600000,787.890000 182.830000)
0	44	1805	908	1	1	25	25	0	4	24	0	0	U	45.557	5283.35	5287.35	LINESTRING(787.890000 182.830000,784.080000 186.600000)
0	45	908	907	0	1	41	41	0	7	47	1	0	Straight	0.0	5287.35	5334.35	LINESTRING(784.080000 186.600000,778.930000 191.680000)
0	46	907	1506	1	1	15	15	0	3	13	0	0	Straight	0.0	5334.35	5337.35	LINESTRING(778.930000 191.680000,772.660000 197.700000)
0	47	1506	1715	1	1	100	100	0	18	118	1	0	Straight	0.0	5337.35	5455.35	LINESTRING(772.660000 197.700000,771.660000 204.540000)
0	48	1715	1987	1	1	25	25	0	5	25	1	0	Right	5.695	5461.04	5486.04	LINESTRING(771.660000 204.540000,776.770000 202.740000)
0	49	1987	1715	1	1	25	25	0	5	25	0	0	U	45.557	5531.6	5536.6	LINESTRING(776.770000 202.740000,771.660000 204.540000)
0	50	1715	1716	1	1	92	92	0	16	106	1	0	Straight	0.0	5536.6	5642.6	LINESTRING(771.660000 204.540000,766.340000 211.640000)
0	51	1716	1576	1	1	92	92	0	17	107	0	0	Left	11.389	5653.99	5670.99	LINESTRING(766.340000 211.640000,758.890000 208.540000)
0	52	1576	1716	1	1	92	92	0	17	107	1	0	U	45.557	5716.55	5823.55	LINESTRING(758.890000 208.540000,766.340000 211.640000)
0	53	1716	860	1	1	94	94	0	17	107	1	0	Left	11.389	5834.93	5941.93	LINESTRING(766.340000 211.640000,766.140000 221.400000)
0	54	860	417	1	1	25	25	0	5	25	1	0	Right	5.695	5947.63	5972.63	LINESTRING(766.140000 221.400000,773.460000 219.700000)
0	55	417	416	0	1	24	24	0	4	24	1	0	Straight	0.0	5972.63	5996.63	LINESTRING(773.460000 219.700000,779.370000 217.990000)
0	56	416	417	0	1	33	33	0	6	36	1	0	U	45.557	6042.19	6078.19	LINESTRING(779.370000 217.990000,773.460000 219.700000)
0	57	417	416	0	1	24	24	0	4	24	0	0	U	45.557	6123.74	6127.74	LINESTRING(773.460000 219.700000,779.370000 217.990000)
0	58	416	1923	1	1	43	43	0	8	48	1	0	Straight	0.0	6127.74	6175.74	LINESTRING(779.370000 217.990000,784.230000 216.460000)
0	59	1923	416	1	1	43	43	0	8	48	0	0	U	45.557	6221.3	6229.3	LINESTRING(784.230000 216.460000,779.370000 217.990000)
0	60	416	417	0	1	33	33	0	6	36	0	0	Straight	0.0	6229.3	6235.3	LINESTRING(779.370000 217.990000,773.460000 219.700000)
0	61	417	860	1	1	25	25	0	5	25	0	0	Straight	0.0	6235.3	6240.3	LINESTRING(773.460000 219.700000,766.140000 221.400000)
0	62	860	400	1	1	131	131	0	24	154	1	0	Right	5.695	6246.0	6400.0	LINESTRING(766.140000 221.400000,760.710000 231.050000)
0	63	400	401	1	1	72	72	0	13	83	1	0	U	45.557	6445.55	6528.55	LINESTRING(760.710000 231.050000,781.250000 224.260000)
0	64	401	405	1	1	166	166	0	30	190	1	0	Straight	0.0	6528.55	6718.55	LINESTRING(781.250000 224.260000,796.410000 221.080000)
0	65	405	1785	1	1	43	43	0	8	48	0	0	Straight	0.0	6718.55	6726.55	LINESTRING(796.410000 221.080000,801.480000 222.340000)
0	66	1785	405	1	1	43	43	0	8	48	1	0	U	45.557	6772.11	6820.11	LINESTRING(801.480000 222.340000,796.410000 221.080000)
0	67	405	401	1	1	166	166	0	30	190	0	0	Straight	0.0	6820.11	6850.11	LINESTRING(796.410000 221.080000,781.250000 224.260000)
0	68	401	400	1	1	72	72	0	13	83	0	0	Straight	0.0	6850.11	6863.11	LINESTRING(781.250000 224.260000,760.710000 231.050000)
0	69	400	860	1	1	131	131	0	24	154	0	0	U	45.557	6908.67	6932.67	LINESTRING(760.710000 231.050000,766.140000 221.400000)
0	70	860	400	1	1	131	131	0	24	154	0	0	U	45.557	6978.22	7002.22	LINESTRING(766.140000 221.400000,760.710000 231.050000)
0	71	400	401	1	1	72	72	0	13	83	0	0	U	45.557	7047.78	7060.78	LINESTRING(760.710000 231.050000,781.250000 224.260000)
0	72	401	405	1	1	166	166	0	30	190	0	0	Straight	0.0	7060.78	7090.78	LINESTRING(781.250000 224.260000,796.410000 221.080000)
0	73	405	404	1	1	43	43	0	8	48	1	0	Straight	0.0	7090.78	7138.78	LINESTRING(796.410000 221.080000,810.780000 216.040000)
0	74	404	884	1	1	47	47	0	8	48	1	0	Straight	0.0	7138.78	7186.78	LINESTRING(810.780000 216.040000,826.230000 213.260000)
0	75	884	422	1	1	59	59	0	11	61	1	0	Straight	0.0	7186.78	7247.78	LINESTRING(826.230000 213.260000,840.630000 209.710000)
0	76	422	892	1	1	50	50	0	9	59	1	0	Straight	0.0	7247.78	7306.78	LINESTRING(840.630000 209.710000,845.450000 209.890000)
0	77	892	422	1	1	50	50	0	9	59	0	0	U	45.557	7352.34	7361.34	LINESTRING(845.450000 209.890000,840.630000 209.710000)
0	78	422	423	1	1	35	35	0	6	36	1	0	U	45.557	7406.89	7442.89	LINESTRING(840.630000 209.710000,853.310000 205.830000)
0	79	423	426	1	1	39	39	0	7	37	1	0	Straight	0.0	7442.89	7479.89	LINESTRING(853.310000 205.830000,863.160000 206.230000)
0	80	426	909	1	1	54	54	0	10	60	1	0	Straight	0.0	7479.89	7539.89	LINESTRING(863.160000 206.230000,869.500000 206.600000)
0	81	909	426	1	1	54	54	0	10	60	0	0	U	45.557	7585.45	7595.45	LINESTRING(869.500000 206.600000,863.160000 206.230000)
0	82	426	427	1	1	50	50	0	9	59	1	0	U	45.557	7641.01	7700.01	LINESTRING(863.160000 206.230000,867.970000 203.580000)
0	83	427	426	1	1	50	50	0	9	59	0	0	U	45.557	7745.57	7754.57	LINESTRING(867.970000 203.580000,863.160000 206.230000)
0	84	426	2179	1	1	30	30	0	5	35	1	0	Right	5.695	7760.26	7795.26	LINESTRING(863.160000 206.230000,867.190000 209.000000)
0	85	2179	426	1	1	30	30	0	5	35	0	0	U	45.557	7840.82	7845.82	LINESTRING(867.190000 209.000000,863.160000 206.230000)
0	86	426	423	1	1	39	39	0	7	37	0	0	Straight	0.0	7845.82	7852.82	LINESTRING(863.160000 206.230000,853.310000 205.830000)
0	87	423	420	1	1	30	30	0	5	35	1	0	U	45.557	7898.37	7933.37	LINESTRING(853.310000 205.830000,860.080000 199.840000)
0	88	420	1951	1	1	28	28	0	5	25	1	0	Straight	0.0	7933.37	7958.37	LINESTRING(860.080000 199.840000,867.180000 196.390000)
0	89	1951	1952	1	1	7	7	0	1	1	1	0	Straight	0.0	7958.37	7959.37	LINESTRING(867.180000 196.390000,872.320000 194.020000)
0	90	1952	1951	1	1	7	7	0	1	1	0	0	U	45.557	8004.93	8005.93	LINESTRING(872.320000 194.020000,867.180000 196.390000)
0	91	1951	420	1	1	28	28	0	5	25	0	0	Straight	0.0	8005.93	8010.93	LINESTRING(867.180000 196.390000,860.080000 199.840000)
0	92	420	421	1	1	8	8	0	1	1	1	0	U	45.557	8056.49	8057.49	LINESTRING(860.080000 199.840000,863.040000 195.850000)
0	93	421	420	1	1	8	8	0	1	1	0	0	U	45.557	8103.05	8104.05	LINESTRING(863.040000 195.850000,860.080000 199.840000)
0	94	420	423	1	1	30	30	0	5	35	0	0	Straight	0.0	8104.05	8109.05	LINESTRING(860.080000 199.840000,853.310000 205.830000)
0	95	423	422	1	1	35	35	0	6	36	0	0	Straight	0.0	8109.05	8115.05	LINESTRING(853.310000 205.830000,840.630000 209.710000)
0	96	422	884	1	1	59	59	0	11	61	0	0	Straight	0.0	8115.05	8126.05	LINESTRING(840.630000 209.710000,826.230000 213.260000)
0	97	884	2050	1	1	36	36	0	7	37	1	0	U	45.557	8171.6	8208.6	LINESTRING(826.230000 213.260000,831.130000 214.040000)
0	98	2050	884	1	1	36	36	0	7	37	0	0	U	45.557	8254.16	8261.16	LINESTRING(831.130000 214.040000,826.230000 213.260000)
0	99	884	404	1	1	47	47	0	8	48	0	0	Straight	0.0	8261.16	8269.16	LINESTRING(826.230000 213.260000,810.780000 216.040000)
0	100	404	832	1	1	339	339	0	61	391	1	0	Left	11.389	8280.55	8671.55	LINESTRING(810.780000 216.040000,806.060000 210.630000)
0	101	832	1524	1	1	176	176	0	32	202	1	0	Left	11.389	8682.94	8884.94	LINESTRING(806.060000 210.630000,814.710000 201.370000)
0	102	1524	756	1	1	268	268	0	48	308	1	0	Straight	0.0	8884.94	9192.94	LINESTRING(814.710000 201.370000,822.380000 196.820000)
0	103	756	293	1	1	83	83	0	15	95	1	0	Straight	0.0	9192.94	9287.94	LINESTRING(822.380000 196.820000,829.680000 192.870000)
0	104	293	294	1	1	35	35	0	6	36	1	0	Straight	0.0	9287.94	9323.94	LINESTRING(829.680000 192.870000,832.930000 189.060000)
0	105	294	293	1	1	35	35	0	6	36	0	0	U	45.557	9369.49	9375.49	LINESTRING(832.930000 189.060000,829.680000 192.870000)
0	106	293	737	1	1	97	97	0	18	108	1	0	U	45.557	9421.05	9529.05	LINESTRING(829.680000 192.870000,836.390000 190.100000)
0	107	737	2147	1	1	47	47	0	8	48	1	0	Straight	0.0	9529.05	9577.05	LINESTRING(836.390000 190.100000,842.190000 188.470000)
0	108	2147	737	1	1	47	47	0	8	48	0	0	U	45.557	9622.61	9630.61	LINESTRING(842.190000 188.470000,836.390000 190.100000)
0	109	737	2064	1	1	37	37	0	7	37	1	0	U	45.557	9676.17	9713.17	LINESTRING(836.390000 190.100000,839.100000 185.870000)
0	110	2064	737	1	1	37	37	0	7	37	0	0	U	45.557	9758.72	9765.72	LINESTRING(839.100000 185.870000,836.390000 190.100000)
0	111	737	293	1	1	97	97	0	18	108	0	0	Straight	0.0	9765.72	9783.72	LINESTRING(836.390000 190.100000,829.680000 192.870000)
0	112	293	756	1	1	83	83	0	15	95	0	0	Straight	0.0	9783.72	9798.72	LINESTRING(829.680000 192.870000,822.380000 196.820000)
0	113	756	757	1	1	36	36	0	6	36	1	0	Right	5.695	9804.42	9840.42	LINESTRING(822.380000 196.820000,826.870000 198.360000)
0	114	757	756	1	1	36	36	0	6	36	0	0	U	45.557	9885.97	9891.97	LINESTRING(826.870000 198.360000,822.380000 196.820000)
0	115	756	316	1	1	84	84	0	15	95	1	0	Left	11.389	9903.36	9998.36	LINESTRING(822.380000 196.820000,822.090000 191.940000)
0	116	316	315	1	1	87	87	0	16	96	1	0	Straight	0.0	9998.36	10094.4	LINESTRING(822.090000 191.940000,824.430000 188.240000)
0	117	315	316	1	1	87	87	0	16	96	0	0	U	45.557	10139.9	10155.9	LINESTRING(824.430000 188.240000,822.090000 191.940000)
0	118	316	329	1	1	75	75	0	13	83	1	0	Left	11.389	10167.3	10250.3	LINESTRING(822.090000 191.940000,817.130000 192.790000)
0	119	329	330	1	1	49	49	0	9	49	1	0	Left	11.389	10261.7	10310.7	LINESTRING(817.130000 192.790000,819.780000 184.800000)
0	120	330	2142	1	1	98	98	0	18	108	1	0	Straight	0.0	10310.7	10418.7	LINESTRING(819.780000 184.800000,823.550000 180.350000)
0	121	2142	330	1	1	98	98	0	18	108	0	0	U	45.557	10464.3	10482.3	LINESTRING(823.550000 180.350000,819.780000 184.800000)
0	122	330	789	1	1	53	53	0	10	60	1	0	U	45.557	10527.8	10587.8	LINESTRING(819.780000 184.800000,819.380000 179.650000)
0	123	789	330	1	1	53	53	0	10	60	0	0	U	45.557	10633.4	10643.4	LINESTRING(819.380000 179.650000,819.780000 184.800000)
0	124	330	329	1	1	49	49	0	9	49	0	0	Straight	0.0	10643.4	10652.4	LINESTRING(819.780000 184.800000,817.130000 192.790000)
0	125	329	1524	1	1	237	237	0	43	273	1	0	Straight	0.0	10652.4	10925.4	LINESTRING(817.130000 192.790000,814.710000 201.370000)
0	126	1524	1525	1	1	71	71	0	13	83	1	0	Right	5.695	10931.1	11014.1	LINESTRING(814.710000 201.370000,818.890000 202.260000)
0	127	1525	1524	1	1	71	71	0	13	83	0	0	U	45.557	11059.6	11072.6	LINESTRING(818.890000 202.260000,814.710000 201.370000)
0	128	1524	832	1	1	176	176	0	32	202	0	0	Right	5.695	11078.3	11110.3	LINESTRING(814.710000 201.370000,806.060000 210.630000)
0	129	832	831	1	1	98	98	0	18	108	1	0	Straight	0.0	11110.3	11218.3	LINESTRING(806.060000 210.630000,793.970000 217.160000)
0	130	831	2069	1	1	83	83	0	15	95	1	0	U	45.557	11263.9	11358.9	LINESTRING(793.970000 217.160000,798.330000 214.820000)
0	131	2069	831	1	1	83	83	0	15	95	0	0	U	45.557	11404.4	11419.4	LINESTRING(798.330000 214.820000,793.970000 217.160000)
0	132	831	401	1	1	59	59	0	11	61	1	0	Straight	0.0	11419.4	11480.4	LINESTRING(793.970000 217.160000,781.250000 224.260000)
0	133	401	400	1	1	72	72	0	13	83	0	0	Straight	0.0	11480.4	11493.4	LINESTRING(781.250000 224.260000,760.710000 231.050000)
0	134	400	2150	1	1	57	57	0	10	60	1	0	U	45.557	11539.0	11599.0	LINESTRING(760.710000 231.050000,765.650000 231.680000)
0	135	2150	400	1	1	57	57	0	10	60	0	0	U	45.557	11644.5	11654.5	LINESTRING(765.650000 231.680000,760.710000 231.050000)
0	136	400	930	1	1	595	595	0	107	697	1	0	Straight	0.0	11654.5	12351.5	LINESTRING(760.710000 231.050000,738.890000 241.140000)
0	137	930	2153	1	1	354	354	0	64	414	1	0	U	45.557	12397.1	12811.1	LINESTRING(738.890000 241.140000,744.310000 240.570000)
0	138	2153	930	1	1	354	354	0	64	414	0	0	U	45.557	12856.7	12920.7	LINESTRING(744.310000 240.570000,738.890000 241.140000)
0	139	930	1444	1	1	38	38	0	7	37	1	0	Straight	0.0	12920.7	12957.7	LINESTRING(738.890000 241.140000,716.090000 251.060000)
0	140	1444	1445	1	1	70	70	0	13	83	0	0	U	45.557	13003.2	13016.2	LINESTRING(716.090000 251.060000,721.370000 250.720000)
0	141	1445	536	1	1	100	100	0	18	118	0	0	U	45.557	13061.8	13079.8	LINESTRING(721.370000 250.720000,713.240000 249.080000)
0	142	536	537	1	1	136	136	0	24	154	1	0	Straight	0.0	13079.8	13233.8	LINESTRING(713.240000 249.080000,701.830000 253.160000)
0	143	537	972	1	1	54	54	0	10	60	1	0	Left	11.389	13245.2	13305.2	LINESTRING(701.830000 253.160000,696.410000 248.170000)
0	144	972	1589	1	1	195	195	0	35	225	1	0	Left	11.389	13316.6	13541.6	LINESTRING(696.410000 248.170000,704.550000 240.770000)
0	145	1589	990	1	1	42	42	0	8	48	1	0	U	45.557	13587.1	13635.1	LINESTRING(704.550000 240.770000,692.020000 245.130000)
0	146	990	585	1	1	40	40	0	7	47	1	0	Left	11.389	13646.5	13693.5	LINESTRING(692.020000 245.130000,693.490000 242.050000)
0	147	585	1530	1	1	92	92	0	17	107	1	0	Straight	0.0	13693.5	13800.5	LINESTRING(693.490000 242.050000,697.680000 238.290000)
0	148	1530	585	1	1	92	92	0	17	107	0	0	U	45.557	13846.1	13863.1	LINESTRING(697.680000 238.290000,693.490000 242.050000)
0	149	585	586	1	1	77	77	0	14	84	1	0	Straight	0.0	13863.1	13947.1	LINESTRING(693.490000 242.050000,688.090000 246.860000)
0	150	586	610	1	1	72	72	0	13	83	1	0	Straight	0.0	13947.1	14030.1	LINESTRING(688.090000 246.860000,682.610000 248.340000)
0	151	610	1000	1	1	94	94	0	17	107	1	0	U	45.557	14075.6	14182.6	LINESTRING(682.610000 248.340000,685.520000 244.070000)
0	152	1000	610	1	1	94	94	0	17	107	0	0	U	45.557	14228.2	14245.2	LINESTRING(685.520000 244.070000,682.610000 248.340000)
0	153	610	611	1	1	93	93	0	17	107	1	0	Straight	0.0	14245.2	14352.2	LINESTRING(682.610000 248.340000,675.380000 252.100000)
0	154	611	1901	1	1	90	90	0	16	106	1	0	Straight	0.0	14352.2	14458.2	LINESTRING(675.380000 252.100000,669.130000 255.690000)
0	155	1901	651	1	1	38	38	0	7	37	1	0	U	45.557	14503.7	14540.7	LINESTRING(669.130000 255.690000,679.080000 250.160000)
0	156	651	1901	1	1	38	38	0	7	37	0	0	U	45.557	14586.3	14593.3	LINESTRING(679.080000 250.160000,669.130000 255.690000)
0	157	1901	611	1	1	90	90	0	16	106	0	0	U	45.557	14638.8	14654.8	LINESTRING(669.130000 255.690000,675.380000 252.100000)
0	158	611	610	1	1	93	93	0	17	107	0	0	Straight	0.0	14654.8	14671.8	LINESTRING(675.380000 252.100000,682.610000 248.340000)
0	159	610	586	1	1	72	72	0	13	83	0	0	Straight	0.0	14671.8	14684.8	LINESTRING(682.610000 248.340000,688.090000 246.860000)
0	160	586	2058	1	1	164	164	0	29	189	1	0	U	45.557	14730.4	14919.4	LINESTRING(688.090000 246.860000,684.770000 251.810000)
0	161	2058	972	1	1	165	165	0	30	190	1	0	U	45.557	14965.0	15155.0	LINESTRING(684.770000 251.810000,696.410000 248.170000)
0	162	972	537	1	1	54	54	0	10	60	0	0	Left	11.389	15166.3	15176.3	LINESTRING(696.410000 248.170000,701.830000 253.160000)
0	163	537	1792	1	1	81	81	0	15	95	1	0	Left	11.389	15187.7	15282.7	LINESTRING(701.830000 253.160000,691.950000 260.610000)
0	164	1792	1652	1	1	94	94	0	17	107	1	0	Straight	0.0	15282.7	15389.7	LINESTRING(691.950000 260.610000,686.920000 273.050000)
0	165	1652	966	1	0	0	0	0	16	0	0	0	Left	11.389	15401.1	15417.1	LINESTRING(686.920000 273.050000,680.630000 272.550000)
0	166	966	1743	1	0	0	0	0	17	0	0	0	Straight	0.0	15417.1	15434.1	LINESTRING(680.630000 272.550000,673.300000 270.420000)
0	167	1743	1744	1	1	27	27	0	5	25	1	0	Right	5.695	15439.8	15464.8	LINESTRING(673.300000 270.420000,674.740000 273.790000)
0	168	1744	1743	1	1	27	27	0	5	25	0	0	U	45.557	15510.4	15515.4	LINESTRING(674.740000 273.790000,673.300000 270.420000)
0	169	1743	1653	1	0	0	0	0	43	0	0	0	Straight	0.0	15515.4	15558.4	LINESTRING(673.300000 270.420000,665.810000 266.920000)
0	170	1653	1654	1	1	115	115	0	21	131	0	0	Straight	0.0	15558.4	15579.4	LINESTRING(665.810000 266.920000,638.500000 271.880000)
0	171	1654	693	1	1	208	208	0	37	237	0	0	Straight	0.0	15579.4	15616.4	LINESTRING(638.500000 271.880000,605.140000 281.850000)
0	172	693	694	0	1	384	384	0	69	449	1	0	Straight	0.0	15616.4	16065.4	LINESTRING(605.140000 281.850000,568.380000 300.600000)
0	173	694	1089	0	0	0	0	0	5	0	0	0	Straight	0.0	16065.4	16070.4	LINESTRING(568.380000 300.600000,537.710000 299.310000)
0	174	1089	1096	0	0	0	0	0	9	0	0	0	Straight	0.0	16070.4	16079.4	LINESTRING(537.710000 299.310000,521.480000 285.320000)
0	175	1096	1097	0	0	0	0	0	6	0	0	0	Straight	0.0	16079.4	16085.4	LINESTRING(521.480000 285.320000,506.660000 275.680000)
0	176	1097	711	1	0	0	0	0	9	0	0	0	Straight	0.0	16085.4	16094.4	LINESTRING(506.660000 275.680000,489.800000 266.860000)
0	177	711	1084	0	1	39	39	0	7	37	1	0	Straight	0.0	16094.4	16131.4	LINESTRING(489.800000 266.860000,472.410000 259.170000)
0	178	1084	1083	1	0	0	0	0	544	0	0	0	Straight	0.0	16131.4	16675.4	LINESTRING(472.410000 259.170000,446.000000 251.770000)
1	0	1083	1084	1	0	0	0	0	544	0	0	300		0.0	16975.4	17519.4	LINESTRING(446.000000 251.770000,472.410000 259.170000)
1	1	1084	710	1	0	0	0	0	6	0	0	0	Straight	0.0	17519.4	17525.4	LINESTRING(472.410000 259.170000,492.080000 262.010000)
1	2	710	1790	1	0	0	0	0	15	0	0	0	Straight	0.0	17525.4	17540.4	LINESTRING(492.080000 262.010000,512.210000 263.690000)
1	3	1790	1536	1	0	0	0	0	2	0	0	0	Straight	0.0	17540.4	17542.4	LINESTRING(512.210000 263.690000,528.750000 266.950000)
1	4	1536	1537	0	0	0	0	0	20	0	0	0	Straight	0.0	17542.4	17562.4	LINESTRING(528.750000 266.950000,548.050000 280.180000)
1	5	1537	695	0	0	0	0	0	5	0	0	0	Straight	0.0	17562.4	17567.4	LINESTRING(548.050000 280.180000,574.530000 280.890000)
1	6	695	1047	0	0	0	0	0	69	0	0	0	Straight	0.0	17567.4	17636.4	LINESTRING(574.530000 280.890000,602.270000 269.260000)
1	7	1047	654	1	0	0	0	0	11	0	0	0	Straight	0.0	17636.4	17647.4	LINESTRING(602.270000 269.260000,617.270000 248.920000)
1	8	654	655	1	1	48	48	0	9	49	0	0	Left	11.389	17658.8	17667.8	LINESTRING(617.270000 248.920000,621.210000 249.730000)
1	9	655	2086	1	1	78	78	0	14	84	1	0	Right	5.695	17673.5	17757.5	LINESTRING(621.210000 249.730000,623.110000 246.350000)
1	10	2086	655	1	1	78	78	0	14	84	0	0	U	45.557	17803.0	17817.0	LINESTRING(623.110000 246.350000,621.210000 249.730000)
1	11	655	1745	1	1	33	33	0	6	36	1	0	Right	5.695	17822.7	17858.7	LINESTRING(621.210000 249.730000,624.060000 252.600000)
1	12	1745	655	1	1	33	33	0	6	36	0	0	U	45.557	17904.3	17910.3	LINESTRING(624.060000 252.600000,621.210000 249.730000)
1	13	655	654	1	1	48	48	0	9	49	1	0	Straight	0.0	17910.3	17959.3	LINESTRING(621.210000 249.730000,617.270000 248.920000)
1	14	654	1047	1	0	0	0	0	11	0	0	0	Right	5.695	17965.0	17976.0	LINESTRING(617.270000 248.920000,602.270000 269.260000)
1	15	1047	1046	0	0	0	0	0	34	0	0	0	Right	5.695	17981.7	18015.7	LINESTRING(602.270000 269.260000,622.630000 269.300000)
1	16	1046	1066	1	1	84	84	0	15	95	1	0	Right	5.695	18021.4	18116.4	LINESTRING(622.630000 269.300000,636.140000 250.900000)
1	17	1066	1036	1	1	250	250	0	45	295	1	0	Straight	0.0	18116.4	18411.4	LINESTRING(636.140000 250.900000,652.000000 244.400000)
1	18	1036	642	1	1	94	94	0	17	107	1	0	Straight	0.0	18411.4	18518.4	LINESTRING(652.000000 244.400000,660.110000 228.730000)
1	19	642	643	1	1	68	68	0	12	72	1	0	Left	11.389	18529.7	18601.7	LINESTRING(660.110000 228.730000,671.180000 228.430000)
1	20	643	1041	1	1	270	270	0	49	319	1	0	Straight	0.0	18601.7	18920.7	LINESTRING(671.180000 228.430000,678.450000 233.240000)
1	21	1041	1535	1	0	0	0	0	15	0	0	0	Right	5.695	18926.4	18941.4	LINESTRING(678.450000 233.240000,677.840000 223.610000)
1	22	1535	1722	1	1	53	53	0	10	60	1	0	Left	11.389	18952.8	19012.8	LINESTRING(677.840000 223.610000,682.580000 221.040000)
1	23	1722	1535	1	1	53	53	0	10	60	0	0	U	45.557	19058.4	19068.4	LINESTRING(682.580000 221.040000,677.840000 223.610000)
1	24	1535	643	1	1	192	192	0	35	225	1	0	Straight	0.0	19068.4	19293.4	LINESTRING(677.840000 223.610000,671.180000 228.430000)
1	25	643	642	1	1	68	68	0	12	72	0	0	Straight	0.0	19293.4	19305.4	LINESTRING(671.180000 228.430000,660.110000 228.730000)
1	26	642	696	1	1	185	185	0	33	213	1	0	Left	11.389	19316.8	19529.8	LINESTRING(660.110000 228.730000,662.280000 211.940000)
1	27	696	697	1	1	52	52	0	9	59	1	0	Straight	0.0	19529.8	19588.8	LINESTRING(662.280000 211.940000,659.010000 202.020000)
1	28	697	2077	1	1	64	64	0	12	72	1	0	Left	11.389	19600.2	19672.2	LINESTRING(659.010000 202.020000,664.070000 199.960000)
1	29	2077	697	1	1	64	64	0	12	72	0	0	U	45.557	19717.7	19729.7	LINESTRING(664.070000 199.960000,659.010000 202.020000)
1	30	697	2087	1	1	47	47	0	9	49	1	0	Straight	0.0	19729.7	19778.7	LINESTRING(659.010000 202.020000,656.930000 206.160000)
1	31	2087	697	1	1	47	47	0	9	49	0	0	U	45.557	19824.3	19833.3	LINESTRING(656.930000 206.160000,659.010000 202.020000)
1	32	697	1095	1	1	24	24	0	4	24	1	0	Right	5.695	19839.0	19863.0	LINESTRING(659.010000 202.020000,653.280000 193.260000)
1	33	1095	1094	1	1	49	49	0	9	49	1	0	Straight	0.0	19863.0	19912.0	LINESTRING(653.280000 193.260000,649.860000 189.900000)
1	34	1094	1095	1	1	49	49	0	9	49	0	0	U	45.557	19957.5	19966.5	LINESTRING(649.860000 189.900000,653.280000 193.260000)
1	35	1095	1100	1	1	40	40	0	7	47	1	0	U	45.557	20012.1	20059.1	LINESTRING(653.280000 193.260000,649.320000 184.650000)
1	36	1100	1099	1	1	46	46	0	8	48	1	0	Straight	0.0	20059.1	20107.1	LINESTRING(649.320000 184.650000,645.650000 180.190000)
1	37	1099	1100	1	1	46	46	0	8	48	0	0	U	45.557	20152.6	20160.6	LINESTRING(645.650000 180.190000,649.320000 184.650000)
1	38	1100	1855	1	1	41	41	0	7	47	1	0	U	45.557	20206.2	20253.2	LINESTRING(649.320000 184.650000,648.780000 178.920000)
1	39	1855	1100	1	1	41	41	0	7	47	0	0	U	45.557	20298.8	20305.8	LINESTRING(648.780000 178.920000,649.320000 184.650000)
1	40	1100	1095	1	1	40	40	0	7	47	0	0	Straight	0.0	20305.8	20312.8	LINESTRING(649.320000 184.650000,653.280000 193.260000)
1	41	1095	697	1	1	24	24	0	4	24	0	0	Straight	0.0	20312.8	20316.8	LINESTRING(653.280000 193.260000,659.010000 202.020000)
1	42	697	696	1	1	52	52	0	9	59	0	0	Straight	0.0	20316.8	20325.8	LINESTRING(659.010000 202.020000,662.280000 211.940000)
1	43	696	1085	1	0	0	0	0	30	0	0	0	Right	5.695	20331.4	20361.4	LINESTRING(662.280000 211.940000,675.300000 204.480000)
1	44	1085	2078	1	1	81	81	0	15	95	1	0	Straight	0.0	20361.4	20456.4	LINESTRING(675.300000 204.480000,683.610000 192.610000)
1	45	2078	2181	1	1	71	71	0	13	83	1	0	Straight	0.0	20456.4	20539.4	LINESTRING(683.610000 192.610000,688.780000 190.340000)
1	46	2181	2078	1	1	71	71	0	13	83	0	0	U	45.557	20585.0	20598.0	LINESTRING(688.780000 190.340000,683.610000 192.610000)
1	47	2078	740	1	1	80	80	0	14	94	1	0	U	45.557	20643.6	20737.6	LINESTRING(683.610000 192.610000,688.980000 181.180000)
1	48	740	741	1	1	70	70	0	13	83	1	0	Straight	0.0	20737.6	20820.6	LINESTRING(688.980000 181.180000,694.060000 178.400000)
1	49	741	740	1	1	70	70	0	13	83	0	0	U	45.557	20866.1	20879.1	LINESTRING(694.060000 178.400000,688.980000 181.180000)
1	50	740	1593	1	1	141	141	0	25	165	1	0	Left	11.389	20890.5	21055.5	LINESTRING(688.980000 181.180000,690.840000 170.370000)
1	51	1593	780	1	1	176	176	0	32	202	1	0	Straight	0.0	21055.5	21257.5	LINESTRING(690.840000 170.370000,691.110000 160.040000)
1	52	780	781	1	1	36	36	0	6	36	1	0	Left	11.389	21268.9	21304.9	LINESTRING(691.110000 160.040000,695.550000 156.320000)
1	53	781	780	1	1	36	36	0	6	36	0	0	U	45.557	21350.5	21356.5	LINESTRING(695.550000 156.320000,691.110000 160.040000)
1	54	780	1121	1	1	33	33	0	6	36	1	0	U	45.557	21402.0	21438.0	LINESTRING(691.110000 160.040000,698.730000 147.070000)
1	55	1121	742	1	1	56	56	0	10	60	1	0	Straight	0.0	21438.0	21498.0	LINESTRING(698.730000 147.070000,707.720000 140.550000)
1	56	742	1120	1	1	99	99	0	18	108	1	0	Straight	0.0	21498.0	21606.0	LINESTRING(707.720000 140.550000,712.150000 138.260000)
1	57	1120	742	1	1	99	99	0	18	108	0	0	U	45.557	21651.6	21669.6	LINESTRING(712.150000 138.260000,707.720000 140.550000)
1	58	742	743	1	1	35	35	0	6	36	1	0	U	45.557	21715.1	21751.1	LINESTRING(707.720000 140.550000,715.290000 134.470000)
1	59	743	1877	1	1	98	98	0	18	108	1	0	Straight	0.0	21751.1	21859.1	LINESTRING(715.290000 134.470000,718.510000 129.490000)
1	60	1877	743	1	1	98	98	0	18	108	0	0	U	45.557	21904.7	21922.7	LINESTRING(718.510000 129.490000,715.290000 134.470000)
1	61	743	1108	1	1	26	26	0	5	25	1	0	U	45.557	21968.2	21993.2	LINESTRING(715.290000 134.470000,720.730000 132.280000)
1	62	1108	743	1	1	26	26	0	5	25	0	0	U	45.557	22038.8	22043.8	LINESTRING(720.730000 132.280000,715.290000 134.470000)
1	63	743	742	1	1	35	35	0	6	36	0	0	Straight	0.0	22043.8	22049.8	LINESTRING(715.290000 134.470000,707.720000 140.550000)
1	64	742	1121	1	1	56	56	0	10	60	0	0	Straight	0.0	22049.8	22059.8	LINESTRING(707.720000 140.550000,698.730000 147.070000)
1	65	1121	1122	1	1	34	34	0	6	36	1	0	Left	11.389	22071.2	22107.2	LINESTRING(698.730000 147.070000,699.870000 136.340000)
1	66	1122	1118	1	1	33	33	0	6	36	1	0	Straight	0.0	22107.2	22143.2	LINESTRING(699.870000 136.340000,698.460000 127.520000)
1	67	1118	1119	1	1	118	118	0	21	131	1	0	Straight	0.0	22143.2	22274.2	LINESTRING(698.460000 127.520000,696.580000 123.870000)
1	68	1119	1118	1	1	118	118	0	21	131	0	0	U	45.557	22319.7	22340.7	LINESTRING(696.580000 123.870000,698.460000 127.520000)
1	69	1118	1827	1	1	18	18	0	3	13	1	0	U	45.557	22386.3	22399.3	LINESTRING(698.460000 127.520000,698.780000 119.720000)
1	70	1827	1116	1	1	28	28	0	5	25	1	0	Straight	0.0	22399.3	22424.3	LINESTRING(698.780000 119.720000,701.420000 113.670000)
1	71	1116	1974	1	1	9	9	0	2	2	1	0	Straight	0.0	22424.3	22426.3	LINESTRING(701.420000 113.670000,701.300000 108.570000)
1	72	1974	1116	1	1	9	9	0	2	2	0	0	U	45.557	22471.9	22473.9	LINESTRING(701.300000 108.570000,701.420000 113.670000)
1	73	1116	1117	1	1	8	8	0	1	1	1	0	U	45.557	22519.4	22520.4	LINESTRING(701.420000 113.670000,705.590000 109.230000)
1	74	1117	1116	1	1	8	8	0	1	1	0	0	U	45.557	22566.0	22567.0	LINESTRING(705.590000 109.230000,701.420000 113.670000)
1	75	1116	1827	1	1	28	28	0	5	25	0	0	Straight	0.0	22567.0	22572.0	LINESTRING(701.420000 113.670000,698.780000 119.720000)
1	76	1827	1828	1	1	11	11	0	2	12	1	0	U	45.557	22617.5	22629.5	LINESTRING(698.780000 119.720000,698.520000 115.020000)
1	77	1828	1827	1	1	11	11	0	2	12	0	0	U	45.557	22675.1	22677.1	LINESTRING(698.520000 115.020000,698.780000 119.720000)
1	78	1827	1118	1	1	18	18	0	3	13	0	0	Straight	0.0	22677.1	22680.1	LINESTRING(698.780000 119.720000,698.460000 127.520000)
1	79	1118	1122	1	1	33	33	0	6	36	0	0	Straight	0.0	22680.1	22686.1	LINESTRING(698.460000 127.520000,699.870000 136.340000)
1	80	1122	1856	1	1	12	12	0	2	12	1	0	Right	5.695	22691.8	22703.8	LINESTRING(699.870000 136.340000,703.020000 132.130000)
1	81	1856	1122	1	1	12	12	0	2	12	0	0	U	45.557	22749.3	22751.3	LINESTRING(703.020000 132.130000,699.870000 136.340000)
1	82	1122	1121	1	1	34	34	0	6	36	0	0	Straight	0.0	22751.3	22757.3	LINESTRING(699.870000 136.340000,698.730000 147.070000)
1	83	1121	780	1	1	33	33	0	6	36	0	0	Straight	0.0	22757.3	22763.3	LINESTRING(698.730000 147.070000,691.110000 160.040000)
1	84	780	1127	1	1	51	51	0	9	59	1	0	Straight	0.0	22763.3	22822.3	LINESTRING(691.110000 160.040000,680.010000 169.220000)
1	85	1127	2059	1	1	36	36	0	7	37	1	0	U	45.557	22867.9	22904.9	LINESTRING(680.010000 169.220000,684.300000 165.450000)
1	86	2059	1127	1	1	36	36	0	7	37	0	0	U	45.557	22950.4	22957.4	LINESTRING(684.300000 165.450000,680.010000 169.220000)
1	87	1127	1137	1	1	66	66	0	12	72	1	0	Straight	0.0	22957.4	23029.4	LINESTRING(680.010000 169.220000,667.460000 179.270000)
1	88	1137	1492	1	0	0	0	0	12	0	0	0	Straight	0.0	23029.4	23041.4	LINESTRING(667.460000 179.270000,656.210000 195.550000)
1	89	1492	2189	1	1	26	26	0	5	25	1	0	U	45.557	23087.0	23112.0	LINESTRING(656.210000 195.550000,659.560000 192.180000)
1	90	2189	1492	1	1	26	26	0	5	25	0	0	U	45.557	23157.6	23162.6	LINESTRING(659.560000 192.180000,656.210000 195.550000)
1	91	1492	688	1	0	0	0	0	33	0	0	0	Straight	0.0	23162.6	23195.6	LINESTRING(656.210000 195.550000,644.160000 212.200000)
1	92	688	684	1	0	0	0	0	19	0	0	0	Straight	0.0	23195.6	23214.6	LINESTRING(644.160000 212.200000,641.140000 216.290000)
1	93	684	1080	1	1	31	31	0	6	36	1	0	Left	11.389	23226.0	23262.0	LINESTRING(641.140000 216.290000,634.860000 205.470000)
1	94	1080	1620	1	1	92	92	0	17	107	1	0	Straight	0.0	23262.0	23369.0	LINESTRING(634.860000 205.470000,630.530000 203.480000)
1	95	1620	1080	1	1	92	92	0	17	107	0	0	U	45.557	23414.5	23431.5	LINESTRING(630.530000 203.480000,634.860000 205.470000)
1	96	1080	1436	1	1	38	38	0	7	37	1	0	U	45.557	23477.1	23514.1	LINESTRING(634.860000 205.470000,630.840000 195.800000)
1	97	1436	2004	1	1	37	37	0	7	37	1	0	Straight	0.0	23514.1	23551.1	LINESTRING(630.840000 195.800000,630.380000 191.190000)
1	98	2004	1436	1	1	37	37	0	7	37	0	0	U	45.557	23596.6	23603.6	LINESTRING(630.380000 191.190000,630.840000 195.800000)
1	99	1436	1437	1	1	18	18	0	3	13	1	0	U	45.557	23649.2	23662.2	LINESTRING(630.840000 195.800000,627.360000 188.080000)
1	100	1437	2035	1	1	74	74	0	13	83	1	0	Straight	0.0	23662.2	23745.2	LINESTRING(627.360000 188.080000,623.730000 184.610000)
1	101	2035	1437	1	1	74	74	0	13	83	0	0	U	45.557	23790.7	23803.7	LINESTRING(623.730000 184.610000,627.360000 188.080000)
1	102	1437	2135	1	1	73	73	0	13	83	1	0	Right	5.695	23809.4	23892.4	LINESTRING(627.360000 188.080000,627.270000 182.540000)
1	103	2135	1437	1	1	73	73	0	13	83	0	0	U	45.557	23938.0	23951.0	LINESTRING(627.270000 182.540000,627.360000 188.080000)
1	104	1437	1436	1	1	18	18	0	3	13	0	0	Straight	0.0	23951.0	23954.0	LINESTRING(627.360000 188.080000,630.840000 195.800000)
1	105	1436	1080	1	1	38	38	0	7	37	0	0	Straight	0.0	23954.0	23961.0	LINESTRING(630.840000 195.800000,634.860000 205.470000)
1	106	1080	684	1	1	31	31	0	6	36	0	0	Straight	0.0	23961.0	23967.0	LINESTRING(634.860000 205.470000,641.140000 216.290000)
1	107	684	1070	1	1	47	47	0	8	48	1	0	Straight	0.0	23967.0	24015.0	LINESTRING(641.140000 216.290000,637.620000 233.490000)
1	108	1070	656	1	1	30	30	0	5	35	1	0	Left	11.389	24026.4	24061.4	LINESTRING(637.620000 233.490000,631.200000 232.300000)
1	109	656	657	1	1	43	43	0	8	48	1	0	Straight	0.0	24061.4	24109.4	LINESTRING(631.200000 232.300000,627.490000 227.390000)
1	110	657	1958	1	1	64	64	0	12	72	1	0	Straight	0.0	24109.4	24181.4	LINESTRING(627.490000 227.390000,623.290000 225.950000)
1	111	1958	657	1	1	64	64	0	12	72	0	0	U	45.557	24226.9	24238.9	LINESTRING(623.290000 225.950000,627.490000 227.390000)
1	112	657	2044	1	1	47	47	0	9	49	1	0	Right	5.695	24244.6	24293.6	LINESTRING(627.490000 227.390000,627.080000 222.820000)
1	113	2044	657	1	1	47	47	0	9	49	0	0	U	45.557	24339.2	24348.2	LINESTRING(627.080000 222.820000,627.490000 227.390000)
1	114	657	656	1	1	43	43	0	8	48	0	0	Straight	0.0	24348.2	24356.2	LINESTRING(627.490000 227.390000,631.200000 232.300000)
1	115	656	677	1	1	46	46	0	8	48	1	0	Left	11.389	24367.6	24415.6	LINESTRING(631.200000 232.300000,629.740000 235.780000)
1	116	677	656	1	1	46	46	0	8	48	0	0	U	45.557	24461.1	24469.1	LINESTRING(629.740000 235.780000,631.200000 232.300000)
1	117	656	1070	1	1	30	30	0	5	35	0	0	Left	11.389	24480.5	24485.5	LINESTRING(631.200000 232.300000,637.620000 233.490000)
1	118	1070	684	1	1	47	47	0	8	48	0	0	Right	5.695	24491.2	24499.2	LINESTRING(637.620000 233.490000,641.140000 216.290000)
1	119	684	1080	1	1	31	31	0	6	36	0	0	Straight	0.0	24499.2	24505.2	LINESTRING(641.140000 216.290000,634.860000 205.470000)
1	120	1080	1081	1	1	27	27	0	5	25	1	0	Straight	0.0	24505.2	24530.2	LINESTRING(634.860000 205.470000,633.970000 200.820000)
1	121	1081	1080	1	1	27	27	0	5	25	0	0	U	45.557	24575.8	24580.8	LINESTRING(633.970000 200.820000,634.860000 205.470000)
1	122	1080	684	1	1	31	31	0	6	36	0	0	Straight	0.0	24580.8	24586.8	LINESTRING(634.860000 205.470000,641.140000 216.290000)
1	123	684	1070	1	1	47	47	0	8	48	0	0	Straight	0.0	24586.8	24594.8	LINESTRING(641.140000 216.290000,637.620000 233.490000)
1	124	1070	1066	1	1	62	62	0	11	71	0	0	Straight	0.0	24594.8	24605.8	LINESTRING(637.620000 233.490000,636.140000 250.900000)
1	125	1066	1070	1	1	62	62	0	11	71	1	0	U	45.557	24651.3	24722.3	LINESTRING(636.140000 250.900000,637.620000 233.490000)
1	126	1070	684	1	1	47	47	0	8	48	0	0	Straight	0.0	24722.3	24730.3	LINESTRING(637.620000 233.490000,641.140000 216.290000)
1	127	684	685	1	0	0	0	0	26	0	0	0	Straight	0.0	24730.3	24756.3	LINESTRING(641.140000 216.290000,651.540000 205.900000)
1	128	685	1685	1	1	25	25	0	5	25	1	0	Straight	0.0	24756.3	24781.3	LINESTRING(651.540000 205.900000,653.440000 190.930000)
1	129	1685	1826	1	1	66	66	0	12	72	1	0	Straight	0.0	24781.3	24853.3	LINESTRING(653.440000 190.930000,656.870000 186.090000)
1	130	1826	1685	1	1	66	66	0	12	72	0	0	U	45.557	24898.9	24910.9	LINESTRING(656.870000 186.090000,653.440000 190.930000)
1	131	1685	1092	1	1	31	31	0	6	36	1	0	U	45.557	24956.4	24992.4	LINESTRING(653.440000 190.930000,653.900000 179.030000)
1	132	1092	1093	1	1	35	35	0	6	36	1	0	Straight	0.0	24992.4	25028.4	LINESTRING(653.900000 179.030000,655.480000 173.980000)
1	133	1093	1092	1	1	35	35	0	6	36	0	0	U	45.557	25074.0	25080.0	LINESTRING(655.480000 173.980000,653.900000 179.030000)
1	134	1092	1090	1	1	15	15	0	3	13	1	0	U	45.557	25125.6	25138.6	LINESTRING(653.900000 179.030000,652.570000 169.740000)
1	135	1090	1876	1	1	83	83	0	15	95	1	0	Straight	0.0	25138.6	25233.6	LINESTRING(652.570000 169.740000,653.900000 163.940000)
1	136	1876	1090	1	1	83	83	0	15	95	0	0	U	45.557	25279.1	25294.1	LINESTRING(653.900000 163.940000,652.570000 169.740000)
1	137	1090	1091	1	1	51	51	0	9	59	1	0	U	45.557	25339.7	25398.7	LINESTRING(652.570000 169.740000,650.280000 164.440000)
1	138	1091	1090	1	1	51	51	0	9	59	0	0	U	45.557	25444.2	25453.2	LINESTRING(650.280000 164.440000,652.570000 169.740000)
1	139	1090	1092	1	1	15	15	0	3	13	0	0	Straight	0.0	25453.2	25456.2	LINESTRING(652.570000 169.740000,653.900000 179.030000)
1	140	1092	1685	1	1	31	31	0	6	36	0	0	Straight	0.0	25456.2	25462.2	LINESTRING(653.900000 179.030000,653.440000 190.930000)
1	141	1685	1994	1	1	26	26	0	5	25	1	0	U	45.557	25507.8	25532.8	LINESTRING(653.440000 190.930000,653.570000 185.720000)
1	142	1994	1685	1	1	26	26	0	5	25	0	0	U	45.557	25578.3	25583.3	LINESTRING(653.570000 185.720000,653.440000 190.930000)
1	143	1685	685	1	1	25	25	0	5	25	0	0	Straight	0.0	25583.3	25588.3	LINESTRING(653.440000 190.930000,651.540000 205.900000)
1	144	685	684	1	0	0	0	0	26	0	0	0	Straight	0.0	25588.3	25614.3	LINESTRING(651.540000 205.900000,641.140000 216.290000)
1	145	684	688	1	0	0	0	0	19	0	0	0	U	45.557	25659.9	25678.9	LINESTRING(641.140000 216.290000,644.160000 212.200000)
1	146	688	689	1	0	0	0	0	14	0	0	0	U	45.557	25724.5	25738.5	LINESTRING(644.160000 212.200000,632.310000 228.500000)
1	147	689	654	1	0	0	0	0	16	0	0	0	Straight	0.0	25738.5	25754.5	LINESTRING(632.310000 228.500000,617.270000 248.920000)
1	148	654	1047	1	0	0	0	0	11	0	0	0	Straight	0.0	25754.5	25765.5	LINESTRING(617.270000 248.920000,602.270000 269.260000)
1	149	1047	693	1	1	7	7	0	1	1	0	0	Right	5.695	25771.2	25772.2	LINESTRING(602.270000 269.260000,605.140000 281.850000)
1	150	693	1654	1	1	208	208	0	37	237	0	0	Right	5.695	25777.8	25814.8	LINESTRING(605.140000 281.850000,638.500000 271.880000)
1	151	1654	609	1	0	0	0	0	14	0	0	0	Straight	0.0	25814.8	25828.8	LINESTRING(638.500000 271.880000,657.730000 262.070000)
1	152	609	1901	1	0	0	0	0	47	0	0	0	Straight	0.0	25828.8	25875.8	LINESTRING(657.730000 262.070000,669.130000 255.690000)
1	153	1901	651	1	1	38	38	0	7	37	0	0	Straight	0.0	25875.8	25882.8	LINESTRING(669.130000 255.690000,679.080000 250.160000)
1	154	651	990	1	1	461	461	0	83	543	1	0	Straight	0.0	25882.8	26425.8	LINESTRING(679.080000 250.160000,692.020000 245.130000)
1	155	990	1589	1	1	42	42	0	8	48	0	0	Straight	0.0	26425.8	26433.8	LINESTRING(692.020000 245.130000,704.550000 240.770000)
1	156	1589	975	1	1	104	104	0	19	119	1	0	Straight	0.0	26433.8	26552.8	LINESTRING(704.550000 240.770000,718.600000 233.160000)
1	157	975	965	1	1	150	150	0	27	177	0	0	Straight	0.0	26552.8	26579.8	LINESTRING(718.600000 233.160000,731.260000 224.830000)
1	158	965	528	1	1	156	156	0	28	178	1	0	Straight	0.0	26579.8	26757.8	LINESTRING(731.260000 224.830000,741.070000 220.100000)
1	159	528	1682	1	1	145	145	0	26	166	1	0	Straight	0.0	26757.8	26923.8	LINESTRING(741.070000 220.100000,745.800000 219.360000)
1	160	1682	528	1	1	145	145	0	26	166	0	0	U	45.557	26969.4	26995.4	LINESTRING(745.800000 219.360000,741.070000 220.100000)
1	161	528	529	1	1	309	309	0	56	356	1	0	U	45.557	27041.0	27397.0	LINESTRING(741.070000 220.100000,748.060000 214.480000)
1	162	529	504	1	1	120	120	0	22	142	0	0	U	45.557	27442.5	27464.5	LINESTRING(748.060000 214.480000,738.840000 218.320000)
1	163	504	965	1	1	341	341	0	61	401	0	0	Straight	0.0	27464.5	27525.5	LINESTRING(738.840000 218.320000,731.260000 224.830000)
1	164	965	975	1	1	150	150	0	27	177	0	0	Straight	0.0	27525.5	27552.5	LINESTRING(731.260000 224.830000,718.600000 233.160000)
1	165	975	1589	1	1	104	104	0	19	119	0	0	Straight	0.0	27552.5	27571.5	LINESTRING(718.600000 233.160000,704.550000 240.770000)
1	166	1589	972	1	1	195	195	0	35	225	0	0	Straight	0.0	27571.5	27606.5	LINESTRING(704.550000 240.770000,696.410000 248.170000)
1	167	972	537	1	1	54	54	0	10	60	0	0	Right	5.695	27612.2	27622.2	LINESTRING(696.410000 248.170000,701.830000 253.160000)
1	168	537	1792	1	1	81	81	0	15	95	0	0	Left	11.389	27633.6	27648.6	LINESTRING(701.830000 253.160000,691.950000 260.610000)
1	169	1792	1652	1	1	94	94	0	17	107	0	0	Straight	0.0	27648.6	27665.6	LINESTRING(691.950000 260.610000,686.920000 273.050000)
1	170	1652	2027	1	0	0	0	0	15	0	0	0	Straight	0.0	27665.6	27680.6	LINESTRING(686.920000 273.050000,683.150000 285.810000)
1	171	2027	499	1	0	0	0	0	15	0	0	0	Straight	0.0	27680.6	27695.6	LINESTRING(683.150000 285.810000,679.920000 296.180000)
1	172	499	947	1	0	0	0	0	17	0	0	0	Right	5.695	27701.3	27718.3	LINESTRING(679.920000 296.180000,684.170000 302.750000)
1	173	947	1679	1	0	0	0	0	21	0	0	0	U	45.557	27763.9	27784.9	LINESTRING(684.170000 302.750000,682.150000 300.910000)
1	174	1679	1480	1	1	160	160	0	29	189	1	0	U	45.557	27830.4	28019.4	LINESTRING(682.150000 300.910000,684.980000 308.440000)
1	175	1480	948	1	0	0	0	0	13	0	0	0	Right	5.695	28025.1	28038.1	LINESTRING(684.980000 308.440000,688.930000 309.060000)
1	176	948	1638	1	1	506	506	0	91	591	1	0	Left	11.389	28049.5	28640.5	LINESTRING(688.930000 309.060000,693.260000 315.390000)
1	177	1638	431	1	0	0	0	0	26	0	0	0	Straight	0.0	28640.5	28666.5	LINESTRING(693.260000 315.390000,698.450000 320.490000)
1	178	431	480	1	0	0	0	0	34	0	0	0	Straight	0.0	28666.5	28700.5	LINESTRING(698.450000 320.490000,707.330000 320.810000)
1	179	480	861	1	0	0	0	0	11	0	0	0	Straight	0.0	28700.5	28711.5	LINESTRING(707.330000 320.810000,722.500000 331.320000)
1	180	861	1677	1	0	0	0	0	61	0	0	0	Straight	0.0	28711.5	28772.5	LINESTRING(722.500000 331.320000,735.670000 342.360000)
1	181	1677	1869	1	1	11	11	0	2	12	1	0	Left	11.389	28783.9	28795.9	LINESTRING(735.670000 342.360000,731.700000 352.210000)
1	182	1869	1784	1	1	71	71	0	13	83	1	0	Straight	0.0	28795.9	28878.9	LINESTRING(731.700000 352.210000,724.370000 359.770000)
1	183	1784	230	1	1	769	769	0	138	898	1	0	Straight	0.0	28878.9	29776.9	LINESTRING(724.370000 359.770000,709.790000 366.890000)
1	184	230	221	1	1	11	11	0	2	12	1	0	Straight	0.0	29776.9	29788.9	LINESTRING(709.790000 366.890000,691.860000 368.820000)
1	185	221	220	1	1	201	201	0	36	236	1	0	Straight	0.0	29788.9	30024.9	LINESTRING(691.860000 368.820000,666.230000 365.440000)
1	186	220	1455	1	1	6	6	0	1	1	1	0	Straight	0.0	30024.9	30025.9	LINESTRING(666.230000 365.440000,650.150000 354.070000)
1	187	1455	1371	1	1	69	69	0	12	72	1	0	Right	5.695	30031.6	30103.6	LINESTRING(650.150000 354.070000,642.460000 358.980000)
1	188	1371	2023	1	0	0	0	0	12	0	0	0	Right	5.695	30109.3	30121.3	LINESTRING(642.460000 358.980000,648.280000 372.220000)
1	189	2023	220	0	1	112	112	0	20	130	1	0	Right	5.695	30127.0	30257.0	LINESTRING(648.280000 372.220000,666.230000 365.440000)
1	190	220	221	1	1	201	201	0	36	236	0	0	Straight	0.0	30257.0	30293.0	LINESTRING(666.230000 365.440000,691.860000 368.820000)
1	191	221	225	0	1	73	73	0	13	83	1	0	Straight	0.0	30293.0	30376.0	LINESTRING(691.860000 368.820000,709.780000 374.890000)
1	192	225	226	1	1	17	17	0	3	13	1	0	Straight	0.0	30376.0	30389.0	LINESTRING(709.780000 374.890000,711.880000 378.980000)
1	193	226	225	1	1	17	17	0	3	13	0	0	U	45.557	30434.5	30437.5	LINESTRING(711.880000 378.980000,709.780000 374.890000)
1	194	225	663	0	1	124	124	0	22	142	1	0	U	45.557	30483.1	30625.1	LINESTRING(709.780000 374.890000,726.420000 380.250000)
1	195	663	233	1	1	124	124	0	22	142	1	0	Straight	0.0	30625.1	30767.1	LINESTRING(726.420000 380.250000,745.050000 387.470000)
1	196	233	260	1	1	115	115	0	21	131	1	0	Straight	0.0	30767.1	30898.1	LINESTRING(745.050000 387.470000,759.060000 393.710000)
1	197	260	259	1	1	105	105	0	19	119	1	0	Right	5.695	30903.8	31022.8	LINESTRING(759.060000 393.710000,762.540000 392.280000)
1	198	259	260	1	1	105	105	0	19	119	0	0	U	45.557	31068.3	31087.3	LINESTRING(762.540000 392.280000,759.060000 393.710000)
1	199	260	705	1	1	71	71	0	13	83	1	0	Right	5.695	31093.0	31176.0	LINESTRING(759.060000 393.710000,767.340000 401.850000)
1	200	705	2068	1	1	112	112	0	20	130	1	0	Straight	0.0	31176.0	31306.0	LINESTRING(767.340000 401.850000,773.080000 403.330000)
1	201	2068	705	1	1	112	112	0	20	130	0	0	U	45.557	31351.6	31371.6	LINESTRING(773.080000 403.330000,767.340000 401.850000)
1	202	705	704	1	1	108	108	0	19	119	1	0	U	45.557	31417.1	31536.1	LINESTRING(767.340000 401.850000,770.030000 405.690000)
1	203	704	705	1	1	108	108	0	19	119	0	0	U	45.557	31581.7	31600.7	LINESTRING(770.030000 405.690000,767.340000 401.850000)
1	204	705	1731	1	1	61	61	0	11	71	1	0	U	45.557	31646.3	31717.3	LINESTRING(767.340000 401.850000,772.420000 408.860000)
1	205	1731	244	1	1	93	93	0	17	107	1	0	Straight	0.0	31717.3	31824.3	LINESTRING(772.420000 408.860000,776.440000 414.140000)
1	206	244	245	1	1	65	65	0	12	72	1	0	Straight	0.0	31824.3	31896.3	LINESTRING(776.440000 414.140000,779.750000 418.110000)
1	207	245	244	1	1	65	65	0	12	72	0	0	U	45.557	31941.8	31953.8	LINESTRING(779.750000 418.110000,776.440000 414.140000)
1	208	244	1731	1	1	93	93	0	17	107	0	0	Straight	0.0	31953.8	31970.8	LINESTRING(776.440000 414.140000,772.420000 408.860000)
1	209	1731	705	1	1	61	61	0	11	71	0	0	Straight	0.0	31970.8	31981.8	LINESTRING(772.420000 408.860000,767.340000 401.850000)
1	210	705	260	1	1	71	71	0	13	83	0	0	Straight	0.0	31981.8	31994.8	LINESTRING(767.340000 401.850000,759.060000 393.710000)
1	211	260	673	1	1	73	73	0	13	83	1	0	Left	11.389	32006.2	32089.2	LINESTRING(759.060000 393.710000,769.390000 393.470000)
1	212	673	1586	1	1	95	95	0	17	107	1	0	Straight	0.0	32089.2	32196.2	LINESTRING(769.390000 393.470000,775.170000 394.100000)
1	213	1586	673	1	1	95	95	0	17	107	0	0	U	45.557	32241.8	32258.8	LINESTRING(775.170000 394.100000,769.390000 393.470000)
1	214	673	1886	1	1	70	70	0	13	83	1	0	U	45.557	32304.3	32387.3	LINESTRING(769.390000 393.470000,773.390000 396.830000)
1	215	1886	673	1	1	70	70	0	13	83	0	0	U	45.557	32432.9	32445.9	LINESTRING(773.390000 396.830000,769.390000 393.470000)
1	216	673	243	1	1	72	72	0	13	83	1	0	Left	11.389	32457.3	32540.3	LINESTRING(769.390000 393.470000,774.900000 389.450000)
1	217	243	242	1	1	31	31	0	5	35	1	0	U	45.557	32585.8	32620.8	LINESTRING(774.900000 389.450000,769.360000 388.730000)
1	218	242	234	1	0	0	0	0	15	0	0	0	Straight	0.0	32620.8	32635.8	LINESTRING(769.360000 388.730000,756.880000 391.100000)
1	219	234	233	1	0	0	0	0	26	0	0	0	Straight	0.0	32635.8	32661.8	LINESTRING(756.880000 391.100000,745.050000 387.470000)
1	220	233	663	1	1	124	124	0	22	142	0	0	Straight	0.0	32661.8	32683.8	LINESTRING(745.050000 387.470000,726.420000 380.250000)
1	221	663	229	0	1	126	126	0	23	143	1	0	Straight	0.0	32683.8	32826.8	LINESTRING(726.420000 380.250000,717.060000 374.550000)
1	222	229	230	0	1	72	72	0	13	83	1	0	Straight	0.0	32826.8	32909.8	LINESTRING(717.060000 374.550000,709.790000 366.890000)
1	223	230	1784	1	1	769	769	0	138	898	0	0	Left	11.389	32921.2	33059.2	LINESTRING(709.790000 366.890000,724.370000 359.770000)
1	224	1784	1783	1	1	81	81	0	15	95	1	0	Straight	0.0	33059.2	33154.2	LINESTRING(724.370000 359.770000,736.360000 356.160000)
1	225	1783	1900	1	1	109	109	0	20	120	1	0	Straight	0.0	33154.2	33274.2	LINESTRING(736.360000 356.160000,748.780000 353.750000)
1	226	1900	1463	1	1	40	40	0	7	47	1	0	Straight	0.0	33274.2	33321.2	LINESTRING(748.780000 353.750000,760.030000 354.630000)
1	227	1463	2173	1	1	167	167	0	30	190	1	0	Straight	0.0	33321.2	33511.2	LINESTRING(760.030000 354.630000,763.630000 356.680000)
1	228	2173	1463	1	1	167	167	0	30	190	0	0	U	45.557	33556.8	33586.8	LINESTRING(763.630000 356.680000,760.030000 354.630000)
1	229	1463	1378	1	1	7	7	0	1	1	1	0	U	45.557	33632.3	33633.3	LINESTRING(760.030000 354.630000,769.960000 354.430000)
1	230	1378	1649	1	1	81	81	0	15	95	1	0	Straight	0.0	33633.3	33728.3	LINESTRING(769.960000 354.430000,779.580000 357.850000)
1	231	1649	332	1	1	103	103	0	19	119	1	0	Straight	0.0	33728.3	33847.3	LINESTRING(779.580000 357.850000,788.540000 361.180000)
1	232	332	331	1	1	66	66	0	12	72	1	0	Straight	0.0	33847.3	33919.3	LINESTRING(788.540000 361.180000,796.770000 364.190000)
1	233	331	332	1	1	66	66	0	12	72	0	0	U	45.557	33964.9	33976.9	LINESTRING(796.770000 364.190000,788.540000 361.180000)
1	234	332	1649	1	1	103	103	0	19	119	0	0	Straight	0.0	33976.9	33995.9	LINESTRING(788.540000 361.180000,779.580000 357.850000)
1	235	1649	1378	1	1	81	81	0	15	95	0	0	Straight	0.0	33995.9	34010.9	LINESTRING(779.580000 357.850000,769.960000 354.430000)
1	236	1378	1377	1	1	44	44	0	8	48	1	0	Left	11.389	34022.3	34070.3	LINESTRING(769.960000 354.430000,767.310000 348.420000)
1	237	1377	1479	1	0	0	0	0	5	0	0	0	Right	5.695	34076.0	34081.0	LINESTRING(767.310000 348.420000,751.340000 346.950000)
1	238	1479	1677	1	0	0	0	0	23	0	0	0	Straight	0.0	34081.0	34104.0	LINESTRING(751.340000 346.950000,735.670000 342.360000)
1	239	1677	861	1	0	0	0	0	61	0	0	0	Straight	0.0	34104.0	34165.0	LINESTRING(735.670000 342.360000,722.500000 331.320000)
1	240	861	480	1	0	0	0	0	11	0	0	0	Straight	0.0	34165.0	34176.0	LINESTRING(722.500000 331.320000,707.330000 320.810000)
1	241	480	481	1	0	0	0	0	75	0	0	0	Straight	0.0	34176.0	34251.0	LINESTRING(707.330000 320.810000,695.260000 308.710000)
1	242	481	510	1	0	0	0	0	17	0	0	0	Straight	0.0	34251.0	34268.0	LINESTRING(695.260000 308.710000,690.000000 296.320000)
1	243	510	985	1	0	0	0	0	55	0	0	0	Straight	0.0	34268.0	34323.0	LINESTRING(690.000000 296.320000,673.940000 288.260000)
1	244	985	560	1	1	183	183	0	33	213	1	0	Straight	0.0	34323.0	34536.0	LINESTRING(673.940000 288.260000,661.500000 285.260000)
1	245	560	617	1	0	0	0	0	63	0	0	0	Straight	0.0	34536.0	34599.0	LINESTRING(661.500000 285.260000,644.460000 275.320000)
1	246	617	1046	1	0	0	0	0	25	0	0	0	Straight	0.0	34599.0	34624.0	LINESTRING(644.460000 275.320000,622.630000 269.300000)
1	247	1046	693	0	1	190	190	0	34	224	1	0	Right	5.695	34629.7	34853.7	LINESTRING(622.630000 269.300000,605.140000 281.850000)
1	248	693	694	0	1	384	384	0	69	449	0	0	Straight	0.0	34853.7	34922.7	LINESTRING(605.140000 281.850000,568.380000 300.600000)
1	249	694	1089	0	0	0	0	0	5	0	0	0	Straight	0.0	34922.7	34927.7	LINESTRING(568.380000 300.600000,537.710000 299.310000)
1	250	1089	1096	0	0	0	0	0	9	0	0	0	Straight	0.0	34927.7	34936.7	LINESTRING(537.710000 299.310000,521.480000 285.320000)
1	251	1096	1097	0	0	0	0	0	6	0	0	0	Straight	0.0	34936.7	34942.7	LINESTRING(521.480000 285.320000,506.660000 275.680000)
1	252	1097	711	1	0	0	0	0	9	0	0	0	Straight	0.0	34942.7	34951.7	LINESTRING(506.660000 275.680000,489.800000 266.860000)
1	253	711	1084	0	1	39	39	0	7	37	0	0	Straight	0.0	34951.7	34958.7	LINESTRING(489.800000 266.860000,472.410000 259.170000)
1	254	1084	1083	1	0	0	0	0	544	0	0	0	Straight	0.0	34958.7	35502.7	LINESTRING(472.410000 259.170000,446.000000 251.770000)
2	0	1083	1083	-1	-1	0	0	0	0	0	0	300		0.0	35502.7	35802.7	LINESTRING(446.000000 251.770000,446.000000 251.770000)
