Problem Type	Solution Method	Vehicle Capacity (Weight)	Vehicle Capacity(Volume)	Disposal Trips	Route Time	Route Time wo Turns	Computational Time(Sec)	Clustering Time(Sec)	VA(NHO)	VA(ATD)	VA(CCI)	VA(DMT)	VA(ROI)	VA(AOI)	Optimal
MCARPTIF-TP	WJ19	10000	10000	2	31286.6	28767	130.352	0	0.0501548	971.475	1.22222	21152	0.568627	0.141172	0
Load No	Sequence No	From Node ID	To Node ID	IsEdge	Required	Weight	Volume	Travel Miles	Travel Time	Service Time	Served	Dumped	Turn Type	Turn Cost	Depart Time	Arrival Time	Shape
0	0	2277	922	1	0	0	0	0	91	0	0	300		0.0	300.0	391.0	LINESTRING(360.380000 280.330000,363.400000 284.320000)
0	1	922	923	1	0	0	0	0	20	0	0	0	Straight	0.0	391.0	411.0	LINESTRING(363.400000 284.320000,367.720000 288.770000)
0	2	923	2011	1	0	0	0	0	100	0	0	0	Straight	0.0	411.0	511.0	LINESTRING(367.720000 288.770000,372.780000 294.490000)
0	3	2011	1004	1	0	0	0	0	249	0	0	0	Straight	0.0	511.0	760.0	LINESTRING(372.780000 294.490000,378.590000 301.430000)
0	4	1004	1528	1	0	0	0	0	24	0	0	0	Straight	0.0	760.0	784.0	LINESTRING(378.590000 301.430000,385.690000 307.890000)
0	5	1528	611	0	0	0	0	0	16	0	0	0	Straight	0.0	784.0	800.0	LINESTRING(385.690000 307.890000,386.970000 314.450000)
0	6	611	610	1	0	0	0	0	13	0	0	0	Straight	0.0	800.0	813.0	LINESTRING(386.970000 314.450000,383.270000 322.520000)
0	7	610	951	1	0	0	0	0	5	0	0	0	Straight	0.0	813.0	818.0	LINESTRING(383.270000 322.520000,362.600000 336.160000)
0	8	951	561	1	0	0	0	0	65	0	0	0	Straight	0.0	818.0	883.0	LINESTRING(362.600000 336.160000,341.600000 352.600000)
0	9	561	900	1	0	0	0	0	83	0	0	0	Straight	0.0	883.0	966.0	LINESTRING(341.600000 352.600000,313.770000 368.790000)
0	10	900	1553	1	0	0	0	0	42	0	0	0	Straight	0.0	966.0	1008.0	LINESTRING(313.770000 368.790000,285.870000 384.490000)
0	11	1553	2313	1	0	0	0	0	55	0	0	0	Straight	0.0	1008.0	1063.0	LINESTRING(285.870000 384.490000,258.180000 400.590000)
0	12	2313	1965	1	0	0	0	0	155	0	0	0	Straight	0.0	1063.0	1218.0	LINESTRING(258.180000 400.590000,235.220000 422.080000)
0	13	1965	1000	1	0	0	0	0	214	0	0	0	Straight	0.0	1218.0	1432.0	LINESTRING(235.220000 422.080000,214.990000 456.270000)
0	14	1000	1686	1	0	0	0	0	179	0	0	0	Straight	0.0	1432.0	1611.0	LINESTRING(214.990000 456.270000,184.100000 466.650000)
0	15	1686	1033	1	1	289	289	0	52	332	1	0	Left	14.316	1625.32	1957.32	LINESTRING(184.100000 466.650000,187.040000 458.210000)
0	16	1033	1034	1	1	952	952	0	171	1121	1	0	Straight	0.0	1957.32	3078.32	LINESTRING(187.040000 458.210000,188.390000 451.380000)
0	17	1034	2293	1	1	162	162	0	29	189	1	0	Straight	0.0	3078.32	3267.32	LINESTRING(188.390000 451.380000,187.820000 446.170000)
0	18	2293	1034	1	1	162	162	0	29	189	0	0	U	57.264	3324.58	3353.58	LINESTRING(187.820000 446.170000,188.390000 451.380000)
0	19	1034	1937	1	1	137	137	0	25	155	1	0	Straight	0.0	3353.58	3508.58	LINESTRING(188.390000 451.380000,187.060000 453.800000)
0	20	1937	1033	1	1	580	580	0	104	684	1	0	Straight	0.0	3508.58	4192.58	LINESTRING(187.060000 453.800000,187.040000 458.210000)
0	21	1033	1686	1	1	289	289	0	52	332	0	0	Straight	0.0	4192.58	4244.58	LINESTRING(187.040000 458.210000,184.100000 466.650000)
0	22	1686	1035	1	1	88	88	0	16	96	1	0	Straight	0.0	4244.58	4340.58	LINESTRING(184.100000 466.650000,167.660000 477.110000)
0	23	1035	796	1	1	379	379	0	68	438	1	0	Straight	0.0	4340.58	4778.58	LINESTRING(167.660000 477.110000,160.410000 484.070000)
0	24	796	797	1	1	118	118	0	21	131	1	0	Straight	0.0	4778.58	4909.58	LINESTRING(160.410000 484.070000,152.680000 490.830000)
0	25	797	800	1	1	108	108	0	20	120	1	0	Straight	0.0	4909.58	5029.58	LINESTRING(152.680000 490.830000,145.320000 497.600000)
0	26	800	1615	1	1	120	120	0	22	142	1	0	Straight	0.0	5029.58	5171.58	LINESTRING(145.320000 497.600000,138.640000 505.110000)
0	27	1615	1677	1	1	111	111	0	20	130	1	0	Straight	0.0	5171.58	5301.58	LINESTRING(138.640000 505.110000,133.050000 514.340000)
0	28	1677	844	1	1	133	133	0	24	154	1	0	Straight	0.0	5301.58	5455.58	LINESTRING(133.050000 514.340000,128.420000 520.240000)
0	29	844	855	1	1	36	36	0	6	36	1	0	Straight	0.0	5455.58	5491.58	LINESTRING(128.420000 520.240000,124.250000 521.340000)
0	30	855	879	1	1	204	204	0	37	237	1	0	Left	14.316	5505.9	5742.9	LINESTRING(124.250000 521.340000,121.930000 516.100000)
0	31	879	866	1	1	164	164	0	29	189	1	0	Left	14.316	5757.21	5946.21	LINESTRING(121.930000 516.100000,127.880000 507.320000)
0	32	866	1677	1	1	329	329	0	59	379	1	0	Left	14.316	5960.53	6339.53	LINESTRING(127.880000 507.320000,133.050000 514.340000)
0	33	1677	1678	1	1	303	303	0	54	354	1	0	Straight	0.0	6339.53	6693.53	LINESTRING(133.050000 514.340000,136.630000 524.630000)
0	34	1678	837	1	1	159	159	0	29	179	1	0	Left	14.316	6707.84	6886.84	LINESTRING(136.630000 524.630000,130.090000 532.790000)
0	35	837	1040	1	1	96	96	0	17	107	1	0	Left	14.316	6901.16	7008.16	LINESTRING(130.090000 532.790000,118.720000 533.520000)
0	36	1040	883	1	1	151	151	0	27	177	1	0	Straight	0.0	7008.16	7185.16	LINESTRING(118.720000 533.520000,111.220000 536.700000)
0	37	883	1637	1	1	171	171	0	31	201	1	0	Straight	0.0	7185.16	7386.16	LINESTRING(111.220000 536.700000,104.550000 538.360000)
0	38	1637	1050	1	1	162	162	0	29	189	1	0	Straight	0.0	7386.16	7575.16	LINESTRING(104.550000 538.360000,97.419000 539.340000)
0	39	1050	1049	1	1	125	125	0	23	143	1	0	Straight	0.0	7575.16	7718.16	LINESTRING(97.419000 539.340000,91.267000 539.390000)
0	40	1049	1789	1	1	144	144	0	26	166	1	0	Straight	0.0	7718.16	7884.16	LINESTRING(91.267000 539.390000,86.745000 543.400000)
0	41	1789	965	1	1	146	146	0	26	166	1	0	Straight	0.0	7884.16	8050.16	LINESTRING(86.745000 543.400000,84.072000 548.920000)
0	42	965	964	1	1	145	145	0	26	166	1	0	Straight	0.0	8050.16	8216.16	LINESTRING(84.072000 548.920000,83.453000 555.140000)
0	43	964	1065	1	1	149	149	0	27	167	1	0	Straight	0.0	8216.16	8383.16	LINESTRING(83.453000 555.140000,86.972000 561.230000)
0	44	1065	964	1	1	149	149	0	27	167	0	0	U	57.264	8440.42	8467.42	LINESTRING(86.972000 561.230000,83.453000 555.140000)
0	45	964	1529	1	1	229	229	0	41	261	1	0	Straight	0.0	8467.42	8728.42	LINESTRING(83.453000 555.140000,79.250000 551.260000)
0	46	1529	1652	1	1	146	146	0	26	166	1	0	Right	7.158	8735.58	8901.58	LINESTRING(79.250000 551.260000,77.746000 557.470000)
0	47	1652	1948	1	1	218	218	0	39	249	1	0	Left	14.316	8915.9	9164.9	LINESTRING(77.746000 557.470000,71.692000 552.050000)
0	48	1948	1069	1	1	60	60	0	11	71	1	0	Straight	0.0	9164.9	9235.9	LINESTRING(71.692000 552.050000,65.546000 549.240000)
0	49	1069	1948	1	1	60	60	0	11	71	0	0	U	57.264	9293.16	9304.16	LINESTRING(65.546000 549.240000,71.692000 552.050000)
0	50	1948	1895	1	1	149	149	0	27	167	1	0	Right	7.158	9311.32	9478.32	LINESTRING(71.692000 552.050000,74.861000 546.850000)
0	51	1895	1529	1	1	210	210	0	38	248	1	0	Left	14.316	9492.64	9740.64	LINESTRING(74.861000 546.850000,79.250000 551.260000)
0	52	1529	955	1	1	145	145	0	26	166	1	0	Right	7.158	9747.79	9913.79	LINESTRING(79.250000 551.260000,81.708000 544.790000)
0	53	955	965	1	1	238	238	0	43	273	1	0	Left	14.316	9928.11	10201.1	LINESTRING(81.708000 544.790000,84.072000 548.920000)
0	54	965	1789	1	1	146	146	0	26	166	0	0	Right	7.158	10208.3	10234.3	LINESTRING(84.072000 548.920000,86.745000 543.400000)
0	55	1789	956	1	1	253	253	0	46	296	1	0	Straight	0.0	10234.3	10530.3	LINESTRING(86.745000 543.400000,85.653000 538.520000)
0	56	956	955	1	1	146	146	0	26	166	1	0	U	57.264	10587.5	10753.5	LINESTRING(85.653000 538.520000,81.708000 544.790000)
0	57	955	1894	1	1	211	211	0	38	248	1	0	Left	14.316	10767.8	11015.8	LINESTRING(81.708000 544.790000,78.657000 540.320000)
0	58	1894	1895	1	1	143	143	0	26	166	1	0	Right	7.158	11023.0	11189.0	LINESTRING(78.657000 540.320000,74.861000 546.850000)
0	59	1895	996	1	1	62	62	0	11	71	1	0	Left	14.316	11203.3	11274.3	LINESTRING(74.861000 546.850000,71.962000 543.390000)
0	60	996	997	1	0	0	0	0	26	0	0	0	Left	14.316	11288.6	11314.6	LINESTRING(71.962000 543.390000,76.285000 536.190000)
0	61	997	1894	1	1	63	63	0	11	71	1	0	Left	14.316	11329.0	11400.0	LINESTRING(76.285000 536.190000,78.657000 540.320000)
0	62	1894	1059	1	1	144	144	0	26	166	1	0	Right	7.158	11407.1	11573.1	LINESTRING(78.657000 540.320000,82.597000 533.300000)
0	63	1059	956	1	1	210	210	0	38	248	1	0	Left	14.316	11587.4	11835.4	LINESTRING(82.597000 533.300000,85.653000 538.520000)
0	64	956	946	1	1	144	144	0	26	166	1	0	Right	7.158	11842.6	12008.6	LINESTRING(85.653000 538.520000,91.322000 533.230000)
0	65	946	1049	1	1	262	262	0	47	307	1	0	Left	14.316	12022.9	12329.9	LINESTRING(91.322000 533.230000,91.267000 539.390000)
0	66	1049	1050	1	1	125	125	0	23	143	0	0	Right	7.158	12337.1	12360.1	LINESTRING(91.267000 539.390000,97.419000 539.340000)
0	67	1050	1788	1	1	114	114	0	20	130	1	0	Right	7.158	12367.2	12497.2	LINESTRING(97.419000 539.340000,96.973000 535.160000)
0	68	1788	927	1	1	43	43	0	8	48	1	0	Straight	0.0	12497.2	12545.2	LINESTRING(96.973000 535.160000,97.583000 530.300000)
0	69	927	926	1	1	117	117	0	21	131	1	0	U	57.264	12602.5	12733.5	LINESTRING(97.583000 530.300000,97.425000 531.980000)
0	70	926	946	1	1	122	122	0	22	142	1	0	Left	14.316	12747.8	12889.8	LINESTRING(97.425000 531.980000,91.322000 533.230000)
0	71	946	954	1	1	156	156	0	28	178	1	0	Left	14.316	12904.1	13082.1	LINESTRING(91.322000 533.230000,93.609000 524.830000)
0	72	954	953	1	1	57	57	0	10	60	1	0	Right	7.158	13089.3	13149.3	LINESTRING(93.609000 524.830000,86.720000 526.240000)
0	73	953	1059	1	1	144	144	0	26	166	1	0	Right	7.158	13156.4	13322.4	LINESTRING(86.720000 526.240000,82.597000 533.300000)
0	74	1059	1058	1	1	64	64	0	11	71	1	0	Left	14.316	13336.7	13407.7	LINESTRING(82.597000 533.300000,81.202000 528.290000)
0	75	1058	1801	1	0	0	0	0	25	0	0	0	Left	14.316	13422.1	13447.1	LINESTRING(81.202000 528.290000,87.807000 519.890000)
0	76	1801	953	1	1	59	59	0	11	61	1	0	U	57.264	13504.3	13565.3	LINESTRING(87.807000 519.890000,86.720000 526.240000)
0	77	953	954	1	1	57	57	0	10	60	0	0	Right	7.158	13572.5	13582.5	LINESTRING(86.720000 526.240000,93.609000 524.830000)
0	78	954	2012	1	0	0	0	0	50	0	0	0	Straight	0.0	13582.5	13632.5	LINESTRING(93.609000 524.830000,101.410000 517.790000)
0	79	2012	1045	1	1	99	99	0	18	108	1	0	Left	14.316	13646.8	13754.8	LINESTRING(101.410000 517.790000,106.540000 522.760000)
0	80	1045	880	1	0	0	0	0	31	0	0	0	Right	7.158	13762.0	13793.0	LINESTRING(106.540000 522.760000,114.050000 522.390000)
0	81	880	879	1	1	9	9	0	2	2	1	0	Straight	0.0	13793.0	13795.0	LINESTRING(114.050000 522.390000,121.930000 516.100000)
0	82	879	855	1	1	204	204	0	37	237	0	0	Left	14.316	13809.3	13846.3	LINESTRING(121.930000 516.100000,124.250000 521.340000)
0	83	855	841	1	1	89	89	0	16	96	1	0	Straight	0.0	13846.3	13942.3	LINESTRING(124.250000 521.340000,127.200000 526.080000)
0	84	841	837	1	0	0	0	0	27	0	0	0	Straight	0.0	13942.3	13969.3	LINESTRING(127.200000 526.080000,130.090000 532.790000)
0	85	837	1678	1	1	159	159	0	29	179	0	0	Right	7.158	13976.4	14005.4	LINESTRING(130.090000 532.790000,136.630000 524.630000)
0	86	1678	795	1	0	0	0	0	35	0	0	0	Left	14.316	14019.7	14054.7	LINESTRING(136.630000 524.630000,147.340000 525.850000)
0	87	795	1787	1	1	37	37	0	7	37	1	0	Straight	0.0	14054.7	14091.7	LINESTRING(147.340000 525.850000,158.600000 530.650000)
0	88	1787	793	1	0	0	0	0	2	0	0	0	Straight	0.0	14091.7	14093.7	LINESTRING(158.600000 530.650000,182.660000 521.840000)
0	89	793	741	0	0	0	0	0	33	0	0	0	Straight	0.0	14093.7	14126.7	LINESTRING(182.660000 521.840000,196.280000 524.150000)
0	90	741	1027	0	0	0	0	0	43	0	0	0	Straight	0.0	14126.7	14169.7	LINESTRING(196.280000 524.150000,212.080000 527.530000)
0	91	1027	2215	1	0	0	0	0	60	0	0	0	Straight	0.0	14169.7	14229.7	LINESTRING(212.080000 527.530000,230.590000 543.690000)
0	92	2215	694	1	0	0	0	0	4	0	0	0	Straight	0.0	14229.7	14233.7	LINESTRING(230.590000 543.690000,249.370000 543.680000)
0	93	694	1962	1	0	0	0	0	12	0	0	0	Left	14.316	14248.1	14260.1	LINESTRING(249.370000 543.680000,254.750000 551.160000)
0	94	1962	989	1	0	0	0	0	5	0	0	0	Right	7.158	14267.2	14272.2	LINESTRING(254.750000 551.160000,260.300000 549.810000)
0	95	989	693	1	0	0	0	0	14	0	0	0	Right	7.158	14279.4	14293.4	LINESTRING(260.300000 549.810000,266.140000 539.950000)
0	96	693	652	1	0	0	0	0	34	0	0	0	Straight	0.0	14293.4	14327.4	LINESTRING(266.140000 539.950000,283.710000 531.040000)
0	97	652	653	1	0	0	0	0	104	0	0	0	Straight	0.0	14327.4	14431.4	LINESTRING(283.710000 531.040000,303.710000 526.940000)
0	98	653	849	1	0	0	0	0	58	0	0	0	Straight	0.0	14431.4	14489.4	LINESTRING(303.710000 526.940000,326.290000 530.990000)
0	99	849	842	1	0	0	0	0	1	0	0	0	Straight	0.0	14489.4	14490.4	LINESTRING(326.290000 530.990000,342.350000 542.230000)
0	100	842	451	1	0	0	0	0	18	0	0	0	Right	7.158	14497.5	14515.5	LINESTRING(342.350000 542.230000,359.280000 532.430000)
0	101	451	415	1	0	0	0	0	23	0	0	0	Straight	0.0	14515.5	14538.5	LINESTRING(359.280000 532.430000,384.780000 529.860000)
0	102	415	416	1	0	0	0	0	178	0	0	0	Straight	0.0	14538.5	14716.5	LINESTRING(384.780000 529.860000,415.080000 521.650000)
0	103	416	221	1	0	0	0	0	155	0	0	0	Straight	0.0	14716.5	14871.5	LINESTRING(415.080000 521.650000,438.140000 503.310000)
0	104	221	222	1	0	0	0	0	46	0	0	0	Straight	0.0	14871.5	14917.5	LINESTRING(438.140000 503.310000,458.020000 492.700000)
0	105	222	565	1	0	0	0	0	59	0	0	0	Straight	0.0	14917.5	14976.5	LINESTRING(458.020000 492.700000,476.240000 482.630000)
0	106	565	170	1	0	0	0	0	9	0	0	0	Left	14.316	14990.9	14999.9	LINESTRING(476.240000 482.630000,475.680000 495.280000)
0	107	170	171	1	0	0	0	0	32	0	0	0	Right	7.158	15007.0	15039.0	LINESTRING(475.680000 495.280000,482.040000 494.670000)
0	108	171	158	1	0	0	0	0	12	0	0	0	Straight	0.0	15039.0	15051.0	LINESTRING(482.040000 494.670000,488.410000 494.440000)
0	109	158	159	1	0	0	0	0	14	0	0	0	Straight	0.0	15051.0	15065.0	LINESTRING(488.410000 494.440000,493.680000 496.170000)
0	110	159	1180	1	0	0	0	0	18	0	0	0	Straight	0.0	15065.0	15083.0	LINESTRING(493.680000 496.170000,501.070000 493.200000)
0	111	1180	1181	1	0	0	0	0	17	0	0	0	Straight	0.0	15083.0	15100.0	LINESTRING(501.070000 493.200000,507.660000 481.540000)
0	112	1181	1160	1	0	0	0	0	45	0	0	0	Left	14.316	15114.3	15159.3	LINESTRING(507.660000 481.540000,521.430000 492.300000)
0	113	1160	1159	1	0	0	0	0	54	0	0	0	Straight	0.0	15159.3	15213.3	LINESTRING(521.430000 492.300000,539.710000 492.950000)
0	114	1159	1174	0	0	0	0	0	9	0	0	0	Straight	0.0	15213.3	15222.3	LINESTRING(539.710000 492.950000,553.710000 499.300000)
0	115	1174	1175	0	0	0	0	0	1	0	0	0	Straight	0.0	15222.3	15223.3	LINESTRING(553.710000 499.300000,564.220000 513.380000)
0	116	1175	1169	0	0	0	0	0	49	0	0	0	Straight	0.0	15223.3	15272.3	LINESTRING(564.220000 513.380000,567.250000 533.080000)
0	117	1169	2207	0	1	50	50	0	18	118	1	0	Straight	0.0	15272.3	15390.3	LINESTRING(567.250000 533.080000,564.160000 552.230000)
0	118	2207	1393	0	0	0	0	0	28	0	0	0	Straight	0.0	15390.3	15418.3	LINESTRING(564.160000 552.230000,551.510000 578.170000)
0	119	1393	1391	0	0	0	0	0	19	0	0	0	U	57.264	15475.6	15494.6	LINESTRING(551.510000 578.170000,570.530000 568.550000)
0	120	1391	1761	0	0	0	0	0	7	0	0	0	Straight	0.0	15494.6	15501.6	LINESTRING(570.530000 568.550000,580.650000 559.920000)
0	121	1761	1167	0	0	0	0	0	7	0	0	0	Straight	0.0	15501.6	15508.6	LINESTRING(580.650000 559.920000,587.980000 549.340000)
0	122	1167	1168	0	1	31	31	0	11	71	1	0	Straight	0.0	15508.6	15579.6	LINESTRING(587.980000 549.340000,595.630000 547.920000)
0	123	1168	1163	0	0	0	0	0	3	0	0	0	Left	14.316	15593.9	15596.9	LINESTRING(595.630000 547.920000,604.200000 555.860000)
0	124	1163	1395	0	0	0	0	0	3	0	0	0	Left	14.316	15611.2	15614.2	LINESTRING(604.200000 555.860000,596.320000 560.190000)
0	125	1395	1392	1	0	0	0	0	16	0	0	0	Straight	0.0	15614.2	15630.2	LINESTRING(596.320000 560.190000,586.630000 563.420000)
0	126	1392	1761	0	1	15	15	0	5	25	1	0	Left	14.316	15644.5	15669.5	LINESTRING(586.630000 563.420000,580.650000 559.920000)
0	127	1761	1167	0	0	0	0	0	7	0	0	0	Left	14.316	15683.9	15690.9	LINESTRING(580.650000 559.920000,587.980000 549.340000)
0	128	1167	1390	0	0	0	0	0	9	0	0	0	Straight	0.0	15690.9	15699.9	LINESTRING(587.980000 549.340000,590.940000 538.410000)
0	129	1390	1166	0	0	0	0	0	2	0	0	0	Straight	0.0	15699.9	15701.9	LINESTRING(590.940000 538.410000,600.820000 526.780000)
0	130	1166	1403	0	0	0	0	0	19	0	0	0	Straight	0.0	15701.9	15720.9	LINESTRING(600.820000 526.780000,609.540000 520.360000)
0	131	1403	1726	0	0	0	0	0	7	0	0	0	Straight	0.0	15720.9	15727.9	LINESTRING(609.540000 520.360000,611.200000 513.180000)
0	132	1726	1398	0	0	0	0	0	22	0	0	0	Straight	0.0	15727.9	15749.9	LINESTRING(611.200000 513.180000,606.000000 503.990000)
0	133	1398	1394	1	0	0	0	0	14	0	0	0	Left	14.316	15764.2	15778.2	LINESTRING(606.000000 503.990000,620.210000 487.490000)
0	134	1394	1713	1	0	0	0	0	18	0	0	0	Right	7.158	15785.3	15803.3	LINESTRING(620.210000 487.490000,603.760000 462.320000)
0	135	1713	1385	1	0	0	0	0	168	0	0	0	Straight	0.0	15803.3	15971.3	LINESTRING(603.760000 462.320000,587.070000 437.240000)
0	136	1385	1386	1	0	0	0	0	30	0	0	0	Straight	0.0	15971.3	16001.3	LINESTRING(587.070000 437.240000,568.840000 412.620000)
0	137	1386	1860	1	0	0	0	0	59	0	0	0	Straight	0.0	16001.3	16060.3	LINESTRING(568.840000 412.620000,555.530000 383.190000)
0	138	1860	1562	1	0	0	0	0	90	0	0	0	Straight	0.0	16060.3	16150.3	LINESTRING(555.530000 383.190000,551.710000 349.140000)
0	139	1562	1521	1	0	0	0	0	121	0	0	0	Straight	0.0	16150.3	16271.3	LINESTRING(551.710000 349.140000,546.500000 315.010000)
0	140	1521	2255	1	1	37	37	0	7	37	1	0	Left	14.316	16285.6	16322.6	LINESTRING(546.500000 315.010000,564.550000 304.960000)
0	141	2255	1321	0	1	152	152	0	27	177	0	0	Straight	0.0	16322.6	16349.6	LINESTRING(564.550000 304.960000,574.630000 296.510000)
0	142	1321	1322	0	1	22	22	0	4	24	1	0	Straight	0.0	16349.6	16373.6	LINESTRING(574.630000 296.510000,581.920000 286.430000)
0	143	1322	1323	0	1	29	29	0	5	25	1	0	Left	14.316	16388.0	16413.0	LINESTRING(581.920000 286.430000,598.150000 284.720000)
0	144	1323	1257	0	1	32	32	0	6	36	0	0	Left	14.316	16427.3	16433.3	LINESTRING(598.150000 284.720000,594.120000 294.370000)
0	145	1257	1565	0	1	27	27	0	5	25	0	0	Left	14.316	16447.6	16452.6	LINESTRING(594.120000 294.370000,579.240000 299.400000)
0	146	1565	2255	0	1	150	150	0	27	177	0	0	Straight	0.0	16452.6	16479.6	LINESTRING(579.240000 299.400000,564.550000 304.960000)
0	147	2255	1521	1	1	37	37	0	7	37	0	0	Straight	0.0	16479.6	16486.6	LINESTRING(564.550000 304.960000,546.500000 315.010000)
0	148	1521	1562	1	0	0	0	0	121	0	0	0	Right	7.158	16493.8	16614.8	LINESTRING(546.500000 315.010000,551.710000 349.140000)
0	149	1562	1860	1	0	0	0	0	90	0	0	0	Straight	0.0	16614.8	16704.8	LINESTRING(551.710000 349.140000,555.530000 383.190000)
0	150	1860	1386	1	0	0	0	0	59	0	0	0	Straight	0.0	16704.8	16763.8	LINESTRING(555.530000 383.190000,568.840000 412.620000)
0	151	1386	1385	1	0	0	0	0	30	0	0	0	Straight	0.0	16763.8	16793.8	LINESTRING(568.840000 412.620000,587.070000 437.240000)
0	152	1385	1713	1	0	0	0	0	168	0	0	0	Straight	0.0	16793.8	16961.8	LINESTRING(587.070000 437.240000,603.760000 462.320000)
0	153	1713	1394	1	0	0	0	0	18	0	0	0	Straight	0.0	16961.8	16979.8	LINESTRING(603.760000 462.320000,620.210000 487.490000)
0	154	1394	1398	1	0	0	0	0	14	0	0	0	Left	14.316	16994.1	17008.1	LINESTRING(620.210000 487.490000,606.000000 503.990000)
0	155	1398	1399	0	0	0	0	0	48	0	0	0	Straight	0.0	17008.1	17056.1	LINESTRING(606.000000 503.990000,588.790000 516.590000)
0	156	1399	1170	0	0	0	0	0	2	0	0	0	Straight	0.0	17056.1	17058.1	LINESTRING(588.790000 516.590000,577.940000 535.120000)
0	157	1170	1390	0	0	0	0	0	1	0	0	0	Right	7.158	17065.2	17066.2	LINESTRING(577.940000 535.120000,590.940000 538.410000)
0	158	1390	1168	0	0	0	0	0	6	0	0	0	Left	14.316	17080.5	17086.5	LINESTRING(590.940000 538.410000,595.630000 547.920000)
0	159	1168	1163	0	0	0	0	0	3	0	0	0	Straight	0.0	17086.5	17089.5	LINESTRING(595.630000 547.920000,604.200000 555.860000)
0	160	1163	1164	0	0	0	0	0	7	0	0	0	Straight	0.0	17089.5	17096.5	LINESTRING(604.200000 555.860000,616.380000 560.090000)
0	161	1164	1980	0	0	0	0	0	47	0	0	0	Straight	0.0	17096.5	17143.5	LINESTRING(616.380000 560.090000,635.720000 561.930000)
0	162	1980	1306	0	0	0	0	0	154	0	0	0	Straight	0.0	17143.5	17297.5	LINESTRING(635.720000 561.930000,654.820000 566.300000)
0	163	1306	1307	0	0	0	0	0	37	0	0	0	Right	7.158	17304.7	17341.7	LINESTRING(654.820000 566.300000,667.430000 553.850000)
0	164	1307	1732	0	0	0	0	0	18	0	0	0	Straight	0.0	17341.7	17359.7	LINESTRING(667.430000 553.850000,676.830000 553.640000)
0	165	1732	1508	0	0	0	0	0	24	0	0	0	Right	7.158	17366.9	17390.9	LINESTRING(676.830000 553.640000,679.330000 550.700000)
1	0	1508	1509	0	0	0	0	0	23	0	0	300		0.0	17690.9	17713.9	LINESTRING(679.330000 550.700000,677.610000 547.310000)
1	1	1509	1507	0	0	0	0	0	18	0	0	0	Straight	0.0	17713.9	17731.9	LINESTRING(677.610000 547.310000,676.530000 540.560000)
1	2	1507	1924	0	0	0	0	0	37	0	0	0	Right	7.158	17739.0	17776.0	LINESTRING(676.530000 540.560000,657.710000 548.810000)
1	3	1924	1925	0	0	0	0	0	153	0	0	0	Left	14.316	17790.3	17943.3	LINESTRING(657.710000 548.810000,641.040000 541.960000)
1	4	1925	1154	0	0	0	0	0	24	0	0	0	Straight	0.0	17943.3	17967.3	LINESTRING(641.040000 541.960000,628.400000 534.790000)
1	5	1154	1155	0	0	0	0	0	10	0	0	0	Straight	0.0	17967.3	17977.3	LINESTRING(628.400000 534.790000,624.300000 528.770000)
1	6	1155	1384	1	0	0	0	0	9	0	0	0	Left	14.316	17991.6	18000.6	LINESTRING(624.300000 528.770000,628.650000 522.130000)
1	7	1384	1404	1	0	0	0	0	31	0	0	0	Right	7.158	18007.8	18038.8	LINESTRING(628.650000 522.130000,617.990000 518.720000)
1	8	1404	1726	0	0	0	0	0	5	0	0	0	Straight	0.0	18038.8	18043.8	LINESTRING(617.990000 518.720000,611.200000 513.180000)
1	9	1726	1398	0	0	0	0	0	22	0	0	0	Straight	0.0	18043.8	18065.8	LINESTRING(611.200000 513.180000,606.000000 503.990000)
1	10	1398	1394	1	0	0	0	0	14	0	0	0	Left	14.316	18080.1	18094.1	LINESTRING(606.000000 503.990000,620.210000 487.490000)
1	11	1394	1713	1	0	0	0	0	18	0	0	0	Right	7.158	18101.3	18119.3	LINESTRING(620.210000 487.490000,603.760000 462.320000)
1	12	1713	1385	1	0	0	0	0	168	0	0	0	Straight	0.0	18119.3	18287.3	LINESTRING(603.760000 462.320000,587.070000 437.240000)
1	13	1385	1386	1	0	0	0	0	30	0	0	0	Straight	0.0	18287.3	18317.3	LINESTRING(587.070000 437.240000,568.840000 412.620000)
1	14	1386	1860	1	0	0	0	0	59	0	0	0	Straight	0.0	18317.3	18376.3	LINESTRING(568.840000 412.620000,555.530000 383.190000)
1	15	1860	1562	1	0	0	0	0	90	0	0	0	Straight	0.0	18376.3	18466.3	LINESTRING(555.530000 383.190000,551.710000 349.140000)
1	16	1562	1521	1	0	0	0	0	121	0	0	0	Straight	0.0	18466.3	18587.3	LINESTRING(551.710000 349.140000,546.500000 315.010000)
1	17	1521	2255	1	1	37	37	0	7	37	0	0	Left	14.316	18601.6	18608.6	LINESTRING(546.500000 315.010000,564.550000 304.960000)
1	18	2255	1321	0	1	152	152	0	27	177	1	0	Straight	0.0	18608.6	18785.6	LINESTRING(564.550000 304.960000,574.630000 296.510000)
1	19	1321	1322	0	1	22	22	0	4	24	0	0	Straight	0.0	18785.6	18789.6	LINESTRING(574.630000 296.510000,581.920000 286.430000)
1	20	1322	1323	0	1	29	29	0	5	25	0	0	Left	14.316	18803.9	18808.9	LINESTRING(581.920000 286.430000,598.150000 284.720000)
1	21	1323	1461	1	1	489	489	0	88	568	1	0	Straight	0.0	18808.9	19376.9	LINESTRING(598.150000 284.720000,614.180000 277.930000)
1	22	1461	1460	1	1	197	197	0	35	225	1	0	Straight	0.0	19376.9	19601.9	LINESTRING(614.180000 277.930000,625.430000 273.810000)
1	23	1460	1842	1	1	139	139	0	25	155	1	0	Straight	0.0	19601.9	19756.9	LINESTRING(625.430000 273.810000,635.550000 268.100000)
1	24	1842	1320	1	1	165	165	0	30	190	1	0	Straight	0.0	19756.9	19946.9	LINESTRING(635.550000 268.100000,649.500000 261.640000)
1	25	1320	1445	0	1	28	28	0	5	25	1	0	Straight	0.0	19946.9	19971.9	LINESTRING(649.500000 261.640000,659.110000 262.130000)
1	26	1445	1444	1	1	78	78	0	14	84	1	0	Straight	0.0	19971.9	20055.9	LINESTRING(659.110000 262.130000,668.710000 262.520000)
1	27	1444	1510	0	1	27	27	0	5	25	1	0	Straight	0.0	20055.9	20080.9	LINESTRING(668.710000 262.520000,675.470000 263.700000)
1	28	1510	1426	1	1	739	739	0	133	863	1	0	Straight	0.0	20080.9	20943.9	LINESTRING(675.470000 263.700000,680.610000 262.510000)
1	29	1426	1219	1	1	84	84	0	15	95	1	0	Straight	0.0	20943.9	21038.9	LINESTRING(680.610000 262.510000,687.450000 262.180000)
1	30	1219	2203	1	1	68	68	0	12	72	1	0	Straight	0.0	21038.9	21110.9	LINESTRING(687.450000 262.180000,692.030000 259.320000)
1	31	2203	1219	1	1	68	68	0	12	72	0	0	U	57.264	21168.2	21180.2	LINESTRING(692.030000 259.320000,687.450000 262.180000)
1	32	1219	1218	1	1	51	51	0	9	59	1	0	Right	7.158	21187.3	21246.3	LINESTRING(687.450000 262.180000,692.010000 263.370000)
1	33	1218	1219	1	1	51	51	0	9	59	0	0	U	57.264	21303.6	21312.6	LINESTRING(692.010000 263.370000,687.450000 262.180000)
1	34	1219	1426	1	1	84	84	0	15	95	0	0	Straight	0.0	21312.6	21327.6	LINESTRING(687.450000 262.180000,680.610000 262.510000)
1	35	1426	1435	1	1	113	113	0	20	130	1	0	Straight	0.0	21327.6	21457.6	LINESTRING(680.610000 262.510000,674.520000 261.990000)
1	36	1435	1444	0	1	28	28	0	5	25	1	0	Straight	0.0	21457.6	21482.6	LINESTRING(674.520000 261.990000,668.710000 262.520000)
1	37	1444	1510	0	1	27	27	0	5	25	0	0	U	57.264	21539.9	21544.9	LINESTRING(668.710000 262.520000,675.470000 263.700000)
1	38	1510	1435	0	1	34	34	0	6	36	1	0	Right	7.158	21552.0	21588.0	LINESTRING(675.470000 263.700000,674.520000 261.990000)
1	39	1435	1444	0	1	28	28	0	5	25	0	0	Right	7.158	21595.2	21600.2	LINESTRING(674.520000 261.990000,668.710000 262.520000)
1	40	1444	1445	1	1	78	78	0	14	84	0	0	Straight	0.0	21600.2	21614.2	LINESTRING(668.710000 262.520000,659.110000 262.130000)
1	41	1445	1248	0	1	32	32	0	6	36	1	0	Left	14.316	21628.5	21664.5	LINESTRING(659.110000 262.130000,659.280000 258.050000)
1	42	1248	1247	1	1	229	229	0	41	261	1	0	Left	14.316	21678.8	21939.8	LINESTRING(659.280000 258.050000,662.560000 259.090000)
1	43	1247	1248	1	1	229	229	0	41	261	0	0	U	57.264	21997.1	22038.1	LINESTRING(662.560000 259.090000,659.280000 258.050000)
1	44	1248	1319	0	1	31	31	0	6	36	1	0	Left	14.316	22052.4	22088.4	LINESTRING(659.280000 258.050000,658.670000 253.640000)
1	45	1319	1735	1	1	73	73	0	13	83	1	0	Left	14.316	22102.7	22185.7	LINESTRING(658.670000 253.640000,667.780000 244.790000)
1	46	1735	1567	0	1	27	27	0	5	25	1	0	Straight	0.0	22185.7	22210.7	LINESTRING(667.780000 244.790000,671.420000 238.580000)
1	47	1567	1568	1	1	86	86	0	16	96	1	0	Straight	0.0	22210.7	22306.7	LINESTRING(671.420000 238.580000,672.600000 232.360000)
1	48	1568	1211	1	1	125	125	0	23	143	1	0	Straight	0.0	22306.7	22449.7	LINESTRING(672.600000 232.360000,673.160000 226.970000)
1	49	1211	1210	1	1	46	46	0	8	48	1	0	Straight	0.0	22449.7	22497.7	LINESTRING(673.160000 226.970000,672.530000 222.840000)
1	50	1210	1211	1	1	46	46	0	8	48	0	0	U	57.264	22555.0	22563.0	LINESTRING(672.530000 222.840000,673.160000 226.970000)
1	51	1211	1568	1	1	125	125	0	23	143	0	0	Straight	0.0	22563.0	22586.0	LINESTRING(673.160000 226.970000,672.600000 232.360000)
1	52	1568	1567	1	1	86	86	0	16	96	0	0	Straight	0.0	22586.0	22602.0	LINESTRING(672.600000 232.360000,671.420000 238.580000)
1	53	1567	1734	0	1	45	45	0	8	48	1	0	Right	7.158	22609.1	22657.1	LINESTRING(671.420000 238.580000,675.680000 239.020000)
1	54	1734	1216	1	1	80	80	0	14	94	1	0	Straight	0.0	22657.1	22751.1	LINESTRING(675.680000 239.020000,683.770000 234.000000)
1	55	1216	1217	1	1	43	43	0	8	48	1	0	Straight	0.0	22751.1	22799.1	LINESTRING(683.770000 234.000000,686.840000 228.710000)
1	56	1217	2296	1	1	50	50	0	9	59	1	0	Left	14.316	22813.4	22872.4	LINESTRING(686.840000 228.710000,689.050000 228.580000)
1	57	2296	1217	1	1	50	50	0	9	59	0	0	U	57.264	22929.7	22938.7	LINESTRING(689.050000 228.580000,686.840000 228.710000)
1	58	1217	1763	1	1	73	73	0	13	83	1	0	U	57.264	22996.0	23079.0	LINESTRING(686.840000 228.710000,692.820000 223.630000)
1	59	1763	1764	1	1	54	54	0	10	60	1	0	Straight	0.0	23079.0	23139.0	LINESTRING(692.820000 223.630000,696.090000 219.060000)
1	60	1764	1763	1	1	54	54	0	10	60	0	0	U	57.264	23196.2	23206.2	LINESTRING(696.090000 219.060000,692.820000 223.630000)
1	61	1763	1941	1	1	84	84	0	15	95	1	0	Right	7.158	23213.4	23308.4	LINESTRING(692.820000 223.630000,697.030000 225.090000)
1	62	1941	2428	1	1	68	68	0	12	72	1	0	Right	7.158	23315.6	23387.6	LINESTRING(697.030000 225.090000,701.800000 222.440000)
1	63	2428	1941	1	1	68	68	0	12	72	0	0	U	57.264	23444.8	23456.8	LINESTRING(701.800000 222.440000,697.030000 225.090000)
1	64	1941	1443	1	1	247	247	0	44	284	1	0	Straight	0.0	23456.8	23740.8	LINESTRING(697.030000 225.090000,692.330000 230.190000)
1	65	1443	2413	1	1	21	21	0	4	24	1	0	Right	7.158	23748.0	23772.0	LINESTRING(692.330000 230.190000,697.470000 230.020000)
1	66	2413	1443	1	1	21	21	0	4	24	0	0	U	57.264	23829.2	23833.2	LINESTRING(697.470000 230.020000,692.330000 230.190000)
1	67	1443	1216	1	1	39	39	0	7	37	1	0	Straight	0.0	23833.2	23870.2	LINESTRING(692.330000 230.190000,683.770000 234.000000)
1	68	1216	1734	1	1	80	80	0	14	94	0	0	Straight	0.0	23870.2	23884.2	LINESTRING(683.770000 234.000000,675.680000 239.020000)
1	69	1734	1735	0	1	26	26	0	5	25	1	0	Straight	0.0	23884.2	23909.2	LINESTRING(675.680000 239.020000,667.780000 244.790000)
1	70	1735	1319	1	1	73	73	0	13	83	0	0	Straight	0.0	23909.2	23922.2	LINESTRING(667.780000 244.790000,658.670000 253.640000)
1	71	1319	1320	0	1	34	34	0	6	36	1	0	Straight	0.0	23922.2	23958.2	LINESTRING(658.670000 253.640000,649.500000 261.640000)
1	72	1320	1842	1	1	165	165	0	30	190	0	0	Straight	0.0	23958.2	23988.2	LINESTRING(649.500000 261.640000,635.550000 268.100000)
1	73	1842	1466	1	1	141	141	0	25	165	1	0	Straight	0.0	23988.2	24153.2	LINESTRING(635.550000 268.100000,625.090000 271.930000)
1	74	1466	1461	1	1	192	192	0	35	225	1	0	Straight	0.0	24153.2	24378.2	LINESTRING(625.090000 271.930000,614.180000 277.930000)
1	75	1461	1323	1	1	489	489	0	88	568	0	0	Straight	0.0	24378.2	24466.2	LINESTRING(614.180000 277.930000,598.150000 284.720000)
1	76	1323	1257	0	1	32	32	0	6	36	1	0	Straight	0.0	24466.2	24502.2	LINESTRING(598.150000 284.720000,594.120000 294.370000)
1	77	1257	1212	1	1	121	121	0	22	142	1	0	Right	7.158	24509.4	24651.4	LINESTRING(594.120000 294.370000,607.280000 295.500000)
1	78	1212	1654	1	1	428	428	0	77	497	1	0	Straight	0.0	24651.4	25148.4	LINESTRING(607.280000 295.500000,611.210000 292.880000)
1	79	1654	1212	1	1	428	428	0	77	497	0	0	U	57.264	25205.7	25282.7	LINESTRING(611.210000 292.880000,607.280000 295.500000)
1	80	1212	1641	1	1	410	410	0	74	484	1	0	U	57.264	25339.9	25823.9	LINESTRING(607.280000 295.500000,617.220000 293.930000)
1	81	1641	1642	1	1	212	212	0	38	248	1	0	Straight	0.0	25823.9	26071.9	LINESTRING(617.220000 293.930000,623.460000 291.890000)
1	82	1642	1439	1	1	89	89	0	16	96	1	0	Left	14.316	26086.2	26182.2	LINESTRING(623.460000 291.890000,627.150000 294.210000)
1	83	1439	1440	1	1	188	188	0	34	214	1	0	U	57.264	26239.5	26453.5	LINESTRING(627.150000 294.210000,623.360000 294.620000)
1	84	1440	1641	1	1	84	84	0	15	95	1	0	Straight	0.0	26453.5	26548.5	LINESTRING(623.360000 294.620000,617.220000 293.930000)
1	85	1641	1212	1	1	410	410	0	74	484	0	0	Straight	0.0	26548.5	26622.5	LINESTRING(617.220000 293.930000,607.280000 295.500000)
1	86	1212	1213	1	1	54	54	0	10	60	1	0	U	57.264	26679.8	26739.8	LINESTRING(607.280000 295.500000,613.610000 299.850000)
1	87	1213	1436	1	1	167	167	0	30	190	1	0	Straight	0.0	26739.8	26929.8	LINESTRING(613.610000 299.850000,618.520000 301.030000)
1	88	1436	1213	1	1	167	167	0	30	190	0	0	U	57.264	26987.0	27017.0	LINESTRING(618.520000 301.030000,613.610000 299.850000)
1	89	1213	2263	1	1	42	42	0	8	48	1	0	Right	7.158	27024.2	27072.2	LINESTRING(613.610000 299.850000,615.950000 304.270000)
1	90	2263	1213	1	1	42	42	0	8	48	0	0	U	57.264	27129.5	27137.5	LINESTRING(615.950000 304.270000,613.610000 299.850000)
1	91	1213	1212	1	1	54	54	0	10	60	0	0	Straight	0.0	27137.5	27147.5	LINESTRING(613.610000 299.850000,607.280000 295.500000)
1	92	1212	1257	1	1	121	121	0	22	142	0	0	Straight	0.0	27147.5	27169.5	LINESTRING(607.280000 295.500000,594.120000 294.370000)
1	93	1257	1565	0	1	27	27	0	5	25	1	0	Straight	0.0	27169.5	27194.5	LINESTRING(594.120000 294.370000,579.240000 299.400000)
1	94	1565	2255	0	1	150	150	0	27	177	1	0	Straight	0.0	27194.5	27371.5	LINESTRING(579.240000 299.400000,564.550000 304.960000)
1	95	2255	1521	1	1	37	37	0	7	37	0	0	Straight	0.0	27371.5	27378.5	LINESTRING(564.550000 304.960000,546.500000 315.010000)
1	96	1521	1371	1	0	0	0	0	15	0	0	0	Left	14.316	27392.8	27407.8	LINESTRING(546.500000 315.010000,545.320000 296.860000)
1	97	1371	1372	1	1	102	102	0	18	118	1	0	Left	14.316	27422.1	27540.1	LINESTRING(545.320000 296.860000,550.270000 295.400000)
1	98	1372	2158	1	1	310	310	0	56	366	1	0	Straight	0.0	27540.1	27906.1	LINESTRING(550.270000 295.400000,553.380000 292.290000)
1	99	2158	1147	1	1	91	91	0	16	106	1	0	Left	14.316	27920.4	28026.4	LINESTRING(553.380000 292.290000,555.940000 295.120000)
1	100	1147	1364	1	1	133	133	0	24	154	1	0	Right	7.158	28033.6	28187.6	LINESTRING(555.940000 295.120000,560.090000 295.040000)
1	101	1364	1370	1	1	90	90	0	16	106	1	0	Straight	0.0	28187.6	28293.6	LINESTRING(560.090000 295.040000,562.740000 297.040000)
1	102	1370	1361	1	1	243	243	0	44	284	1	0	Left	14.316	28307.9	28591.9	LINESTRING(562.740000 297.040000,559.150000 298.040000)
1	103	1361	1364	1	1	237	237	0	43	273	1	0	Left	14.316	28606.2	28879.2	LINESTRING(559.150000 298.040000,560.090000 295.040000)
1	104	1364	1147	1	1	133	133	0	24	154	0	0	Right	7.158	28886.3	28910.3	LINESTRING(560.090000 295.040000,555.940000 295.120000)
1	105	1147	1146	1	1	310	310	0	56	366	1	0	Right	7.158	28917.5	29283.5	LINESTRING(555.940000 295.120000,554.300000 297.840000)
1	106	1146	1361	1	1	101	101	0	18	118	1	0	Right	7.158	29290.7	29408.7	LINESTRING(554.300000 297.840000,559.150000 298.040000)
1	107	1361	1146	1	1	101	101	0	18	118	0	0	U	57.264	29465.9	29483.9	LINESTRING(559.150000 298.040000,554.300000 297.840000)
1	108	1146	1372	1	1	97	97	0	17	107	1	0	Straight	0.0	29483.9	29590.9	LINESTRING(554.300000 297.840000,550.270000 295.400000)
1	109	1372	1371	1	1	102	102	0	18	118	0	0	Right	7.158	29598.1	29616.1	LINESTRING(550.270000 295.400000,545.320000 296.860000)
1	110	1371	1521	1	0	0	0	0	15	0	0	0	Right	7.158	29623.2	29638.2	LINESTRING(545.320000 296.860000,546.500000 315.010000)
1	111	1521	2255	1	1	37	37	0	7	37	0	0	Right	7.158	29645.4	29652.4	LINESTRING(546.500000 315.010000,564.550000 304.960000)
1	112	2255	1321	0	1	152	152	0	27	177	0	0	Straight	0.0	29652.4	29679.4	LINESTRING(564.550000 304.960000,574.630000 296.510000)
1	113	1321	1322	0	1	22	22	0	4	24	0	0	Straight	0.0	29679.4	29683.4	LINESTRING(574.630000 296.510000,581.920000 286.430000)
1	114	1322	1323	0	1	29	29	0	5	25	0	0	Left	14.316	29697.7	29702.7	LINESTRING(581.920000 286.430000,598.150000 284.720000)
1	115	1323	1257	0	1	32	32	0	6	36	0	0	Left	14.316	29717.0	29723.0	LINESTRING(598.150000 284.720000,594.120000 294.370000)
1	116	1257	1565	0	1	27	27	0	5	25	0	0	Left	14.316	29737.4	29742.4	LINESTRING(594.120000 294.370000,579.240000 299.400000)
1	117	1565	1321	0	1	17	17	0	3	13	1	0	Left	14.316	29756.7	29769.7	LINESTRING(579.240000 299.400000,574.630000 296.510000)
1	118	1321	1322	0	1	22	22	0	4	24	0	0	Left	14.316	29784.0	29788.0	LINESTRING(574.630000 296.510000,581.920000 286.430000)
1	119	1322	1315	1	0	0	0	0	20	0	0	0	Right	7.158	29795.1	29815.1	LINESTRING(581.920000 286.430000,568.490000 279.880000)
1	120	1315	1316	1	1	16	16	0	3	13	1	0	Straight	0.0	29815.1	29828.1	LINESTRING(568.490000 279.880000,554.500000 275.050000)
1	121	1316	1862	1	0	0	0	0	39	0	0	0	Straight	0.0	29828.1	29867.1	LINESTRING(554.500000 275.050000,537.520000 271.270000)
1	122	1862	1254	1	0	0	0	0	37	0	0	0	Straight	0.0	29867.1	29904.1	LINESTRING(537.520000 271.270000,520.540000 265.280000)
1	123	1254	1253	1	0	0	0	0	401	0	0	0	Right	7.158	29911.3	30312.3	LINESTRING(520.540000 265.280000,505.290000 293.990000)
1	124	1253	302	1	0	0	0	0	174	0	0	0	Left	14.316	30326.6	30500.6	LINESTRING(505.290000 293.990000,478.650000 294.610000)
1	125	302	378	1	0	0	0	0	74	0	0	0	Straight	0.0	30500.6	30574.6	LINESTRING(478.650000 294.610000,452.570000 295.430000)
1	126	378	587	1	0	0	0	0	91	0	0	0	Straight	0.0	30574.6	30665.6	LINESTRING(452.570000 295.430000,427.620000 301.530000)
1	127	587	586	1	0	0	0	0	117	0	0	0	Straight	0.0	30665.6	30782.6	LINESTRING(427.620000 301.530000,404.060000 311.500000)
1	128	586	957	1	0	0	0	0	11	0	0	0	Straight	0.0	30782.6	30793.6	LINESTRING(404.060000 311.500000,393.420000 311.130000)
1	129	957	1528	1	0	0	0	0	9	0	0	0	Straight	0.0	30793.6	30802.6	LINESTRING(393.420000 311.130000,385.690000 307.890000)
1	130	1528	1004	1	0	0	0	0	24	0	0	0	Straight	0.0	30802.6	30826.6	LINESTRING(385.690000 307.890000,378.590000 301.430000)
1	131	1004	2011	1	0	0	0	0	249	0	0	0	Straight	0.0	30826.6	31075.6	LINESTRING(378.590000 301.430000,372.780000 294.490000)
1	132	2011	923	1	0	0	0	0	100	0	0	0	Straight	0.0	31075.6	31175.6	LINESTRING(372.780000 294.490000,367.720000 288.770000)
1	133	923	922	1	0	0	0	0	20	0	0	0	Straight	0.0	31175.6	31195.6	LINESTRING(367.720000 288.770000,363.400000 284.320000)
1	134	922	2277	1	0	0	0	0	91	0	0	0	Straight	0.0	31195.6	31286.6	LINESTRING(363.400000 284.320000,360.380000 280.330000)
2	0	2277	2277	-1	-1	0	0	0	0	0	0	300		0.0	31286.6	31586.6	LINESTRING(360.380000 280.330000,360.380000 280.330000)
