Problem Type	Solution Method	Vehicle Capacity (Weight)	Vehicle Capacity(Volume)	Disposal Trips	Route Time	Route Time wo Turns	Computational Time(Sec)	Clustering Time(Sec)	VA(NHO)	VA(ATD)	VA(CCI)	VA(DMT)	VA(ROI)	VA(AOI)	Optimal
MCARPTIF-TP	Full MILP	10000	10000	2	31729.5	28717	7201.49	0	0	1303.65	1	19257.5	0.0947711	0.2179	0
Load No	Sequence No	From Node ID	To Node ID	IsEdge	Required	Weight	Volume	Travel Miles	Travel Time	Service Time	Served	Dumped	Turn Type	Turn Cost	Depart Time	Arrival Time	Shape
0	0	1083	2085	1	0	0	0	0	71	0	0	300		0.0	300.0	371.0	LINESTRING(446.000000 251.770000,421.880000 250.660000)
0	1	2085	1825	0	0	0	0	0	21	0	0	0	Straight	0.0	371.0	392.0	LINESTRING(421.880000 250.660000,401.590000 256.480000)
0	2	1825	615	1	0	0	0	0	27	0	0	0	Straight	0.0	392.0	419.0	LINESTRING(401.590000 256.480000,379.090000 271.730000)
0	3	615	1684	0	0	0	0	0	58	0	0	0	Right	5.695	424.695	482.695	LINESTRING(379.090000 271.730000,393.810000 293.840000)
0	4	1684	984	1	0	0	0	0	3	0	0	0	Left	11.389	494.084	497.084	LINESTRING(393.810000 293.840000,381.850000 299.240000)
0	5	984	558	1	0	0	0	0	7	0	0	0	Straight	0.0	497.084	504.084	LINESTRING(381.850000 299.240000,362.770000 297.070000)
0	6	558	554	1	0	0	0	0	10	0	0	0	Straight	0.0	504.084	514.084	LINESTRING(362.770000 297.070000,347.040000 297.520000)
0	7	554	1553	1	0	0	0	0	36	0	0	0	Straight	0.0	514.084	550.084	LINESTRING(347.040000 297.520000,331.400000 298.100000)
0	8	1553	957	1	0	0	0	0	51	0	0	0	Straight	0.0	550.084	601.084	LINESTRING(331.400000 298.100000,316.930000 302.600000)
0	9	957	557	1	0	0	0	0	28	0	0	0	Straight	0.0	601.084	629.084	LINESTRING(316.930000 302.600000,303.930000 309.490000)
0	10	557	1971	1	0	0	0	0	16	0	0	0	Right	5.695	634.779	650.779	LINESTRING(303.930000 309.490000,305.810000 320.420000)
0	11	1971	458	1	0	0	0	0	15	0	0	0	Left	11.389	662.168	677.168	LINESTRING(305.810000 320.420000,292.810000 327.990000)
0	12	458	459	1	0	0	0	0	34	0	0	0	Right	5.695	682.863	716.863	LINESTRING(292.810000 327.990000,290.760000 342.770000)
0	13	459	1678	1	0	0	0	0	11	0	0	0	Right	5.695	722.558	733.558	LINESTRING(290.760000 342.770000,302.470000 357.350000)
0	14	1678	388	1	0	0	0	0	35	0	0	0	Straight	0.0	733.558	768.558	LINESTRING(302.470000 357.350000,321.760000 366.070000)
0	15	388	389	1	0	0	0	0	17	0	0	0	Straight	0.0	768.558	785.558	LINESTRING(321.760000 366.070000,336.770000 371.160000)
0	16	389	1486	1	1	100	100	0	18	118	1	0	Straight	0.0	785.558	903.558	LINESTRING(336.770000 371.160000,340.940000 378.750000)
0	17	1486	349	1	0	0	0	0	28	0	0	0	Left	11.389	914.947	942.947	LINESTRING(340.940000 378.750000,338.680000 384.290000)
0	18	349	1949	1	1	136	136	0	24	154	1	0	Right	5.695	948.642	1102.64	LINESTRING(338.680000 384.290000,343.510000 386.480000)
0	19	1949	797	1	0	0	0	0	23	0	0	0	Right	5.695	1108.34	1131.34	LINESTRING(343.510000 386.480000,347.620000 383.370000)
0	20	797	798	1	1	133	133	0	24	154	1	0	Left	11.389	1142.73	1296.73	LINESTRING(347.620000 383.370000,356.000000 386.130000)
0	21	798	327	1	0	0	0	0	18	0	0	0	Right	5.695	1302.42	1320.42	LINESTRING(356.000000 386.130000,363.410000 378.720000)
0	22	327	328	1	0	0	0	0	18	0	0	0	Left	11.389	1331.81	1349.81	LINESTRING(363.410000 378.720000,373.700000 385.660000)
0	23	328	308	1	1	100	100	0	18	118	1	0	Left	11.389	1361.2	1479.2	LINESTRING(373.700000 385.660000,374.300000 393.810000)
0	24	308	309	1	0	0	0	0	18	0	0	0	Straight	0.0	1479.2	1497.2	LINESTRING(374.300000 393.810000,378.840000 399.410000)
0	25	309	1843	1	1	170	170	0	31	201	1	0	Right	5.695	1502.89	1703.89	LINESTRING(378.840000 399.410000,384.020000 399.450000)
0	26	1843	270	1	0	0	0	0	17	0	0	0	Right	5.695	1709.59	1726.59	LINESTRING(384.020000 399.450000,384.400000 394.110000)
0	27	270	271	1	0	0	0	0	17	0	0	0	U	45.557	1772.15	1789.15	LINESTRING(384.400000 394.110000,381.170000 398.410000)
0	28	271	250	1	1	42	42	0	8	48	1	0	Right	5.695	1794.84	1842.84	LINESTRING(381.170000 398.410000,392.000000 402.100000)
0	29	250	246	1	0	0	0	0	11	0	0	0	Left	11.389	1854.23	1865.23	LINESTRING(392.000000 402.100000,391.810000 413.350000)
0	30	246	247	1	0	0	0	0	46	0	0	0	Right	5.695	1870.92	1916.92	LINESTRING(391.810000 413.350000,413.220000 419.390000)
0	31	247	639	1	0	0	0	0	7	0	0	0	Straight	0.0	1916.92	1923.92	LINESTRING(413.220000 419.390000,434.470000 425.140000)
0	32	639	1936	1	0	0	0	0	6	0	0	0	Straight	0.0	1923.92	1929.92	LINESTRING(434.470000 425.140000,455.410000 442.150000)
0	33	1936	2025	1	0	0	0	0	6	0	0	0	Straight	0.0	1929.92	1935.92	LINESTRING(455.410000 442.150000,471.460000 459.180000)
0	34	2025	1635	1	0	0	0	0	20	0	0	0	Straight	0.0	1935.92	1955.92	LINESTRING(471.460000 459.180000,487.420000 476.420000)
0	35	1635	1320	1	0	0	0	0	4	0	0	0	Straight	0.0	1955.92	1959.92	LINESTRING(487.420000 476.420000,500.310000 492.950000)
0	36	1320	1352	1	0	0	0	0	23	0	0	0	Straight	0.0	1959.92	1982.92	LINESTRING(500.310000 492.950000,513.690000 505.610000)
0	37	1352	1353	1	0	0	0	0	21	0	0	0	Straight	0.0	1982.92	2003.92	LINESTRING(513.690000 505.610000,529.470000 507.540000)
0	38	1353	166	1	1	64	64	0	11	71	1	0	Right	5.695	2009.62	2080.62	LINESTRING(529.470000 507.540000,534.450000 499.430000)
0	39	166	165	1	0	0	0	0	22	0	0	0	Left	11.389	2092.01	2114.01	LINESTRING(534.450000 499.430000,541.450000 505.270000)
0	40	165	1348	1	1	49	49	0	9	49	1	0	Straight	0.0	2114.01	2163.01	LINESTRING(541.450000 505.270000,543.190000 514.310000)
0	41	1348	152	1	0	0	0	0	11	0	0	0	Straight	0.0	2163.01	2174.01	LINESTRING(543.190000 514.310000,557.030000 525.390000)
0	42	152	1764	1	0	0	0	0	18	0	0	0	Straight	0.0	2174.01	2192.01	LINESTRING(557.030000 525.390000,568.580000 542.320000)
0	43	1764	150	1	1	166	166	0	30	190	1	0	Straight	0.0	2192.01	2382.01	LINESTRING(568.580000 542.320000,577.770000 555.730000)
0	44	150	552	1	0	0	0	0	33	0	0	0	Straight	0.0	2382.01	2415.01	LINESTRING(577.770000 555.730000,586.600000 569.530000)
0	45	552	553	1	1	143	143	0	26	166	1	0	Straight	0.0	2415.01	2581.01	LINESTRING(586.600000 569.530000,595.150000 573.810000)
0	46	553	1412	1	1	301	301	0	54	354	1	0	Straight	0.0	2581.01	2935.01	LINESTRING(595.150000 573.810000,599.510000 575.360000)
0	47	1412	1380	1	0	0	0	0	13	0	0	0	Right	5.695	2940.7	2953.7	LINESTRING(599.510000 575.360000,601.920000 573.930000)
0	48	1380	552	1	0	0	0	0	63	0	0	0	Right	5.695	2959.4	3022.4	LINESTRING(601.920000 573.930000,586.600000 569.530000)
0	49	552	1914	1	0	0	0	0	13	0	0	0	Straight	0.0	3022.4	3035.4	LINESTRING(586.600000 569.530000,573.370000 576.210000)
0	50	1914	527	1	0	0	0	0	89	0	0	0	Straight	0.0	3035.4	3124.4	LINESTRING(573.370000 576.210000,554.860000 576.260000)
0	51	527	113	1	0	0	0	0	69	0	0	0	Straight	0.0	3124.4	3193.4	LINESTRING(554.860000 576.260000,535.160000 574.310000)
0	52	113	109	1	0	0	0	0	20	0	0	0	Right	5.695	3199.09	3219.09	LINESTRING(535.160000 574.310000,541.240000 586.320000)
0	53	109	110	1	0	0	0	0	14	0	0	0	Straight	0.0	3219.09	3233.09	LINESTRING(541.240000 586.320000,548.180000 598.560000)
0	54	110	85	1	0	0	0	0	41	0	0	0	Straight	0.0	3233.09	3274.09	LINESTRING(548.180000 598.560000,554.700000 610.190000)
0	55	85	2130	1	1	19	19	0	3	13	1	0	Straight	0.0	3274.09	3287.09	LINESTRING(554.700000 610.190000,558.100000 613.250000)
0	56	2130	85	1	1	19	19	0	3	13	0	0	U	45.557	3332.65	3335.65	LINESTRING(558.100000 613.250000,554.700000 610.190000)
0	57	85	71	1	0	0	0	0	38	0	0	0	U	45.557	3381.21	3419.21	LINESTRING(554.700000 610.190000,560.070000 621.260000)
0	58	71	72	1	1	46	46	0	8	48	1	0	Straight	0.0	3419.21	3467.21	LINESTRING(560.070000 621.260000,572.640000 628.800000)
0	59	72	2192	1	1	165	165	0	30	190	0	0	Straight	0.0	3467.21	3497.21	LINESTRING(572.640000 628.800000,575.410000 633.290000)
0	60	2192	72	1	1	165	165	0	30	190	1	0	U	45.557	3542.76	3732.76	LINESTRING(575.410000 633.290000,572.640000 628.800000)
0	61	72	71	1	1	46	46	0	8	48	0	0	Straight	0.0	3732.76	3740.76	LINESTRING(572.640000 628.800000,560.070000 621.260000)
0	62	71	73	1	0	0	0	0	14	0	0	0	Straight	0.0	3740.76	3754.76	LINESTRING(560.070000 621.260000,549.050000 623.330000)
0	63	73	56	1	0	0	0	0	30	0	0	0	Straight	0.0	3754.76	3784.76	LINESTRING(549.050000 623.330000,536.360000 618.440000)
0	64	56	49	0	0	0	0	0	8	0	0	0	Straight	0.0	3784.76	3792.76	LINESTRING(536.360000 618.440000,529.230000 614.680000)
0	65	49	44	0	0	0	0	0	21	0	0	0	Straight	0.0	3792.76	3813.76	LINESTRING(529.230000 614.680000,521.640000 611.560000)
0	66	44	28	0	0	0	0	0	43	0	0	0	Left	11.389	3825.15	3868.15	LINESTRING(521.640000 611.560000,526.290000 606.500000)
0	67	28	24	1	0	0	0	0	31	0	0	0	Straight	0.0	3868.15	3899.15	LINESTRING(526.290000 606.500000,535.450000 596.490000)
0	68	24	23	1	0	0	0	0	6	0	0	0	Straight	0.0	3899.15	3905.15	LINESTRING(535.450000 596.490000,544.610000 585.630000)
0	69	23	1339	1	1	598	598	0	108	698	1	0	Left	11.389	3916.54	4614.54	LINESTRING(544.610000 585.630000,549.420000 590.850000)
0	70	1339	1340	1	1	132	132	0	24	154	1	0	Straight	0.0	4614.54	4768.54	LINESTRING(549.420000 590.850000,566.220000 607.860000)
0	71	1340	1344	1	1	148	148	0	27	167	1	0	Straight	0.0	4768.54	4935.54	LINESTRING(566.220000 607.860000,577.360000 613.580000)
0	72	1344	1955	1	1	85	85	0	15	95	1	0	Straight	0.0	4935.54	5030.54	LINESTRING(577.360000 613.580000,584.090000 613.820000)
0	73	1955	2006	1	1	194	194	0	35	225	0	0	Straight	0.0	5030.54	5065.54	LINESTRING(584.090000 613.820000,589.800000 613.410000)
0	74	2006	1955	1	1	194	194	0	35	225	1	0	U	45.557	5111.1	5336.1	LINESTRING(589.800000 613.410000,584.090000 613.820000)
0	75	1955	1388	1	1	124	124	0	22	142	1	0	Right	5.695	5341.79	5483.79	LINESTRING(584.090000 613.820000,585.450000 616.920000)
0	76	1388	1491	1	1	57	57	0	10	60	0	0	Straight	0.0	5483.79	5493.79	LINESTRING(585.450000 616.920000,589.300000 620.640000)
0	77	1491	1388	1	1	57	57	0	10	60	1	0	U	45.557	5539.35	5599.35	LINESTRING(589.300000 620.640000,585.450000 616.920000)
0	78	1388	1387	1	1	91	91	0	16	106	0	0	U	45.557	5644.91	5660.91	LINESTRING(585.450000 616.920000,591.590000 618.550000)
0	79	1387	1388	1	1	91	91	0	16	106	1	0	U	45.557	5706.47	5812.47	LINESTRING(591.590000 618.550000,585.450000 616.920000)
0	80	1388	1344	1	1	201	201	0	36	236	1	0	Straight	0.0	5812.47	6048.47	LINESTRING(585.450000 616.920000,577.360000 613.580000)
0	81	1344	1670	1	1	222	222	0	40	260	1	0	Right	5.695	6054.16	6314.16	LINESTRING(577.360000 613.580000,579.820000 619.620000)
0	82	1670	1730	1	1	72	72	0	13	83	1	0	Straight	0.0	6314.16	6397.16	LINESTRING(579.820000 619.620000,583.710000 623.070000)
0	83	1730	1670	1	1	72	72	0	13	83	0	0	U	45.557	6442.72	6455.72	LINESTRING(583.710000 623.070000,579.820000 619.620000)
0	84	1670	1361	1	1	177	177	0	32	202	1	0	Right	5.695	6461.41	6663.41	LINESTRING(579.820000 619.620000,578.380000 623.860000)
0	85	1361	1297	1	1	292	292	0	53	343	0	0	Right	5.695	6669.11	6722.11	LINESTRING(578.380000 623.860000,590.170000 640.310000)
0	86	1297	1316	1	1	80	80	0	14	94	1	0	Straight	0.0	6722.11	6816.11	LINESTRING(590.170000 640.310000,596.510000 649.090000)
0	87	1316	1768	1	1	72	72	0	13	83	0	0	Straight	0.0	6816.11	6829.11	LINESTRING(596.510000 649.090000,597.690000 653.740000)
0	88	1768	1316	1	1	72	72	0	13	83	1	0	U	45.557	6874.66	6957.66	LINESTRING(597.690000 653.740000,596.510000 649.090000)
0	89	1316	1317	1	1	226	226	0	41	261	1	0	U	45.557	7003.22	7264.22	LINESTRING(596.510000 649.090000,602.480000 655.460000)
0	90	1317	1360	1	1	94	94	0	17	107	1	0	Straight	0.0	7264.22	7371.22	LINESTRING(602.480000 655.460000,611.980000 663.060000)
0	91	1360	2043	1	1	151	151	0	27	177	0	0	Straight	0.0	7371.22	7398.22	LINESTRING(611.980000 663.060000,617.010000 664.640000)
0	92	2043	1360	1	1	151	151	0	27	177	1	0	U	45.557	7443.78	7620.78	LINESTRING(617.010000 664.640000,611.980000 663.060000)
0	93	1360	1794	1	1	77	77	0	14	84	1	0	U	45.557	7666.34	7750.34	LINESTRING(611.980000 663.060000,619.310000 670.180000)
0	94	1794	2144	1	1	50	50	0	9	59	0	0	Straight	0.0	7750.34	7759.34	LINESTRING(619.310000 670.180000,624.780000 671.920000)
0	95	2144	1794	1	1	50	50	0	9	59	1	0	U	45.557	7804.89	7863.89	LINESTRING(624.780000 671.920000,619.310000 670.180000)
0	96	1794	1487	1	1	201	201	0	36	236	1	0	Right	5.695	7869.59	8105.59	LINESTRING(619.310000 670.180000,622.070000 676.870000)
0	97	1487	1330	1	1	115	115	0	21	131	1	0	Straight	0.0	8105.59	8236.59	LINESTRING(622.070000 676.870000,630.690000 685.710000)
0	98	1330	1319	1	1	93	93	0	17	107	1	0	Straight	0.0	8236.59	8343.59	LINESTRING(630.690000 685.710000,636.250000 692.760000)
0	99	1319	2137	1	1	158	158	0	28	178	1	0	Straight	0.0	8343.59	8521.59	LINESTRING(636.250000 692.760000,638.720000 698.170000)
0	100	2137	1319	1	1	158	158	0	28	178	0	0	U	45.557	8567.14	8595.14	LINESTRING(638.720000 698.170000,636.250000 692.760000)
0	101	1319	1318	1	1	69	69	0	12	72	0	0	U	45.557	8640.7	8652.7	LINESTRING(636.250000 692.760000,640.350000 694.350000)
0	102	1318	1319	1	1	69	69	0	12	72	1	0	U	45.557	8698.26	8770.26	LINESTRING(640.350000 694.350000,636.250000 692.760000)
0	103	1319	1330	1	1	93	93	0	17	107	0	0	Straight	0.0	8770.26	8787.26	LINESTRING(636.250000 692.760000,630.690000 685.710000)
0	104	1330	1942	1	1	42	42	0	8	48	0	0	U	45.557	8832.82	8840.82	LINESTRING(630.690000 685.710000,635.910000 686.860000)
0	105	1942	1330	1	1	42	42	0	8	48	1	0	U	45.557	8886.37	8934.37	LINESTRING(635.910000 686.860000,630.690000 685.710000)
0	106	1330	1329	1	1	141	141	0	25	165	0	0	Right	5.695	8940.07	8965.07	LINESTRING(630.690000 685.710000,632.860000 690.480000)
0	107	1329	1330	1	1	141	141	0	25	165	1	0	U	45.557	9010.62	9175.62	LINESTRING(632.860000 690.480000,630.690000 685.710000)
0	108	1330	1487	1	1	115	115	0	21	131	0	0	Straight	0.0	9175.62	9196.62	LINESTRING(630.690000 685.710000,622.070000 676.870000)
0	109	1487	1488	1	1	85	85	0	15	95	0	0	U	45.557	9242.18	9257.18	LINESTRING(622.070000 676.870000,626.610000 679.840000)
0	110	1488	1487	1	1	85	85	0	15	95	1	0	U	45.557	9302.74	9397.74	LINESTRING(626.610000 679.840000,622.070000 676.870000)
0	111	1487	1328	1	1	93	93	0	17	107	1	0	Straight	0.0	9397.74	9504.74	LINESTRING(622.070000 676.870000,612.000000 669.570000)
0	112	1328	1359	1	1	92	92	0	17	107	0	0	U	45.557	9550.3	9567.3	LINESTRING(612.000000 669.570000,614.380000 680.120000)
0	113	1359	1314	1	1	243	243	0	44	284	1	0	Straight	0.0	9567.3	9851.3	LINESTRING(614.380000 680.120000,617.540000 686.540000)
0	114	1314	1358	1	1	49	49	0	9	49	0	0	Straight	0.0	9851.3	9860.3	LINESTRING(617.540000 686.540000,620.510000 691.710000)
0	115	1358	1314	1	1	49	49	0	9	49	1	0	U	45.557	9905.85	9954.85	LINESTRING(620.510000 691.710000,617.540000 686.540000)
0	116	1314	1315	1	1	104	104	0	19	119	1	0	Right	5.695	9960.55	10079.5	LINESTRING(617.540000 686.540000,614.390000 687.130000)
0	117	1315	1454	1	1	61	61	0	11	71	0	0	Right	5.695	10085.2	10096.2	LINESTRING(614.390000 687.130000,614.680000 692.910000)
0	118	1454	1315	1	1	61	61	0	11	71	1	0	U	45.557	10141.8	10212.8	LINESTRING(614.680000 692.910000,614.390000 687.130000)
0	119	1315	1359	1	1	290	290	0	52	342	1	0	Straight	0.0	10212.8	10554.8	LINESTRING(614.390000 687.130000,614.380000 680.120000)
0	120	1359	1328	1	1	92	92	0	17	107	1	0	Straight	0.0	10554.8	10661.8	LINESTRING(614.380000 680.120000,612.000000 669.570000)
0	121	1328	1661	1	1	165	165	0	30	190	1	0	U	45.557	10707.4	10897.4	LINESTRING(612.000000 669.570000,613.730000 674.050000)
0	122	1661	1328	1	1	165	165	0	30	190	0	0	U	45.557	10942.9	10972.9	LINESTRING(613.730000 674.050000,612.000000 669.570000)
0	123	1328	1317	1	1	212	212	0	38	248	1	0	Straight	0.0	10972.9	11220.9	LINESTRING(612.000000 669.570000,602.480000 655.460000)
0	124	1317	1297	1	1	209	209	0	38	238	1	0	Straight	0.0	11220.9	11458.9	LINESTRING(602.480000 655.460000,590.170000 640.310000)
0	125	1297	1298	1	1	62	62	0	11	71	0	0	U	45.557	11504.5	11515.5	LINESTRING(590.170000 640.310000,592.490000 645.000000)
0	126	1298	1297	1	1	62	62	0	11	71	1	0	U	45.557	11561.0	11632.0	LINESTRING(592.490000 645.000000,590.170000 640.310000)
0	127	1297	1361	1	1	292	292	0	53	343	1	0	Straight	0.0	11632.0	11975.0	LINESTRING(590.170000 640.310000,578.380000 623.860000)
0	128	1361	1340	1	1	97	97	0	18	108	1	0	Straight	0.0	11975.0	12083.0	LINESTRING(578.380000 623.860000,566.220000 607.860000)
0	129	1340	1339	1	1	132	132	0	24	154	0	0	Straight	0.0	12083.0	12107.0	LINESTRING(566.220000 607.860000,549.420000 590.850000)
0	130	1339	1332	1	1	513	513	0	92	602	1	0	Straight	0.0	12107.0	12709.0	LINESTRING(549.420000 590.850000,533.210000 575.900000)
0	131	1332	1339	1	1	513	513	0	92	602	0	0	U	45.557	12754.6	12846.6	LINESTRING(533.210000 575.900000,549.420000 590.850000)
0	132	1339	1889	1	1	271	271	0	49	319	0	0	Straight	0.0	12846.6	12895.6	LINESTRING(549.420000 590.850000,553.440000 593.790000)
0	133	1889	1339	1	1	271	271	0	49	319	1	0	U	45.557	12941.1	13260.1	LINESTRING(553.440000 593.790000,549.420000 590.850000)
0	134	1339	23	1	1	598	598	0	108	698	0	0	Straight	0.0	13260.1	13368.1	LINESTRING(549.420000 590.850000,544.610000 585.630000)
0	135	23	24	1	0	0	0	0	6	0	0	0	Right	5.695	13373.8	13379.8	LINESTRING(544.610000 585.630000,535.450000 596.490000)
0	136	24	28	1	0	0	0	0	31	0	0	0	Straight	0.0	13379.8	13410.8	LINESTRING(535.450000 596.490000,526.290000 606.500000)
0	137	28	42	0	0	0	0	0	44	0	0	0	Straight	0.0	13410.8	13454.8	LINESTRING(526.290000 606.500000,518.390000 615.580000)
0	138	42	47	0	0	0	0	0	1	0	0	0	Straight	0.0	13454.8	13455.8	LINESTRING(518.390000 615.580000,510.210000 617.380000)
0	139	47	48	0	1	22	22	0	4	24	1	0	Left	11.389	13467.2	13491.2	LINESTRING(510.210000 617.380000,513.050000 610.990000)
0	140	48	55	0	1	116	116	0	21	131	1	0	Left	11.389	13502.6	13633.6	LINESTRING(513.050000 610.990000,525.190000 614.810000)
0	141	55	56	0	1	39	39	0	7	37	1	0	Straight	0.0	13633.6	13670.6	LINESTRING(525.190000 614.810000,536.360000 618.440000)
0	142	56	73	1	0	0	0	0	30	0	0	0	Straight	0.0	13670.6	13700.6	LINESTRING(536.360000 618.440000,549.050000 623.330000)
0	143	73	71	1	0	0	0	0	14	0	0	0	Straight	0.0	13700.6	13714.6	LINESTRING(549.050000 623.330000,560.070000 621.260000)
0	144	71	72	1	1	46	46	0	8	48	0	0	Straight	0.0	13714.6	13722.6	LINESTRING(560.070000 621.260000,572.640000 628.800000)
0	145	72	1468	1	1	95	95	0	17	107	0	0	Straight	0.0	13722.6	13739.6	LINESTRING(572.640000 628.800000,584.840000 634.280000)
0	146	1468	1469	1	1	88	88	0	16	96	1	0	Straight	0.0	13739.6	13835.6	LINESTRING(584.840000 634.280000,595.990000 638.690000)
0	147	1469	2121	1	1	68	68	0	12	72	0	0	Straight	0.0	13835.6	13847.6	LINESTRING(595.990000 638.690000,600.710000 640.720000)
0	148	2121	1469	1	1	68	68	0	12	72	1	0	U	45.557	13893.2	13965.2	LINESTRING(600.710000 640.720000,595.990000 638.690000)
0	149	1469	489	1	1	416	416	0	75	485	0	0	U	45.557	14010.7	14085.7	LINESTRING(595.990000 638.690000,604.930000 642.670000)
0	150	489	1475	1	1	81	81	0	15	95	0	0	Straight	0.0	14085.7	14100.7	LINESTRING(604.930000 642.670000,610.780000 643.300000)
0	151	1475	489	1	1	81	81	0	15	95	1	0	U	45.557	14146.3	14241.3	LINESTRING(610.780000 643.300000,604.930000 642.670000)
0	152	489	490	1	1	94	94	0	17	107	1	0	U	45.557	14286.8	14393.8	LINESTRING(604.930000 642.670000,609.490000 646.700000)
0	153	490	489	1	1	94	94	0	17	107	0	0	U	45.557	14439.4	14456.4	LINESTRING(609.490000 646.700000,604.930000 642.670000)
0	154	489	1469	1	1	416	416	0	75	485	1	0	Straight	0.0	14456.4	14941.4	LINESTRING(604.930000 642.670000,595.990000 638.690000)
0	155	1469	1468	1	1	88	88	0	16	96	0	0	Straight	0.0	14941.4	14957.4	LINESTRING(595.990000 638.690000,584.840000 634.280000)
0	156	1468	2172	1	1	102	102	0	18	118	1	0	U	45.557	15003.0	15121.0	LINESTRING(584.840000 634.280000,589.080000 635.560000)
0	157	2172	1468	1	1	102	102	0	18	118	0	0	U	45.557	15166.5	15184.5	LINESTRING(589.080000 635.560000,584.840000 634.280000)
0	158	1468	72	1	1	95	95	0	17	107	1	0	Straight	0.0	15184.5	15291.5	LINESTRING(584.840000 634.280000,572.640000 628.800000)
0	159	72	71	1	1	46	46	0	8	48	0	0	Straight	0.0	15291.5	15299.5	LINESTRING(572.640000 628.800000,560.070000 621.260000)
0	160	71	85	1	0	0	0	0	38	0	0	0	Straight	0.0	15299.5	15337.5	LINESTRING(560.070000 621.260000,554.700000 610.190000)
0	161	85	110	1	0	0	0	0	41	0	0	0	Straight	0.0	15337.5	15378.5	LINESTRING(554.700000 610.190000,548.180000 598.560000)
0	162	110	109	1	0	0	0	0	14	0	0	0	Straight	0.0	15378.5	15392.5	LINESTRING(548.180000 598.560000,541.240000 586.320000)
0	163	109	113	1	0	0	0	0	20	0	0	0	Straight	0.0	15392.5	15412.5	LINESTRING(541.240000 586.320000,535.160000 574.310000)
0	164	113	1341	1	0	0	0	0	13	0	0	0	Straight	0.0	15412.5	15425.5	LINESTRING(535.160000 574.310000,513.870000 566.310000)
0	165	1341	1325	1	0	0	0	0	37	0	0	0	Left	11.389	15436.9	15473.9	LINESTRING(513.870000 566.310000,512.600000 545.320000)
0	166	1325	1324	1	0	0	0	0	121	0	0	0	Straight	0.0	15473.9	15594.9	LINESTRING(512.600000 545.320000,511.560000 524.030000)
0	167	1324	1352	1	0	0	0	0	52	0	0	0	Straight	0.0	15594.9	15646.9	LINESTRING(511.560000 524.030000,513.690000 505.610000)
0	168	1352	1320	1	0	0	0	0	23	0	0	0	Right	5.695	15652.6	15675.6	LINESTRING(513.690000 505.610000,500.310000 492.950000)
0	169	1320	1635	1	0	0	0	0	4	0	0	0	Straight	0.0	15675.6	15679.6	LINESTRING(500.310000 492.950000,487.420000 476.420000)
0	170	1635	2025	1	0	0	0	0	20	0	0	0	Straight	0.0	15679.6	15699.6	LINESTRING(487.420000 476.420000,471.460000 459.180000)
0	171	2025	1936	1	0	0	0	0	6	0	0	0	Straight	0.0	15699.6	15705.6	LINESTRING(471.460000 459.180000,455.410000 442.150000)
0	172	1936	639	1	0	0	0	0	6	0	0	0	Straight	0.0	15705.6	15711.6	LINESTRING(455.410000 442.150000,434.470000 425.140000)
0	173	639	247	1	0	0	0	0	7	0	0	0	Straight	0.0	15711.6	15718.6	LINESTRING(434.470000 425.140000,413.220000 419.390000)
0	174	247	246	1	0	0	0	0	46	0	0	0	Straight	0.0	15718.6	15764.6	LINESTRING(413.220000 419.390000,391.810000 413.350000)
0	175	246	250	1	0	0	0	0	11	0	0	0	Left	11.389	15776.0	15787.0	LINESTRING(391.810000 413.350000,392.000000 402.100000)
0	176	250	271	1	1	42	42	0	8	48	0	0	Right	5.695	15792.7	15800.7	LINESTRING(392.000000 402.100000,381.170000 398.410000)
0	177	271	270	1	0	0	0	0	17	0	0	0	Left	11.389	15812.1	15829.1	LINESTRING(381.170000 398.410000,384.400000 394.110000)
0	178	270	288	1	0	0	0	0	27	0	0	0	Straight	0.0	15829.1	15856.1	LINESTRING(384.400000 394.110000,384.510000 386.940000)
0	179	288	287	1	0	0	0	0	26	0	0	0	Straight	0.0	15856.1	15882.1	LINESTRING(384.510000 386.940000,382.640000 381.690000)
0	180	287	762	1	0	0	0	0	29	0	0	0	Straight	0.0	15882.1	15911.1	LINESTRING(382.640000 381.690000,378.820000 376.880000)
0	181	762	776	1	0	0	0	0	17	0	0	0	Straight	0.0	15911.1	15928.1	LINESTRING(378.820000 376.880000,373.260000 372.410000)
0	182	776	1462	1	0	0	0	0	35	0	0	0	Left	11.389	15939.5	15974.5	LINESTRING(373.260000 372.410000,379.750000 363.080000)
0	183	1462	1423	1	0	0	0	0	18	0	0	0	Right	5.695	15980.2	15998.2	LINESTRING(379.750000 363.080000,373.380000 355.710000)
0	184	1423	1425	1	0	0	0	0	26	0	0	0	Straight	0.0	15998.2	16024.2	LINESTRING(373.380000 355.710000,373.460000 345.370000)
0	185	1425	351	1	1	96	96	0	17	107	1	0	Left	11.389	16035.5	16142.5	LINESTRING(373.460000 345.370000,386.070000 342.090000)
0	186	351	824	1	0	0	0	0	17	0	0	0	Straight	0.0	16142.5	16159.5	LINESTRING(386.070000 342.090000,393.530000 335.800000)
0	187	824	833	1	0	0	0	0	36	0	0	0	Straight	0.0	16159.5	16195.5	LINESTRING(393.530000 335.800000,398.590000 331.530000)
0	188	833	1998	1	0	0	0	0	26	0	0	0	Right	5.695	16201.2	16227.2	LINESTRING(398.590000 331.530000,397.590000 322.510000)
0	189	1998	983	1	0	0	0	0	14	0	0	0	Left	11.389	16238.6	16252.6	LINESTRING(397.590000 322.510000,404.910000 318.790000)
0	190	983	984	0	0	0	0	0	151	0	0	0	Right	5.695	16258.3	16409.3	LINESTRING(404.910000 318.790000,381.850000 299.240000)
0	191	984	616	0	0	0	0	0	57	0	0	0	Straight	0.0	16409.3	16466.3	LINESTRING(381.850000 299.240000,363.030000 281.580000)
0	192	616	615	1	0	0	0	0	3	0	0	0	Left	11.389	16477.7	16480.7	LINESTRING(363.030000 281.580000,379.090000 271.730000)
0	193	615	1825	1	0	0	0	0	27	0	0	0	Straight	0.0	16480.7	16507.7	LINESTRING(379.090000 271.730000,401.590000 256.480000)
0	194	1825	690	1	1	67	67	0	12	72	1	0	Straight	0.0	16507.7	16579.7	LINESTRING(401.590000 256.480000,411.190000 240.760000)
0	195	690	2085	1	0	0	0	0	15	0	0	0	Left	11.389	16591.1	16606.1	LINESTRING(411.190000 240.760000,421.880000 250.660000)
0	196	2085	1083	1	0	0	0	0	71	0	0	0	Straight	0.0	16606.1	16677.1	LINESTRING(421.880000 250.660000,446.000000 251.770000)
1	0	1083	2085	1	0	0	0	0	71	0	0	300		0.0	16977.1	17048.1	LINESTRING(446.000000 251.770000,421.880000 250.660000)
1	1	2085	1825	0	0	0	0	0	21	0	0	0	Straight	0.0	17048.1	17069.1	LINESTRING(421.880000 250.660000,401.590000 256.480000)
1	2	1825	615	1	0	0	0	0	27	0	0	0	Straight	0.0	17069.1	17096.1	LINESTRING(401.590000 256.480000,379.090000 271.730000)
1	3	615	1684	0	0	0	0	0	58	0	0	0	Right	5.695	17101.8	17159.8	LINESTRING(379.090000 271.730000,393.810000 293.840000)
1	4	1684	1721	0	0	0	0	0	152	0	0	0	Straight	0.0	17159.8	17311.8	LINESTRING(393.810000 293.840000,413.370000 313.350000)
1	5	1721	1587	0	0	0	0	0	121	0	0	0	Straight	0.0	17311.8	17432.8	LINESTRING(413.370000 313.350000,435.110000 331.040000)
1	6	1587	281	0	0	0	0	0	54	0	0	0	Straight	0.0	17432.8	17486.8	LINESTRING(435.110000 331.040000,459.710000 345.200000)
1	7	281	707	0	0	0	0	0	8	0	0	0	Straight	0.0	17486.8	17494.8	LINESTRING(459.710000 345.200000,472.620000 354.790000)
1	8	707	703	0	0	0	0	0	5	0	0	0	Straight	0.0	17494.8	17499.8	LINESTRING(472.620000 354.790000,485.130000 364.600000)
1	9	703	698	0	0	0	0	0	5	0	0	0	Straight	0.0	17499.8	17504.8	LINESTRING(485.130000 364.600000,504.740000 377.850000)
1	10	698	1946	0	0	0	0	0	6	0	0	0	Straight	0.0	17504.8	17510.8	LINESTRING(504.740000 377.850000,513.150000 392.610000)
1	11	1946	1607	0	0	0	0	0	13	0	0	0	Straight	0.0	17510.8	17523.8	LINESTRING(513.150000 392.610000,521.020000 407.560000)
1	12	1607	1326	0	0	0	0	0	24	0	0	0	Straight	0.0	17523.8	17547.8	LINESTRING(521.020000 407.560000,530.550000 425.070000)
1	13	1326	1327	1	0	0	0	0	47	0	0	0	Straight	0.0	17547.8	17594.8	LINESTRING(530.550000 425.070000,550.440000 438.360000)
1	14	1327	1304	1	0	0	0	0	303	0	0	0	Straight	0.0	17594.8	17897.8	LINESTRING(550.440000 438.360000,575.380000 435.590000)
1	15	1304	125	1	0	0	0	0	159	0	0	0	Straight	0.0	17897.8	18056.8	LINESTRING(575.380000 435.590000,602.540000 424.210000)
1	16	125	127	1	0	0	0	0	4	0	0	0	Straight	0.0	18056.8	18060.8	LINESTRING(602.540000 424.210000,621.170000 409.050000)
1	17	127	122	0	0	0	0	0	9	0	0	0	Left	11.389	18072.2	18081.2	LINESTRING(621.170000 409.050000,627.730000 421.260000)
1	18	122	521	0	0	0	0	0	16	0	0	0	Straight	0.0	18081.2	18097.2	LINESTRING(627.730000 421.260000,638.170000 430.920000)
1	19	521	523	1	0	0	0	0	31	0	0	0	Straight	0.0	18097.2	18128.2	LINESTRING(638.170000 430.920000,657.350000 441.040000)
1	20	523	1912	1	1	305	305	0	55	355	0	0	Straight	0.0	18128.2	18183.2	LINESTRING(657.350000 441.040000,672.000000 450.930000)
1	21	1912	1839	1	1	351	351	0	63	413	1	0	Right	5.695	18188.9	18601.9	LINESTRING(672.000000 450.930000,674.040000 448.330000)
1	22	1839	1733	1	1	624	624	0	112	732	1	0	Right	5.695	18607.6	19339.6	LINESTRING(674.040000 448.330000,668.600000 444.770000)
1	23	1733	1839	1	1	624	624	0	112	732	0	0	U	45.557	19385.1	19497.1	LINESTRING(668.600000 444.770000,674.040000 448.330000)
1	24	1839	104	1	1	325	325	0	58	378	1	0	Straight	0.0	19497.1	19875.1	LINESTRING(674.040000 448.330000,679.650000 451.220000)
1	25	104	103	1	1	427	427	0	77	497	1	0	Straight	0.0	19875.1	20372.1	LINESTRING(679.650000 451.220000,685.470000 454.970000)
1	26	103	1712	1	1	845	845	0	152	992	1	0	Left	11.389	20383.5	21375.5	LINESTRING(685.470000 454.970000,686.460000 460.320000)
1	27	1712	1772	1	1	379	379	0	68	438	1	0	Straight	0.0	21375.5	21813.5	LINESTRING(686.460000 460.320000,700.660000 470.280000)
1	28	1772	369	1	1	217	217	0	39	249	1	0	Straight	0.0	21813.5	22062.5	LINESTRING(700.660000 470.280000,712.160000 476.460000)
1	29	369	36	1	1	122	122	0	22	142	1	0	Straight	0.0	22062.5	22204.5	LINESTRING(712.160000 476.460000,720.920000 482.280000)
1	30	36	302	1	1	115	115	0	21	131	1	0	Straight	0.0	22204.5	22335.5	LINESTRING(720.920000 482.280000,725.600000 487.820000)
1	31	302	297	1	1	90	90	0	16	106	1	0	Straight	0.0	22335.5	22441.5	LINESTRING(725.600000 487.820000,728.010000 488.740000)
1	32	297	1894	1	1	141	141	0	25	165	1	0	Straight	0.0	22441.5	22606.5	LINESTRING(728.010000 488.740000,734.000000 487.220000)
1	33	1894	297	1	1	141	141	0	25	165	0	0	U	45.557	22652.1	22677.1	LINESTRING(734.000000 487.220000,728.010000 488.740000)
1	34	297	302	1	1	90	90	0	16	106	0	0	Straight	0.0	22677.1	22693.1	LINESTRING(728.010000 488.740000,725.600000 487.820000)
1	35	302	27	1	1	216	216	0	39	249	1	0	U	45.557	22738.6	22987.6	LINESTRING(725.600000 487.820000,731.030000 492.760000)
1	36	27	26	1	1	166	166	0	30	190	0	0	Right	5.695	22993.3	23023.3	LINESTRING(731.030000 492.760000,735.140000 490.320000)
1	37	26	292	1	1	73	73	0	13	83	1	0	Left	11.389	23034.7	23117.7	LINESTRING(735.140000 490.320000,742.110000 494.140000)
1	38	292	2061	1	1	47	47	0	8	48	0	0	Straight	0.0	23117.7	23125.7	LINESTRING(742.110000 494.140000,748.140000 495.910000)
1	39	2061	292	1	1	47	47	0	8	48	1	0	U	45.557	23171.3	23219.3	LINESTRING(748.140000 495.910000,742.110000 494.140000)
1	40	292	9	1	1	333	333	0	60	390	1	0	Right	5.695	23225.0	23615.0	LINESTRING(742.110000 494.140000,738.890000 497.560000)
1	41	9	8	1	1	66	66	0	12	72	0	0	Right	5.695	23620.7	23632.7	LINESTRING(738.890000 497.560000,740.430000 501.580000)
1	42	8	9	1	1	66	66	0	12	72	1	0	U	45.557	23678.2	23750.2	LINESTRING(740.430000 501.580000,738.890000 497.560000)
1	43	9	228	1	1	232	232	0	42	272	1	0	Right	5.695	23755.9	24027.9	LINESTRING(738.890000 497.560000,731.980000 495.550000)
1	44	228	286	1	1	174	174	0	31	201	1	0	Right	5.695	24033.6	24234.6	LINESTRING(731.980000 495.550000,733.120000 499.110000)
1	45	286	1698	1	1	93	93	0	17	107	1	0	Straight	0.0	24234.6	24341.6	LINESTRING(733.120000 499.110000,736.340000 504.540000)
1	46	1698	286	1	1	93	93	0	17	107	0	0	U	45.557	24387.2	24404.2	LINESTRING(736.340000 504.540000,733.120000 499.110000)
1	47	286	228	1	1	174	174	0	31	201	0	0	Straight	0.0	24404.2	24435.2	LINESTRING(733.120000 499.110000,731.980000 495.550000)
1	48	228	12	1	1	92	92	0	17	107	1	0	Straight	0.0	24435.2	24542.2	LINESTRING(731.980000 495.550000,723.690000 490.990000)
1	49	12	11	1	1	94	94	0	17	107	1	0	Right	5.695	24547.9	24654.9	LINESTRING(723.690000 490.990000,724.430000 494.210000)
1	50	11	12	1	1	94	94	0	17	107	0	0	U	45.557	24700.4	24717.4	LINESTRING(724.430000 494.210000,723.690000 490.990000)
1	51	12	1873	1	1	775	775	0	139	909	1	0	Straight	0.0	24717.4	25626.4	LINESTRING(723.690000 490.990000,716.420000 484.160000)
1	52	1873	368	1	1	107	107	0	19	119	1	0	Left	11.389	25637.8	25756.8	LINESTRING(716.420000 484.160000,718.680000 479.850000)
1	53	368	369	1	1	132	132	0	24	154	1	0	Right	5.695	25762.5	25916.5	LINESTRING(718.680000 479.850000,712.160000 476.460000)
1	54	369	36	1	1	122	122	0	22	142	0	0	U	45.557	25962.1	25984.1	LINESTRING(712.160000 476.460000,720.920000 482.280000)
1	55	36	37	1	1	149	149	0	27	167	1	0	Straight	0.0	25984.1	26151.1	LINESTRING(720.920000 482.280000,728.390000 484.690000)
1	56	37	1507	1	1	78	78	0	14	84	0	0	Right	5.695	26156.8	26170.8	LINESTRING(728.390000 484.690000,732.950000 482.050000)
1	57	1507	37	1	1	78	78	0	14	84	1	0	U	45.557	26216.3	26300.3	LINESTRING(732.950000 482.050000,728.390000 484.690000)
1	58	37	26	1	1	105	105	0	19	119	1	0	Right	5.695	26306.0	26425.0	LINESTRING(728.390000 484.690000,735.140000 490.320000)
1	59	26	27	1	1	166	166	0	30	190	1	0	Left	11.389	26436.4	26626.4	LINESTRING(735.140000 490.320000,731.030000 492.760000)
1	60	27	286	1	1	277	277	0	50	320	1	0	Right	5.695	26632.1	26952.1	LINESTRING(731.030000 492.760000,733.120000 499.110000)
1	61	286	17	1	1	119	119	0	21	131	1	0	Left	11.389	26963.5	27094.5	LINESTRING(733.120000 499.110000,728.560000 496.960000)
1	62	17	18	1	1	40	40	0	7	47	0	0	Right	5.695	27100.2	27107.2	LINESTRING(728.560000 496.960000,727.630000 502.480000)
1	63	18	17	1	1	40	40	0	7	47	1	0	U	45.557	27152.7	27199.7	LINESTRING(727.630000 502.480000,728.560000 496.960000)
1	64	17	297	1	1	127	127	0	23	143	1	0	Straight	0.0	27199.7	27342.7	LINESTRING(728.560000 496.960000,728.010000 488.740000)
1	65	297	303	1	1	94	94	0	17	107	1	0	Straight	0.0	27342.7	27449.7	LINESTRING(728.010000 488.740000,725.580000 482.000000)
1	66	303	304	1	1	205	205	0	37	237	0	0	Left	11.389	27461.1	27498.1	LINESTRING(725.580000 482.000000,729.940000 478.590000)
1	67	304	303	1	1	205	205	0	37	237	1	0	U	45.557	27543.7	27780.7	LINESTRING(729.940000 478.590000,725.580000 482.000000)
1	68	303	368	1	1	159	159	0	29	179	1	0	Left	11.389	27792.1	27971.1	LINESTRING(725.580000 482.000000,718.680000 479.850000)
1	69	368	1873	1	1	107	107	0	19	119	0	0	Right	5.695	27976.8	27995.8	LINESTRING(718.680000 479.850000,716.420000 484.160000)
1	70	1873	1773	1	1	318	318	0	57	367	1	0	Left	11.389	28007.2	28374.2	LINESTRING(716.420000 484.160000,708.290000 478.040000)
1	71	1773	2090	1	1	318	318	0	57	367	1	0	Right	5.695	28379.8	28746.8	LINESTRING(708.290000 478.040000,708.790000 482.380000)
1	72	2090	1773	1	1	318	318	0	57	367	0	0	U	45.557	28792.4	28849.4	LINESTRING(708.790000 482.380000,708.290000 478.040000)
1	73	1773	1772	1	1	404	404	0	73	473	1	0	Straight	0.0	28849.4	29322.4	LINESTRING(708.290000 478.040000,700.660000 470.280000)
1	74	1772	1712	1	1	379	379	0	68	438	0	0	Straight	0.0	29322.4	29390.4	LINESTRING(700.660000 470.280000,686.460000 460.320000)
1	75	1712	1912	1	1	228	228	0	41	261	1	0	Straight	0.0	29390.4	29651.4	LINESTRING(686.460000 460.320000,672.000000 450.930000)
1	76	1912	523	1	1	305	305	0	55	355	1	0	Straight	0.0	29651.4	30006.4	LINESTRING(672.000000 450.930000,657.350000 441.040000)
1	77	523	2007	1	1	202	202	0	36	236	1	0	U	45.557	30052.0	30288.0	LINESTRING(657.350000 441.040000,661.550000 440.850000)
1	78	2007	523	1	1	202	202	0	36	236	0	0	U	45.557	30333.5	30369.5	LINESTRING(661.550000 440.850000,657.350000 441.040000)
1	79	523	521	1	0	0	0	0	31	0	0	0	Straight	0.0	30369.5	30400.5	LINESTRING(657.350000 441.040000,638.170000 430.920000)
1	80	521	123	0	1	85	85	0	15	95	1	0	Straight	0.0	30400.5	30495.5	LINESTRING(638.170000 430.920000,621.260000 426.240000)
1	81	123	125	0	1	54	54	0	10	60	1	0	Straight	0.0	30495.5	30555.5	LINESTRING(621.260000 426.240000,602.540000 424.210000)
1	82	125	127	1	0	0	0	0	4	0	0	0	Left	11.389	30566.9	30570.9	LINESTRING(602.540000 424.210000,621.170000 409.050000)
1	83	127	122	0	0	0	0	0	9	0	0	0	Left	11.389	30582.3	30591.3	LINESTRING(621.170000 409.050000,627.730000 421.260000)
1	84	122	123	1	1	18	18	0	3	13	1	0	Left	11.389	30602.7	30615.7	LINESTRING(627.730000 421.260000,621.260000 426.240000)
1	85	123	125	0	1	54	54	0	10	60	0	0	Straight	0.0	30615.7	30625.7	LINESTRING(621.260000 426.240000,602.540000 424.210000)
1	86	125	1304	1	0	0	0	0	159	0	0	0	Straight	0.0	30625.7	30784.7	LINESTRING(602.540000 424.210000,575.380000 435.590000)
1	87	1304	1327	1	0	0	0	0	303	0	0	0	Straight	0.0	30784.7	31087.7	LINESTRING(575.380000 435.590000,550.440000 438.360000)
1	88	1327	1326	1	0	0	0	0	47	0	0	0	Straight	0.0	31087.7	31134.7	LINESTRING(550.440000 438.360000,530.550000 425.070000)
1	89	1326	668	0	0	0	0	0	25	0	0	0	Straight	0.0	31134.7	31159.7	LINESTRING(530.550000 425.070000,507.190000 416.860000)
1	90	668	1523	0	0	0	0	0	12	0	0	0	Straight	0.0	31159.7	31171.7	LINESTRING(507.190000 416.860000,497.610000 406.340000)
1	91	1523	251	0	0	0	0	0	5	0	0	0	Straight	0.0	31171.7	31176.7	LINESTRING(497.610000 406.340000,487.860000 396.120000)
1	92	251	261	0	0	0	0	0	5	0	0	0	Straight	0.0	31176.7	31181.7	LINESTRING(487.860000 396.120000,470.500000 382.250000)
1	93	261	262	0	0	0	0	0	5	0	0	0	Straight	0.0	31181.7	31186.7	LINESTRING(470.500000 382.250000,458.440000 372.130000)
1	94	262	272	0	0	0	0	0	8	0	0	0	Straight	0.0	31186.7	31194.7	LINESTRING(458.440000 372.130000,446.100000 362.390000)
1	95	272	306	0	0	0	0	0	54	0	0	0	Straight	0.0	31194.7	31248.7	LINESTRING(446.100000 362.390000,426.660000 339.530000)
1	96	306	983	0	0	0	0	0	122	0	0	0	Straight	0.0	31248.7	31370.7	LINESTRING(426.660000 339.530000,404.910000 318.790000)
1	97	983	984	0	0	0	0	0	151	0	0	0	Straight	0.0	31370.7	31521.7	LINESTRING(404.910000 318.790000,381.850000 299.240000)
1	98	984	616	0	0	0	0	0	57	0	0	0	Straight	0.0	31521.7	31578.7	LINESTRING(381.850000 299.240000,363.030000 281.580000)
1	99	616	615	1	0	0	0	0	3	0	0	0	Left	11.389	31590.1	31593.1	LINESTRING(363.030000 281.580000,379.090000 271.730000)
1	100	615	1825	1	0	0	0	0	27	0	0	0	Straight	0.0	31593.1	31620.1	LINESTRING(379.090000 271.730000,401.590000 256.480000)
1	101	1825	690	1	1	67	67	0	12	72	0	0	Straight	0.0	31620.1	31632.1	LINESTRING(401.590000 256.480000,411.190000 240.760000)
1	102	690	2085	1	0	0	0	0	15	0	0	0	Left	11.389	31643.5	31658.5	LINESTRING(411.190000 240.760000,421.880000 250.660000)
1	103	2085	1083	1	0	0	0	0	71	0	0	0	Straight	0.0	31658.5	31729.5	LINESTRING(421.880000 250.660000,446.000000 251.770000)
2	0	1083	1083	-1	-1	0	0	0	0	0	0	300		0.0	31729.5	32029.5	LINESTRING(446.000000 251.770000,446.000000 251.770000)
