Problem Type	Solution Method	Vehicle Capacity (Weight)	Vehicle Capacity(Volume)	Disposal Trips	Route Time	Route Time wo Turns	Computational Time(Sec)	Clustering Time(Sec)	VA(NHO)	VA(ATD)	VA(CCI)	VA(DMT)	VA(ROI)	VA(AOI)	Optimal
MCARPTIF-TP	Full MILP	10000	10000	2	30457.4	28413	7203.23	0	0.21807	970.953	1	15793	0.186077	0.100116	0
Load No	Sequence No	From Node ID	To Node ID	IsEdge	Required	Weight	Volume	Travel Miles	Travel Time	Service Time	Served	Dumped	Turn Type	Turn Cost	Depart Time	Arrival Time	Shape
0	0	1083	2085	1	0	0	0	0	71	0	0	300		0.0	300.0	371.0	LINESTRING(446.000000 251.770000,421.880000 250.660000)
0	1	2085	1825	0	0	0	0	0	21	0	0	0	Straight	0.0	371.0	392.0	LINESTRING(421.880000 250.660000,401.590000 256.480000)
0	2	1825	615	1	0	0	0	0	27	0	0	0	Straight	0.0	392.0	419.0	LINESTRING(401.590000 256.480000,379.090000 271.730000)
0	3	615	1684	0	0	0	0	0	58	0	0	0	Right	5.695	424.695	482.695	LINESTRING(379.090000 271.730000,393.810000 293.840000)
0	4	1684	1721	0	0	0	0	0	152	0	0	0	Straight	0.0	482.695	634.695	LINESTRING(393.810000 293.840000,413.370000 313.350000)
0	5	1721	1587	0	0	0	0	0	121	0	0	0	Straight	0.0	634.695	755.695	LINESTRING(413.370000 313.350000,435.110000 331.040000)
0	6	1587	281	0	0	0	0	0	54	0	0	0	Straight	0.0	755.695	809.695	LINESTRING(435.110000 331.040000,459.710000 345.200000)
0	7	281	707	0	0	0	0	0	8	0	0	0	Straight	0.0	809.695	817.695	LINESTRING(459.710000 345.200000,472.620000 354.790000)
0	8	707	703	0	0	0	0	0	5	0	0	0	Straight	0.0	817.695	822.695	LINESTRING(472.620000 354.790000,485.130000 364.600000)
0	9	703	698	0	0	0	0	0	5	0	0	0	Straight	0.0	822.695	827.695	LINESTRING(485.130000 364.600000,504.740000 377.850000)
0	10	698	1946	0	0	0	0	0	6	0	0	0	Straight	0.0	827.695	833.695	LINESTRING(504.740000 377.850000,513.150000 392.610000)
0	11	1946	1607	0	0	0	0	0	13	0	0	0	Straight	0.0	833.695	846.695	LINESTRING(513.150000 392.610000,521.020000 407.560000)
0	12	1607	1326	0	0	0	0	0	24	0	0	0	Straight	0.0	846.695	870.695	LINESTRING(521.020000 407.560000,530.550000 425.070000)
0	13	1326	641	1	0	0	0	0	21	0	0	0	Straight	0.0	870.695	891.695	LINESTRING(530.550000 425.070000,540.530000 441.930000)
0	14	641	627	1	0	0	0	0	29	0	0	0	Straight	0.0	891.695	920.695	LINESTRING(540.530000 441.930000,541.640000 454.290000)
0	15	627	628	1	0	0	0	0	6	0	0	0	Straight	0.0	920.695	926.695	LINESTRING(541.640000 454.290000,539.320000 463.330000)
0	16	628	2024	1	0	0	0	0	30	0	0	0	Straight	0.0	926.695	956.695	LINESTRING(539.320000 463.330000,540.110000 472.160000)
0	17	2024	626	1	0	0	0	0	36	0	0	0	Straight	0.0	956.695	992.695	LINESTRING(540.110000 472.160000,535.130000 480.110000)
0	18	626	190	1	0	0	0	0	29	0	0	0	Straight	0.0	992.695	1021.69	LINESTRING(535.130000 480.110000,526.260000 488.210000)
0	19	190	612	1	1	127	127	0	23	143	1	0	Straight	0.0	1021.69	1164.69	LINESTRING(526.260000 488.210000,525.920000 494.640000)
0	20	612	191	1	1	28	28	0	5	25	1	0	Left	11.389	1176.08	1201.08	LINESTRING(525.920000 494.640000,517.170000 494.040000)
0	21	191	1352	1	1	243	243	0	44	284	1	0	Right	5.695	1206.78	1490.78	LINESTRING(517.170000 494.040000,513.690000 505.610000)
0	22	1352	1324	1	0	0	0	0	52	0	0	0	Straight	0.0	1490.78	1542.78	LINESTRING(513.690000 505.610000,511.560000 524.030000)
0	23	1324	1325	1	0	0	0	0	121	0	0	0	Straight	0.0	1542.78	1663.78	LINESTRING(511.560000 524.030000,512.600000 545.320000)
0	24	1325	1762	1	1	114	114	0	21	131	0	0	Left	11.389	1675.17	1696.17	LINESTRING(512.600000 545.320000,509.550000 547.310000)
0	25	1762	1325	1	1	114	114	0	21	131	1	0	U	45.557	1741.72	1872.72	LINESTRING(509.550000 547.310000,512.600000 545.320000)
0	26	1325	1341	1	0	0	0	0	37	0	0	0	Left	11.389	1884.11	1921.11	LINESTRING(512.600000 545.320000,513.870000 566.310000)
0	27	1341	113	1	0	0	0	0	13	0	0	0	Right	5.695	1926.81	1939.81	LINESTRING(513.870000 566.310000,535.160000 574.310000)
0	28	113	109	1	1	113	113	0	20	130	1	0	Straight	0.0	1939.81	2069.81	LINESTRING(535.160000 574.310000,541.240000 586.320000)
0	29	109	110	1	1	76	76	0	14	84	1	0	Straight	0.0	2069.81	2153.81	LINESTRING(541.240000 586.320000,548.180000 598.560000)
0	30	110	85	1	1	227	227	0	41	261	1	0	Straight	0.0	2153.81	2414.81	LINESTRING(548.180000 598.560000,554.700000 610.190000)
0	31	85	71	1	1	213	213	0	38	248	1	0	Straight	0.0	2414.81	2662.81	LINESTRING(554.700000 610.190000,560.070000 621.260000)
0	32	71	73	1	1	75	75	0	14	84	1	0	Left	11.389	2674.2	2758.2	LINESTRING(560.070000 621.260000,549.050000 623.330000)
0	33	73	1700	1	1	403	403	0	72	472	1	0	Right	5.695	2763.89	3235.89	LINESTRING(549.050000 623.330000,554.070000 632.440000)
0	34	1700	1774	1	1	78	78	0	14	84	1	0	Straight	0.0	3235.89	3319.89	LINESTRING(554.070000 632.440000,559.260000 641.000000)
0	35	1774	2129	1	1	126	126	0	23	143	0	0	Straight	0.0	3319.89	3342.89	LINESTRING(559.260000 641.000000,562.050000 644.640000)
0	36	2129	1774	1	1	126	126	0	23	143	1	0	U	45.557	3388.45	3531.45	LINESTRING(562.050000 644.640000,559.260000 641.000000)
0	37	1774	66	1	1	72	72	0	13	83	0	0	U	45.557	3577.01	3590.01	LINESTRING(559.260000 641.000000,563.940000 648.530000)
0	38	66	2128	1	1	749	749	0	135	875	1	0	Straight	0.0	3590.01	4465.01	LINESTRING(563.940000 648.530000,566.210000 654.360000)
0	39	2128	66	1	1	749	749	0	135	875	0	0	U	45.557	4510.56	4645.56	LINESTRING(566.210000 654.360000,563.940000 648.530000)
0	40	66	65	1	1	119	119	0	21	131	1	0	U	45.557	4691.12	4822.12	LINESTRING(563.940000 648.530000,567.850000 651.080000)
0	41	65	66	1	1	119	119	0	21	131	0	0	U	45.557	4867.68	4888.68	LINESTRING(567.850000 651.080000,563.940000 648.530000)
0	42	66	1774	1	1	72	72	0	13	83	1	0	Straight	0.0	4888.68	4971.68	LINESTRING(563.940000 648.530000,559.260000 641.000000)
0	43	1774	1700	1	1	78	78	0	14	84	0	0	Straight	0.0	4971.68	4985.68	LINESTRING(559.260000 641.000000,554.070000 632.440000)
0	44	1700	2040	1	1	122	122	0	22	142	0	0	U	45.557	5031.23	5053.23	LINESTRING(554.070000 632.440000,555.140000 636.190000)
0	45	2040	1700	1	1	122	122	0	22	142	1	0	U	45.557	5098.79	5240.79	LINESTRING(555.140000 636.190000,554.070000 632.440000)
0	46	1700	73	1	1	403	403	0	72	472	0	0	Straight	0.0	5240.79	5312.79	LINESTRING(554.070000 632.440000,549.050000 623.330000)
0	47	73	56	1	1	165	165	0	30	190	1	0	Straight	0.0	5312.79	5502.79	LINESTRING(549.050000 623.330000,536.360000 618.440000)
0	48	56	49	0	1	46	46	0	8	48	1	0	Straight	0.0	5502.79	5550.79	LINESTRING(536.360000 618.440000,529.230000 614.680000)
0	49	49	55	1	1	15	15	0	3	13	0	0	Straight	0.0	5550.79	5553.79	LINESTRING(529.230000 614.680000,525.190000 614.810000)
0	50	55	49	1	1	15	15	0	3	13	1	0	U	45.557	5599.35	5612.35	LINESTRING(525.190000 614.810000,529.230000 614.680000)
0	51	49	2119	1	1	106	106	0	19	119	0	0	Straight	0.0	5612.35	5631.35	LINESTRING(529.230000 614.680000,532.770000 616.620000)
0	52	2119	49	1	1	106	106	0	19	119	1	0	U	45.557	5676.91	5795.91	LINESTRING(532.770000 616.620000,529.230000 614.680000)
0	53	49	44	0	1	116	116	0	21	131	1	0	Straight	0.0	5795.91	5926.91	LINESTRING(529.230000 614.680000,521.640000 611.560000)
0	54	44	42	0	1	21	21	0	4	24	1	0	Right	5.695	5932.6	5956.6	LINESTRING(521.640000 611.560000,518.390000 615.580000)
0	55	42	373	0	1	17	17	0	3	13	1	0	Straight	0.0	5956.6	5969.6	LINESTRING(518.390000 615.580000,514.380000 625.110000)
0	56	373	321	1	1	134	134	0	24	154	1	0	Straight	0.0	5969.6	6123.6	LINESTRING(514.380000 625.110000,513.690000 637.420000)
0	57	321	25	1	1	371	371	0	67	437	1	0	Straight	0.0	6123.6	6560.6	LINESTRING(513.690000 637.420000,516.190000 648.840000)
0	58	25	19	1	1	96	96	0	17	107	1	0	Straight	0.0	6560.6	6667.6	LINESTRING(516.190000 648.840000,521.950000 652.740000)
0	59	19	20	1	1	55	55	0	10	60	1	0	Left	11.389	6678.99	6738.99	LINESTRING(521.950000 652.740000,522.380000 656.730000)
0	60	20	19	1	1	55	55	0	10	60	0	0	U	45.557	6784.55	6794.55	LINESTRING(522.380000 656.730000,521.950000 652.740000)
0	61	19	256	1	1	182	182	0	33	213	1	0	Left	11.389	6805.94	7018.94	LINESTRING(521.950000 652.740000,528.060000 655.970000)
0	62	256	2108	1	1	54	54	0	10	60	0	0	Straight	0.0	7018.94	7028.94	LINESTRING(528.060000 655.970000,532.820000 657.910000)
0	63	2108	256	1	1	54	54	0	10	60	1	0	U	45.557	7074.49	7134.49	LINESTRING(532.820000 657.910000,528.060000 655.970000)
0	64	256	13	1	1	74	74	0	13	83	1	0	Right	5.695	7140.19	7223.19	LINESTRING(528.060000 655.970000,527.340000 662.060000)
0	65	13	1911	1	1	64	64	0	11	71	0	0	Straight	0.0	7223.19	7234.19	LINESTRING(527.340000 662.060000,528.610000 667.960000)
0	66	1911	13	1	1	64	64	0	11	71	1	0	U	45.557	7279.74	7350.74	LINESTRING(528.610000 667.960000,527.340000 662.060000)
0	67	13	256	1	1	74	74	0	13	83	0	0	Straight	0.0	7350.74	7363.74	LINESTRING(527.340000 662.060000,528.060000 655.970000)
0	68	256	217	1	1	151	151	0	27	177	1	0	Straight	0.0	7363.74	7540.74	LINESTRING(528.060000 655.970000,530.600000 651.360000)
0	69	217	216	1	0	0	0	0	11	0	0	0	Right	5.695	7546.44	7557.44	LINESTRING(530.600000 651.360000,526.340000 646.890000)
0	70	216	1543	1	1	262	262	0	47	307	1	0	Right	5.695	7563.13	7870.13	LINESTRING(526.340000 646.890000,519.090000 666.350000)
0	71	1543	269	1	1	90	90	0	16	106	1	0	Straight	0.0	7870.13	7976.13	LINESTRING(519.090000 666.350000,511.290000 676.100000)
0	72	269	268	1	1	136	136	0	25	155	1	0	Straight	0.0	7976.13	8131.13	LINESTRING(511.290000 676.100000,507.350000 690.910000)
0	73	268	1708	1	1	78	78	0	14	84	0	0	Straight	0.0	8131.13	8145.13	LINESTRING(507.350000 690.910000,508.590000 701.260000)
0	74	1708	1709	1	1	110	110	0	20	130	1	0	Straight	0.0	8145.13	8275.13	LINESTRING(508.590000 701.260000,507.760000 707.610000)
0	75	1709	1708	1	1	110	110	0	20	130	0	0	U	45.557	8320.69	8340.69	LINESTRING(507.760000 707.610000,508.590000 701.260000)
0	76	1708	2162	1	1	120	120	0	22	142	1	0	U	45.557	8386.25	8528.25	LINESTRING(508.590000 701.260000,511.180000 707.350000)
0	77	2162	1708	1	1	120	120	0	22	142	0	0	U	45.557	8573.81	8595.81	LINESTRING(511.180000 707.350000,508.590000 701.260000)
0	78	1708	268	1	1	78	78	0	14	84	1	0	Straight	0.0	8595.81	8679.81	LINESTRING(508.590000 701.260000,507.350000 690.910000)
0	79	268	273	1	1	104	104	0	19	119	1	0	Right	5.695	8685.5	8804.5	LINESTRING(507.350000 690.910000,499.950000 699.170000)
0	80	273	267	1	1	60	60	0	11	71	0	0	Straight	0.0	8804.5	8815.5	LINESTRING(499.950000 699.170000,497.320000 707.470000)
0	81	267	266	1	1	216	216	0	39	249	1	0	Straight	0.0	8815.5	9064.5	LINESTRING(497.320000 707.470000,494.930000 711.950000)
0	82	266	1983	1	1	168	168	0	30	190	1	0	Right	5.695	9070.2	9260.2	LINESTRING(494.930000 711.950000,496.870000 713.990000)
0	83	1983	267	1	1	70	70	0	13	83	1	0	Right	5.695	9265.89	9348.89	LINESTRING(496.870000 713.990000,497.320000 707.470000)
0	84	267	273	1	1	60	60	0	11	71	1	0	Straight	0.0	9348.89	9419.89	LINESTRING(497.320000 707.470000,499.950000 699.170000)
0	85	273	284	1	1	208	208	0	37	237	1	0	Right	5.695	9425.59	9662.59	LINESTRING(499.950000 699.170000,492.280000 699.010000)
0	86	284	1728	1	1	148	148	0	27	167	1	0	Left	11.389	9673.97	9840.97	LINESTRING(492.280000 699.010000,490.040000 696.270000)
0	87	1728	6	1	0	0	0	0	23	0	0	0	Left	11.389	9852.36	9875.36	LINESTRING(490.040000 696.270000,492.450000 688.100000)
0	88	6	7	1	0	0	0	0	1	0	0	0	Right	5.695	9881.06	9882.06	LINESTRING(492.450000 688.100000,480.620000 682.640000)
0	89	7	10	1	1	95	95	0	17	107	0	0	Straight	0.0	9882.06	9899.06	LINESTRING(480.620000 682.640000,469.010000 676.070000)
0	90	10	1370	1	1	177	177	0	32	202	1	0	Right	5.695	9904.75	10106.8	LINESTRING(469.010000 676.070000,462.800000 677.920000)
0	91	1370	2039	1	1	161	161	0	29	189	1	0	Straight	0.0	10106.8	10295.8	LINESTRING(462.800000 677.920000,458.830000 681.530000)
0	92	2039	2191	1	1	90	90	0	16	106	1	0	Straight	0.0	10295.8	10401.8	LINESTRING(458.830000 681.530000,456.370000 686.870000)
0	93	2191	2039	1	1	90	90	0	16	106	0	0	U	45.557	10447.3	10463.3	LINESTRING(456.370000 686.870000,458.830000 681.530000)
0	94	2039	257	1	1	76	76	0	14	84	1	0	Straight	0.0	10463.3	10547.3	LINESTRING(458.830000 681.530000,459.690000 675.170000)
0	95	257	258	1	1	51	51	0	9	59	1	0	Straight	0.0	10547.3	10606.3	LINESTRING(459.690000 675.170000,459.900000 666.970000)
0	96	258	10	1	1	197	197	0	35	225	1	0	Left	11.389	10617.7	10842.7	LINESTRING(459.900000 666.970000,469.010000 676.070000)
0	97	10	7	1	1	95	95	0	17	107	1	0	Straight	0.0	10842.7	10949.7	LINESTRING(469.010000 676.070000,480.620000 682.640000)
0	98	7	6	1	0	0	0	0	1	0	0	0	Straight	0.0	10949.7	10950.7	LINESTRING(480.620000 682.640000,492.450000 688.100000)
0	99	6	4	1	0	0	0	0	16	0	0	0	Straight	0.0	10950.7	10966.7	LINESTRING(492.450000 688.100000,505.730000 687.970000)
0	100	4	5	1	1	289	289	0	52	332	1	0	Straight	0.0	10966.7	11298.7	LINESTRING(505.730000 687.970000,516.250000 682.490000)
0	101	5	1819	1	1	151	151	0	27	177	0	0	Left	11.389	11310.1	11337.1	LINESTRING(516.250000 682.490000,521.610000 695.830000)
0	102	1819	5	1	1	151	151	0	27	177	1	0	U	45.557	11382.6	11559.6	LINESTRING(521.610000 695.830000,516.250000 682.490000)
0	103	5	1543	1	1	246	246	0	44	284	1	0	Straight	0.0	11559.6	11843.6	LINESTRING(516.250000 682.490000,519.090000 666.350000)
0	104	1543	269	1	1	90	90	0	16	106	0	0	U	45.557	11889.2	11905.2	LINESTRING(519.090000 666.350000,511.290000 676.100000)
0	105	269	21	1	1	201	201	0	36	236	1	0	Left	11.389	11916.6	12152.6	LINESTRING(511.290000 676.100000,507.690000 664.970000)
0	106	21	1580	1	1	129	129	0	23	143	0	0	Left	11.389	12164.0	12187.0	LINESTRING(507.690000 664.970000,515.200000 659.000000)
0	107	1580	291	1	1	69	69	0	12	72	0	0	Left	11.389	12198.4	12210.4	LINESTRING(515.200000 659.000000,522.950000 662.280000)
0	108	291	14	1	1	203	203	0	37	237	1	0	Straight	0.0	12210.4	12447.4	LINESTRING(522.950000 662.280000,529.790000 663.820000)
0	109	14	276	1	1	126	126	0	23	143	1	0	Straight	0.0	12447.4	12590.4	LINESTRING(529.790000 663.820000,535.850000 666.150000)
0	110	276	14	1	1	126	126	0	23	143	0	0	U	45.557	12635.9	12658.9	LINESTRING(535.850000 666.150000,529.790000 663.820000)
0	111	14	13	1	1	77	77	0	14	84	1	0	Straight	0.0	12658.9	12742.9	LINESTRING(529.790000 663.820000,527.340000 662.060000)
0	112	13	291	1	1	393	393	0	71	461	1	0	Straight	0.0	12742.9	13203.9	LINESTRING(527.340000 662.060000,522.950000 662.280000)
0	113	291	1580	1	1	69	69	0	12	72	1	0	Straight	0.0	13203.9	13275.9	LINESTRING(522.950000 662.280000,515.200000 659.000000)
0	114	1580	21	1	1	129	129	0	23	143	1	0	Right	5.695	13281.6	13424.6	LINESTRING(515.200000 659.000000,507.690000 664.970000)
0	115	21	38	1	0	0	0	0	35	0	0	0	Left	11.389	13436.0	13471.0	LINESTRING(507.690000 664.970000,498.770000 658.220000)
0	116	38	46	1	1	101	101	0	18	118	1	0	Straight	0.0	13471.0	13589.0	LINESTRING(498.770000 658.220000,495.180000 648.130000)
0	117	46	57	1	0	0	0	0	36	0	0	0	Straight	0.0	13589.0	13625.0	LINESTRING(495.180000 648.130000,492.310000 637.680000)
0	118	57	2016	1	0	0	0	0	21	0	0	0	Straight	0.0	13625.0	13646.0	LINESTRING(492.310000 637.680000,493.940000 624.740000)
0	119	2016	1710	0	1	76	76	0	14	84	1	0	Straight	0.0	13646.0	13730.0	LINESTRING(493.940000 624.740000,490.370000 615.780000)
0	120	1710	102	0	0	0	0	0	80	0	0	0	Straight	0.0	13730.0	13810.0	LINESTRING(490.370000 615.780000,481.160000 608.080000)
0	121	102	1645	0	0	0	0	0	4	0	0	0	Straight	0.0	13810.0	13814.0	LINESTRING(481.160000 608.080000,473.460000 595.750000)
0	122	1645	106	0	0	0	0	0	8	0	0	0	Straight	0.0	13814.0	13822.0	LINESTRING(473.460000 595.750000,463.870000 592.580000)
0	123	106	491	0	0	0	0	0	24	0	0	0	Straight	0.0	13822.0	13846.0	LINESTRING(463.870000 592.580000,454.210000 580.680000)
0	124	491	492	0	1	53	53	0	10	60	1	0	Straight	0.0	13846.0	13906.0	LINESTRING(454.210000 580.680000,445.930000 573.790000)
0	125	492	1405	0	1	65	65	0	12	72	1	0	Straight	0.0	13906.0	13978.0	LINESTRING(445.930000 573.790000,437.880000 566.990000)
0	126	1405	130	0	0	0	0	0	21	0	0	0	Straight	0.0	13978.0	13999.0	LINESTRING(437.880000 566.990000,424.450000 558.960000)
0	127	130	131	0	0	0	0	0	19	0	0	0	Left	11.389	14010.4	14029.4	LINESTRING(424.450000 558.960000,424.080000 549.750000)
0	128	131	141	0	0	0	0	0	1	0	0	0	Straight	0.0	14029.4	14030.4	LINESTRING(424.080000 549.750000,421.030000 538.540000)
0	129	141	143	0	0	0	0	0	12	0	0	0	Straight	0.0	14030.4	14042.4	LINESTRING(421.030000 538.540000,413.950000 531.300000)
0	130	143	144	0	0	0	0	0	9	0	0	0	Straight	0.0	14042.4	14051.4	LINESTRING(413.950000 531.300000,407.090000 523.350000)
0	131	144	147	0	0	0	0	0	1	0	0	0	Right	5.695	14057.1	14058.1	LINESTRING(407.090000 523.350000,394.260000 523.730000)
0	132	147	571	0	0	0	0	0	6	0	0	0	Straight	0.0	14058.1	14064.1	LINESTRING(394.260000 523.730000,378.900000 519.260000)
0	133	571	154	0	0	0	0	0	13	0	0	0	Straight	0.0	14064.1	14077.1	LINESTRING(378.900000 519.260000,363.770000 519.500000)
0	134	154	1713	0	0	0	0	0	14	0	0	0	Straight	0.0	14077.1	14091.1	LINESTRING(363.770000 519.500000,347.900000 526.290000)
0	135	1713	590	0	0	0	0	0	48	0	0	0	Straight	0.0	14091.1	14139.1	LINESTRING(347.900000 526.290000,328.970000 529.800000)
0	136	590	176	0	0	0	0	0	45	0	0	0	Straight	0.0	14139.1	14184.1	LINESTRING(328.970000 529.800000,310.840000 537.300000)
0	137	176	1896	0	1	80	80	0	14	94	1	0	Straight	0.0	14184.1	14278.1	LINESTRING(310.840000 537.300000,299.970000 546.160000)
0	138	1896	1897	0	0	0	0	0	23	0	0	0	Straight	0.0	14278.1	14301.1	LINESTRING(299.970000 546.160000,291.640000 557.620000)
0	139	1897	172	1	0	0	0	0	22	0	0	0	Straight	0.0	14301.1	14323.1	LINESTRING(291.640000 557.620000,284.570000 559.500000)
0	140	172	1780	0	0	0	0	0	6	0	0	0	Left	11.389	14334.5	14340.5	LINESTRING(284.570000 559.500000,278.200000 551.770000)
0	141	1780	187	0	1	76	76	0	14	84	1	0	Left	11.389	14351.9	14435.9	LINESTRING(278.200000 551.770000,281.190000 543.250000)
0	142	187	661	0	1	24	24	0	4	24	1	0	Straight	0.0	14435.9	14459.9	LINESTRING(281.190000 543.250000,277.780000 532.600000)
0	143	661	660	0	0	0	0	0	45	0	0	0	Straight	0.0	14459.9	14504.9	LINESTRING(277.780000 532.600000,269.670000 523.720000)
0	144	660	238	0	0	0	0	0	8	0	0	0	Straight	0.0	14504.9	14512.9	LINESTRING(269.670000 523.720000,269.650000 514.880000)
0	145	238	237	0	0	0	0	0	16	0	0	0	Straight	0.0	14512.9	14528.9	LINESTRING(269.650000 514.880000,268.890000 506.990000)
0	146	237	682	0	0	0	0	0	17	0	0	0	Straight	0.0	14528.9	14545.9	LINESTRING(268.890000 506.990000,265.040000 499.510000)
0	147	682	727	0	0	0	0	0	33	0	0	0	Straight	0.0	14545.9	14578.9	LINESTRING(265.040000 499.510000,259.710000 490.350000)
0	148	727	290	0	0	0	0	0	11	0	0	0	Straight	0.0	14578.9	14589.9	LINESTRING(259.710000 490.350000,256.630000 479.340000)
0	149	290	289	0	0	0	0	0	13	0	0	0	Straight	0.0	14589.9	14602.9	LINESTRING(256.630000 479.340000,253.340000 468.030000)
0	150	289	335	0	0	0	0	0	53	0	0	0	Straight	0.0	14602.9	14655.9	LINESTRING(253.340000 468.030000,245.130000 456.300000)
0	151	335	317	0	0	0	0	0	4	0	0	0	Straight	0.0	14655.9	14659.9	LINESTRING(245.130000 456.300000,241.260000 443.730000)
0	152	317	815	0	0	0	0	0	68	0	0	0	Straight	0.0	14659.9	14727.9	LINESTRING(241.260000 443.730000,240.330000 429.250000)
0	153	815	2070	0	0	0	0	0	49	0	0	0	Straight	0.0	14727.9	14776.9	LINESTRING(240.330000 429.250000,240.270000 415.950000)
0	154	2070	412	0	1	123	123	0	22	142	1	0	Straight	0.0	14776.9	14918.9	LINESTRING(240.270000 415.950000,244.880000 405.620000)
0	155	412	893	0	0	0	0	0	2	0	0	0	Straight	0.0	14918.9	14920.9	LINESTRING(244.880000 405.620000,241.320000 390.940000)
0	156	893	477	0	0	0	0	0	23	0	0	0	Straight	0.0	14920.9	14943.9	LINESTRING(241.320000 390.940000,247.760000 376.520000)
0	157	477	478	1	0	0	0	0	61	0	0	0	Straight	0.0	14943.9	15004.9	LINESTRING(247.760000 376.520000,250.630000 358.810000)
0	158	478	506	1	0	0	0	0	25	0	0	0	Straight	0.0	15004.9	15029.9	LINESTRING(250.630000 358.810000,262.850000 344.550000)
0	159	506	969	1	0	0	0	0	43	0	0	0	Straight	0.0	15029.9	15072.9	LINESTRING(262.850000 344.550000,267.880000 330.780000)
0	160	969	2097	1	0	0	0	0	24	0	0	0	Straight	0.0	15072.9	15096.9	LINESTRING(267.880000 330.780000,279.580000 320.460000)
0	161	2097	556	1	0	0	0	0	25	0	0	0	Straight	0.0	15096.9	15121.9	LINESTRING(279.580000 320.460000,289.600000 308.420000)
0	162	556	564	1	0	0	0	0	27	0	0	0	Straight	0.0	15121.9	15148.9	LINESTRING(289.600000 308.420000,297.850000 297.270000)
0	163	564	594	1	0	0	0	0	26	0	0	0	Straight	0.0	15148.9	15174.9	LINESTRING(297.850000 297.270000,307.380000 288.170000)
0	164	594	593	1	0	0	0	0	34	0	0	0	Straight	0.0	15174.9	15208.9	LINESTRING(307.380000 288.170000,320.190000 279.470000)
0	165	593	607	1	0	0	0	0	30	0	0	0	Straight	0.0	15208.9	15238.9	LINESTRING(320.190000 279.470000,341.470000 281.280000)
0	166	607	616	1	0	0	0	0	22	0	0	0	Straight	0.0	15238.9	15260.9	LINESTRING(341.470000 281.280000,363.030000 281.580000)
0	167	616	615	1	0	0	0	0	3	0	0	0	Straight	0.0	15260.9	15263.9	LINESTRING(363.030000 281.580000,379.090000 271.730000)
0	168	615	1825	1	0	0	0	0	27	0	0	0	Straight	0.0	15263.9	15290.9	LINESTRING(379.090000 271.730000,401.590000 256.480000)
0	169	1825	690	1	0	0	0	0	12	0	0	0	Straight	0.0	15290.9	15302.9	LINESTRING(401.590000 256.480000,411.190000 240.760000)
0	170	690	2085	1	0	0	0	0	15	0	0	0	Left	11.389	15314.3	15329.3	LINESTRING(411.190000 240.760000,421.880000 250.660000)
0	171	2085	1083	1	0	0	0	0	71	0	0	0	Straight	0.0	15329.3	15400.3	LINESTRING(421.880000 250.660000,446.000000 251.770000)
1	0	1083	2085	1	0	0	0	0	71	0	0	300		0.0	15700.3	15771.3	LINESTRING(446.000000 251.770000,421.880000 250.660000)
1	1	2085	1825	0	0	0	0	0	21	0	0	0	Straight	0.0	15771.3	15792.3	LINESTRING(421.880000 250.660000,401.590000 256.480000)
1	2	1825	615	1	0	0	0	0	27	0	0	0	Straight	0.0	15792.3	15819.3	LINESTRING(401.590000 256.480000,379.090000 271.730000)
1	3	615	616	1	0	0	0	0	3	0	0	0	Straight	0.0	15819.3	15822.3	LINESTRING(379.090000 271.730000,363.030000 281.580000)
1	4	616	607	1	0	0	0	0	22	0	0	0	Straight	0.0	15822.3	15844.3	LINESTRING(363.030000 281.580000,341.470000 281.280000)
1	5	607	593	1	0	0	0	0	30	0	0	0	Straight	0.0	15844.3	15874.3	LINESTRING(341.470000 281.280000,320.190000 279.470000)
1	6	593	594	1	0	0	0	0	34	0	0	0	Straight	0.0	15874.3	15908.3	LINESTRING(320.190000 279.470000,307.380000 288.170000)
1	7	594	564	1	0	0	0	0	26	0	0	0	Straight	0.0	15908.3	15934.3	LINESTRING(307.380000 288.170000,297.850000 297.270000)
1	8	564	556	1	0	0	0	0	27	0	0	0	Straight	0.0	15934.3	15961.3	LINESTRING(297.850000 297.270000,289.600000 308.420000)
1	9	556	2097	1	0	0	0	0	25	0	0	0	Straight	0.0	15961.3	15986.3	LINESTRING(289.600000 308.420000,279.580000 320.460000)
1	10	2097	969	1	0	0	0	0	24	0	0	0	Straight	0.0	15986.3	16010.3	LINESTRING(279.580000 320.460000,267.880000 330.780000)
1	11	969	506	1	0	0	0	0	43	0	0	0	Straight	0.0	16010.3	16053.3	LINESTRING(267.880000 330.780000,262.850000 344.550000)
1	12	506	478	1	0	0	0	0	25	0	0	0	Straight	0.0	16053.3	16078.3	LINESTRING(262.850000 344.550000,250.630000 358.810000)
1	13	478	477	1	0	0	0	0	61	0	0	0	Straight	0.0	16078.3	16139.3	LINESTRING(250.630000 358.810000,247.760000 376.520000)
1	14	477	425	0	0	0	0	0	4	0	0	0	Straight	0.0	16139.3	16143.3	LINESTRING(247.760000 376.520000,252.310000 386.310000)
1	15	425	424	0	0	0	0	0	20	0	0	0	Straight	0.0	16143.3	16163.3	LINESTRING(252.310000 386.310000,257.750000 396.330000)
1	16	424	408	0	0	0	0	0	2	0	0	0	Straight	0.0	16163.3	16165.3	LINESTRING(257.750000 396.330000,259.570000 409.900000)
1	17	408	1526	0	0	0	0	0	71	0	0	0	Straight	0.0	16165.3	16236.3	LINESTRING(259.570000 409.900000,253.730000 426.600000)
1	18	1526	312	0	0	0	0	0	67	0	0	0	Straight	0.0	16236.3	16303.3	LINESTRING(253.730000 426.600000,254.450000 442.650000)
1	19	312	310	0	0	0	0	0	4	0	0	0	Straight	0.0	16303.3	16307.3	LINESTRING(254.450000 442.650000,257.180000 455.600000)
1	20	310	311	0	0	0	0	0	51	0	0	0	Straight	0.0	16307.3	16358.3	LINESTRING(257.180000 455.600000,261.600000 470.860000)
1	21	311	1984	0	0	0	0	0	28	0	0	0	Straight	0.0	16358.3	16386.3	LINESTRING(261.600000 470.860000,269.750000 485.780000)
1	22	1984	666	0	0	0	0	0	33	0	0	0	Straight	0.0	16386.3	16419.3	LINESTRING(269.750000 485.780000,283.580000 497.100000)
1	23	666	667	1	0	0	0	0	31	0	0	0	Straight	0.0	16419.3	16450.3	LINESTRING(283.580000 497.100000,299.800000 501.290000)
1	24	667	197	1	0	0	0	0	24	0	0	0	Straight	0.0	16450.3	16474.3	LINESTRING(299.800000 501.290000,315.840000 505.880000)
1	25	197	600	1	0	0	0	0	33	0	0	0	Straight	0.0	16474.3	16507.3	LINESTRING(315.840000 505.880000,331.580000 513.060000)
1	26	600	1779	0	0	0	0	0	50	0	0	0	Right	5.695	16513.0	16563.0	LINESTRING(331.580000 513.060000,356.780000 502.450000)
1	27	1779	155	0	0	0	0	0	15	0	0	0	Straight	0.0	16563.0	16578.0	LINESTRING(356.780000 502.450000,371.610000 504.140000)
1	28	155	156	0	0	0	0	0	13	0	0	0	Straight	0.0	16578.0	16591.0	LINESTRING(371.610000 504.140000,388.320000 503.710000)
1	29	156	542	0	0	0	0	0	6	0	0	0	Straight	0.0	16591.0	16597.0	LINESTRING(388.320000 503.710000,401.670000 509.500000)
1	30	542	147	0	0	0	0	0	3	0	0	0	Left	11.389	16608.3	16611.3	LINESTRING(401.670000 509.500000,394.260000 523.730000)
1	31	147	1519	0	0	0	0	0	1	0	0	0	Straight	0.0	16611.3	16612.3	LINESTRING(394.260000 523.730000,392.150000 541.140000)
1	32	1519	1338	0	0	0	0	0	106	0	0	0	Straight	0.0	16612.3	16718.3	LINESTRING(392.150000 541.140000,390.110000 558.220000)
1	33	1338	1311	0	0	0	0	0	200	0	0	0	Left	11.389	16729.7	16929.7	LINESTRING(390.110000 558.220000,371.290000 572.050000)
1	34	1311	2252	1	0	0	0	0	4	0	0	0	Right	5.695	16935.4	16939.4	LINESTRING(371.290000 572.050000,384.810000 591.140000)
1	35	2252	1368	1	0	0	0	0	16	0	0	0	Straight	0.0	16939.4	16955.4	LINESTRING(384.810000 591.140000,398.500000 609.900000)
1	36	1368	1369	1	1	306	306	0	55	355	1	0	Straight	0.0	16955.4	17310.4	LINESTRING(398.500000 609.900000,414.530000 621.460000)
1	37	1369	1337	1	1	804	804	0	145	945	1	0	Straight	0.0	17310.4	18255.4	LINESTRING(414.530000 621.460000,438.560000 624.710000)
1	38	1337	1793	1	1	963	963	0	173	1133	0	0	Straight	0.0	18255.4	18428.4	LINESTRING(438.560000 624.710000,462.730000 614.660000)
1	39	1793	1337	1	1	963	963	0	173	1133	1	0	U	45.557	18474.0	19607.0	LINESTRING(462.730000 614.660000,438.560000 624.710000)
1	40	1337	1336	1	1	255	255	0	46	296	1	0	Straight	0.0	19607.0	19903.0	LINESTRING(438.560000 624.710000,427.910000 632.690000)
1	41	1336	1355	1	1	267	267	0	48	308	1	0	Straight	0.0	19903.0	20211.0	LINESTRING(427.910000 632.690000,417.490000 643.160000)
1	42	1355	1363	1	0	0	0	0	42	0	0	0	Straight	0.0	20211.0	20253.0	LINESTRING(417.490000 643.160000,408.250000 651.290000)
1	43	1363	1362	1	0	0	0	0	35	0	0	0	Straight	0.0	20253.0	20288.0	LINESTRING(408.250000 651.290000,401.110000 659.530000)
1	44	1362	2	0	1	33	33	0	6	36	1	0	Straight	0.0	20288.0	20324.0	LINESTRING(401.110000 659.530000,397.650000 661.610000)
1	45	2	3	0	0	0	0	0	8	0	0	0	Straight	0.0	20324.0	20332.0	LINESTRING(397.650000 661.610000,392.160000 667.020000)
1	46	3	227	0	1	13	13	0	2	12	1	0	U	45.557	20377.5	20389.5	LINESTRING(392.160000 667.020000,393.870000 664.850000)
1	47	227	1362	0	0	0	0	0	7	0	0	0	Straight	0.0	20389.5	20396.5	LINESTRING(393.870000 664.850000,401.110000 659.530000)
1	48	1362	2	0	1	33	33	0	6	36	0	0	U	45.557	20442.1	20448.1	LINESTRING(401.110000 659.530000,397.650000 661.610000)
1	49	2	3	0	0	0	0	0	8	0	0	0	Straight	0.0	20448.1	20456.1	LINESTRING(397.650000 661.610000,392.160000 667.020000)
1	50	3	219	0	0	0	0	0	24	0	0	0	Straight	0.0	20456.1	20480.1	LINESTRING(392.160000 667.020000,386.540000 670.590000)
1	51	219	1335	0	1	25	25	0	4	24	1	0	Left	11.389	20491.5	20515.5	LINESTRING(386.540000 670.590000,381.390000 667.840000)
1	52	1335	1753	0	0	0	0	0	6	0	0	0	Straight	0.0	20515.5	20521.5	LINESTRING(381.390000 667.840000,379.250000 665.080000)
1	53	1753	1673	1	0	0	0	0	18	0	0	0	Straight	0.0	20521.5	20539.5	LINESTRING(379.250000 665.080000,375.650000 658.090000)
1	54	1673	16	1	0	0	0	0	20	0	0	0	Straight	0.0	20539.5	20559.5	LINESTRING(375.650000 658.090000,373.420000 651.220000)
1	55	16	1364	0	0	0	0	0	4	0	0	0	Straight	0.0	20559.5	20563.5	LINESTRING(373.420000 651.220000,376.170000 644.650000)
1	56	1364	285	0	0	0	0	0	4	0	0	0	Straight	0.0	20563.5	20567.5	LINESTRING(376.170000 644.650000,378.140000 639.650000)
1	57	285	1333	1	0	0	0	0	42	0	0	0	Straight	0.0	20567.5	20609.5	LINESTRING(378.140000 639.650000,386.620000 632.510000)
1	58	1333	1367	1	0	0	0	0	25	0	0	0	Straight	0.0	20609.5	20634.5	LINESTRING(386.620000 632.510000,398.780000 623.930000)
1	59	1367	1368	1	0	0	0	0	71	0	0	0	Right	5.695	20640.2	20711.2	LINESTRING(398.780000 623.930000,398.500000 609.900000)
1	60	1368	2252	1	0	0	0	0	16	0	0	0	Straight	0.0	20711.2	20727.2	LINESTRING(398.500000 609.900000,384.810000 591.140000)
1	61	2252	1311	1	0	0	0	0	4	0	0	0	Straight	0.0	20727.2	20731.2	LINESTRING(384.810000 591.140000,371.290000 572.050000)
1	62	1311	1310	1	0	0	0	0	6	0	0	0	Straight	0.0	20731.2	20737.2	LINESTRING(371.290000 572.050000,346.040000 564.610000)
1	63	1310	2251	1	0	0	0	0	2	0	0	0	Straight	0.0	20737.2	20739.2	LINESTRING(346.040000 564.610000,320.670000 578.130000)
1	64	2251	1490	1	0	0	0	0	62	0	0	0	Straight	0.0	20739.2	20801.2	LINESTRING(320.670000 578.130000,295.200000 590.930000)
1	65	1490	1763	1	1	1187	1187	0	214	1394	1	0	Straight	0.0	20801.2	22195.2	LINESTRING(295.200000 590.930000,274.160000 585.980000)
1	66	1763	210	1	0	0	0	0	26	0	0	0	Right	5.695	22200.9	22226.9	LINESTRING(274.160000 585.980000,274.130000 599.710000)
1	67	210	224	1	1	41	41	0	7	47	1	0	Straight	0.0	22226.9	22273.9	LINESTRING(274.130000 599.710000,276.060000 603.900000)
1	68	224	210	1	1	41	41	0	7	47	0	0	U	45.557	22319.4	22326.4	LINESTRING(276.060000 603.900000,274.130000 599.710000)
1	69	210	209	1	1	124	124	0	22	142	1	0	U	45.557	22372.0	22514.0	LINESTRING(274.130000 599.710000,273.190000 612.300000)
1	70	209	632	1	1	192	192	0	35	225	1	0	Straight	0.0	22514.0	22739.0	LINESTRING(273.190000 612.300000,271.210000 624.390000)
1	71	632	2146	1	1	52	52	0	9	59	1	0	Straight	0.0	22739.0	22798.0	LINESTRING(271.210000 624.390000,268.140000 628.850000)
1	72	2146	632	1	1	52	52	0	9	59	0	0	U	45.557	22843.6	22852.6	LINESTRING(268.140000 628.850000,271.210000 624.390000)
1	73	632	1406	1	1	270	270	0	49	319	1	0	U	45.557	22898.1	23217.1	LINESTRING(271.210000 624.390000,270.580000 634.730000)
1	74	1406	1413	1	1	371	371	0	67	437	1	0	Right	5.695	23222.8	23659.8	LINESTRING(270.580000 634.730000,275.800000 637.510000)
1	75	1413	1732	1	1	127	127	0	23	143	1	0	Straight	0.0	23659.8	23802.8	LINESTRING(275.800000 637.510000,277.100000 640.530000)
1	76	1732	1776	1	1	62	62	0	11	71	0	0	Right	5.695	23808.5	23819.5	LINESTRING(277.100000 640.530000,282.150000 634.480000)
1	77	1776	1630	1	1	136	136	0	25	155	1	0	Straight	0.0	23819.5	23974.5	LINESTRING(282.150000 634.480000,286.860000 625.770000)
1	78	1630	120	1	1	191	191	0	34	224	0	0	U	45.557	24020.1	24054.1	LINESTRING(286.860000 625.770000,284.050000 637.540000)
1	79	120	121	1	1	238	238	0	43	273	1	0	Straight	0.0	24054.1	24327.1	LINESTRING(284.050000 637.540000,281.600000 646.570000)
1	80	121	124	1	1	25	25	0	4	24	1	0	Straight	0.0	24327.1	24351.1	LINESTRING(281.600000 646.570000,280.480000 653.130000)
1	81	124	121	1	1	25	25	0	4	24	0	0	U	45.557	24396.6	24400.6	LINESTRING(280.480000 653.130000,281.600000 646.570000)
1	82	121	126	1	1	74	74	0	13	83	1	0	Right	5.695	24406.3	24489.3	LINESTRING(281.600000 646.570000,279.590000 643.830000)
1	83	126	574	1	1	113	113	0	20	130	1	0	Right	5.695	24495.0	24625.0	LINESTRING(279.590000 643.830000,273.880000 644.790000)
1	84	574	573	1	1	375	375	0	68	438	1	0	Straight	0.0	24625.0	25063.0	LINESTRING(273.880000 644.790000,268.640000 642.790000)
1	85	573	2047	1	1	39	39	0	7	37	1	0	Right	5.695	25068.7	25105.7	LINESTRING(268.640000 642.790000,264.970000 648.420000)
1	86	2047	573	1	1	39	39	0	7	37	0	0	U	45.557	25151.3	25158.3	LINESTRING(264.970000 648.420000,268.640000 642.790000)
1	87	573	1406	1	1	103	103	0	19	119	1	0	Straight	0.0	25158.3	25277.3	LINESTRING(268.640000 642.790000,270.580000 634.730000)
1	88	1406	1413	1	1	371	371	0	67	437	0	0	Left	11.389	25288.6	25355.6	LINESTRING(270.580000 634.730000,275.800000 637.510000)
1	89	1413	107	1	1	254	254	0	46	296	1	0	Straight	0.0	25355.6	25651.6	LINESTRING(275.800000 637.510000,281.060000 640.220000)
1	90	107	108	1	1	33	33	0	6	36	1	0	Straight	0.0	25651.6	25687.6	LINESTRING(281.060000 640.220000,284.310000 645.340000)
1	91	108	107	1	1	33	33	0	6	36	0	0	U	45.557	25733.2	25739.2	LINESTRING(284.310000 645.340000,281.060000 640.220000)
1	92	107	1776	1	1	108	108	0	20	120	1	0	Straight	0.0	25739.2	25859.2	LINESTRING(281.060000 640.220000,282.150000 634.480000)
1	93	1776	1732	1	1	62	62	0	11	71	1	0	U	45.557	25904.8	25975.8	LINESTRING(282.150000 634.480000,277.100000 640.530000)
1	94	1732	574	1	1	114	114	0	21	131	1	0	Straight	0.0	25975.8	26106.8	LINESTRING(277.100000 640.530000,273.880000 644.790000)
1	95	574	126	1	1	113	113	0	20	130	0	0	U	45.557	26152.3	26172.3	LINESTRING(273.880000 644.790000,279.590000 643.830000)
1	96	126	120	1	1	271	271	0	49	319	1	0	Right	5.695	26178.0	26497.0	LINESTRING(279.590000 643.830000,284.050000 637.540000)
1	97	120	1630	1	1	191	191	0	34	224	1	0	Straight	0.0	26497.0	26721.0	LINESTRING(284.050000 637.540000,286.860000 625.770000)
1	98	1630	1489	1	1	102	102	0	18	118	1	0	Straight	0.0	26721.0	26839.0	LINESTRING(286.860000 625.770000,292.190000 610.390000)
1	99	1489	450	1	1	83	83	0	15	95	0	0	U	45.557	26884.6	26899.6	LINESTRING(292.190000 610.390000,294.890000 620.360000)
1	100	450	98	1	1	185	185	0	33	213	1	0	Straight	0.0	26899.6	27112.6	LINESTRING(294.890000 620.360000,295.480000 627.290000)
1	101	98	97	1	1	95	95	0	17	107	1	0	Straight	0.0	27112.6	27219.6	LINESTRING(295.480000 627.290000,298.360000 631.790000)
1	102	97	1838	1	1	48	48	0	9	49	1	0	Straight	0.0	27219.6	27268.6	LINESTRING(298.360000 631.790000,298.980000 637.560000)
1	103	1838	97	1	1	48	48	0	9	49	0	0	U	45.557	27314.1	27323.1	LINESTRING(298.980000 637.560000,298.360000 631.790000)
1	104	97	451	1	1	575	575	0	103	673	1	0	Straight	0.0	27323.1	27996.1	LINESTRING(298.360000 631.790000,298.090000 626.400000)
1	105	451	450	1	1	281	281	0	51	331	1	0	Straight	0.0	27996.1	28327.1	LINESTRING(298.090000 626.400000,294.890000 620.360000)
1	106	450	1489	1	1	83	83	0	15	95	1	0	Straight	0.0	28327.1	28422.1	LINESTRING(294.890000 620.360000,292.190000 610.390000)
1	107	1489	1490	1	1	323	323	0	58	378	1	0	Straight	0.0	28422.1	28800.1	LINESTRING(292.190000 610.390000,295.200000 590.930000)
1	108	1490	133	1	0	0	0	0	66	0	0	0	Right	5.695	28805.8	28871.8	LINESTRING(295.200000 590.930000,280.830000 596.150000)
1	109	133	132	1	0	0	0	0	19	0	0	0	Straight	0.0	28871.8	28890.8	LINESTRING(280.830000 596.150000,268.970000 603.040000)
1	110	132	1864	1	0	0	0	0	30	0	0	0	Left	11.389	28902.2	28932.2	LINESTRING(268.970000 603.040000,267.320000 600.460000)
1	111	1864	582	1	1	189	189	0	34	214	1	0	Left	11.389	28943.6	29157.6	LINESTRING(267.320000 600.460000,269.310000 596.170000)
1	112	582	581	1	0	0	0	0	9	0	0	0	Straight	0.0	29157.6	29166.6	LINESTRING(269.310000 596.170000,273.850000 590.140000)
1	113	581	572	1	0	0	0	0	13	0	0	0	Straight	0.0	29166.6	29179.6	LINESTRING(273.850000 590.140000,283.050000 583.100000)
1	114	572	171	1	0	0	0	0	9	0	0	0	Straight	0.0	29179.6	29188.6	LINESTRING(283.050000 583.100000,286.190000 568.770000)
1	115	171	172	0	1	352	352	0	63	413	1	0	Straight	0.0	29188.6	29601.6	LINESTRING(286.190000 568.770000,284.570000 559.500000)
1	116	172	1780	0	0	0	0	0	6	0	0	0	Straight	0.0	29601.6	29607.6	LINESTRING(284.570000 559.500000,278.200000 551.770000)
1	117	1780	187	0	1	76	76	0	14	84	0	0	Left	11.389	29619.0	29633.0	LINESTRING(278.200000 551.770000,281.190000 543.250000)
1	118	187	661	0	1	24	24	0	4	24	0	0	Straight	0.0	29633.0	29637.0	LINESTRING(281.190000 543.250000,277.780000 532.600000)
1	119	661	660	0	0	0	0	0	45	0	0	0	Straight	0.0	29637.0	29682.0	LINESTRING(277.780000 532.600000,269.670000 523.720000)
1	120	660	238	0	0	0	0	0	8	0	0	0	Straight	0.0	29682.0	29690.0	LINESTRING(269.670000 523.720000,269.650000 514.880000)
1	121	238	237	0	0	0	0	0	16	0	0	0	Straight	0.0	29690.0	29706.0	LINESTRING(269.650000 514.880000,268.890000 506.990000)
1	122	237	682	0	0	0	0	0	17	0	0	0	Straight	0.0	29706.0	29723.0	LINESTRING(268.890000 506.990000,265.040000 499.510000)
1	123	682	727	0	0	0	0	0	33	0	0	0	Straight	0.0	29723.0	29756.0	LINESTRING(265.040000 499.510000,259.710000 490.350000)
1	124	727	290	0	0	0	0	0	11	0	0	0	Straight	0.0	29756.0	29767.0	LINESTRING(259.710000 490.350000,256.630000 479.340000)
1	125	290	289	0	0	0	0	0	13	0	0	0	Straight	0.0	29767.0	29780.0	LINESTRING(256.630000 479.340000,253.340000 468.030000)
1	126	289	335	0	0	0	0	0	53	0	0	0	Straight	0.0	29780.0	29833.0	LINESTRING(253.340000 468.030000,245.130000 456.300000)
1	127	335	317	0	0	0	0	0	4	0	0	0	Straight	0.0	29833.0	29837.0	LINESTRING(245.130000 456.300000,241.260000 443.730000)
1	128	317	815	0	0	0	0	0	68	0	0	0	Straight	0.0	29837.0	29905.0	LINESTRING(241.260000 443.730000,240.330000 429.250000)
1	129	815	2070	0	0	0	0	0	49	0	0	0	Straight	0.0	29905.0	29954.0	LINESTRING(240.330000 429.250000,240.270000 415.950000)
1	130	2070	412	0	1	123	123	0	22	142	0	0	Straight	0.0	29954.0	29976.0	LINESTRING(240.270000 415.950000,244.880000 405.620000)
1	131	412	893	0	0	0	0	0	2	0	0	0	Straight	0.0	29976.0	29978.0	LINESTRING(244.880000 405.620000,241.320000 390.940000)
1	132	893	477	0	0	0	0	0	23	0	0	0	Straight	0.0	29978.0	30001.0	LINESTRING(241.320000 390.940000,247.760000 376.520000)
1	133	477	478	1	0	0	0	0	61	0	0	0	Straight	0.0	30001.0	30062.0	LINESTRING(247.760000 376.520000,250.630000 358.810000)
1	134	478	506	1	0	0	0	0	25	0	0	0	Straight	0.0	30062.0	30087.0	LINESTRING(250.630000 358.810000,262.850000 344.550000)
1	135	506	969	1	0	0	0	0	43	0	0	0	Straight	0.0	30087.0	30130.0	LINESTRING(262.850000 344.550000,267.880000 330.780000)
1	136	969	2097	1	0	0	0	0	24	0	0	0	Straight	0.0	30130.0	30154.0	LINESTRING(267.880000 330.780000,279.580000 320.460000)
1	137	2097	556	1	0	0	0	0	25	0	0	0	Straight	0.0	30154.0	30179.0	LINESTRING(279.580000 320.460000,289.600000 308.420000)
1	138	556	564	1	0	0	0	0	27	0	0	0	Straight	0.0	30179.0	30206.0	LINESTRING(289.600000 308.420000,297.850000 297.270000)
1	139	564	594	1	0	0	0	0	26	0	0	0	Straight	0.0	30206.0	30232.0	LINESTRING(297.850000 297.270000,307.380000 288.170000)
1	140	594	593	1	0	0	0	0	34	0	0	0	Straight	0.0	30232.0	30266.0	LINESTRING(307.380000 288.170000,320.190000 279.470000)
1	141	593	607	1	0	0	0	0	30	0	0	0	Straight	0.0	30266.0	30296.0	LINESTRING(320.190000 279.470000,341.470000 281.280000)
1	142	607	616	1	0	0	0	0	22	0	0	0	Straight	0.0	30296.0	30318.0	LINESTRING(341.470000 281.280000,363.030000 281.580000)
1	143	616	615	1	0	0	0	0	3	0	0	0	Straight	0.0	30318.0	30321.0	LINESTRING(363.030000 281.580000,379.090000 271.730000)
1	144	615	1825	1	0	0	0	0	27	0	0	0	Straight	0.0	30321.0	30348.0	LINESTRING(379.090000 271.730000,401.590000 256.480000)
1	145	1825	690	1	0	0	0	0	12	0	0	0	Straight	0.0	30348.0	30360.0	LINESTRING(401.590000 256.480000,411.190000 240.760000)
1	146	690	2085	1	0	0	0	0	15	0	0	0	Left	11.389	30371.4	30386.4	LINESTRING(411.190000 240.760000,421.880000 250.660000)
1	147	2085	1083	1	0	0	0	0	71	0	0	0	Straight	0.0	30386.4	30457.4	LINESTRING(421.880000 250.660000,446.000000 251.770000)
2	0	1083	1083	-1	-1	0	0	0	0	0	0	300		0.0	30457.4	30757.4	LINESTRING(446.000000 251.770000,446.000000 251.770000)
