Problem Type	Solution Method	Vehicle Capacity (Weight)	Vehicle Capacity(Volume)	Disposal Trips	Route Time	Route Time wo Turns	Computational Time(Sec)	Clustering Time(Sec)	VA(NHO)	VA(ATD)	VA(CCI)	VA(DMT)	VA(ROI)	VA(AOI)	Optimal
MCARPTIF-TP	WJ19	10000	10000	2	37302	31776	128.089	0	0.322715	1209.43	1.47368	29950	2.30199	0.0677624	0
Load No	Sequence No	From Node ID	To Node ID	IsEdge	Required	Weight	Volume	Travel Miles	Travel Time	Service Time	Served	Dumped	Turn Type	Turn Cost	Depart Time	Arrival Time	Shape
0	0	2277	922	1	0	0	0	0	91	0	0	300		0.0	300.0	391.0	LINESTRING(360.380000 280.330000,363.400000 284.320000)
0	1	922	923	1	0	0	0	0	20	0	0	0	Straight	0.0	391.0	411.0	LINESTRING(363.400000 284.320000,367.720000 288.770000)
0	2	923	2011	1	0	0	0	0	100	0	0	0	Straight	0.0	411.0	511.0	LINESTRING(367.720000 288.770000,372.780000 294.490000)
0	3	2011	1004	1	0	0	0	0	249	0	0	0	Straight	0.0	511.0	760.0	LINESTRING(372.780000 294.490000,378.590000 301.430000)
0	4	1004	1528	1	0	0	0	0	24	0	0	0	Straight	0.0	760.0	784.0	LINESTRING(378.590000 301.430000,385.690000 307.890000)
0	5	1528	611	0	0	0	0	0	16	0	0	0	Straight	0.0	784.0	800.0	LINESTRING(385.690000 307.890000,386.970000 314.450000)
0	6	611	610	1	0	0	0	0	13	0	0	0	Straight	0.0	800.0	813.0	LINESTRING(386.970000 314.450000,383.270000 322.520000)
0	7	610	951	1	0	0	0	0	5	0	0	0	Straight	0.0	813.0	818.0	LINESTRING(383.270000 322.520000,362.600000 336.160000)
0	8	951	561	1	0	0	0	0	65	0	0	0	Straight	0.0	818.0	883.0	LINESTRING(362.600000 336.160000,341.600000 352.600000)
0	9	561	900	1	0	0	0	0	83	0	0	0	Straight	0.0	883.0	966.0	LINESTRING(341.600000 352.600000,313.770000 368.790000)
0	10	900	1553	1	0	0	0	0	42	0	0	0	Straight	0.0	966.0	1008.0	LINESTRING(313.770000 368.790000,285.870000 384.490000)
0	11	1553	2313	1	0	0	0	0	55	0	0	0	Straight	0.0	1008.0	1063.0	LINESTRING(285.870000 384.490000,258.180000 400.590000)
0	12	2313	1965	1	0	0	0	0	155	0	0	0	Straight	0.0	1063.0	1218.0	LINESTRING(258.180000 400.590000,235.220000 422.080000)
0	13	1965	1000	1	0	0	0	0	214	0	0	0	Straight	0.0	1218.0	1432.0	LINESTRING(235.220000 422.080000,214.990000 456.270000)
0	14	1000	999	1	0	0	0	0	20	0	0	0	Straight	0.0	1432.0	1452.0	LINESTRING(214.990000 456.270000,212.810000 482.160000)
0	15	999	740	1	0	0	0	0	189	0	0	0	Straight	0.0	1452.0	1641.0	LINESTRING(212.810000 482.160000,201.930000 510.040000)
0	16	740	741	1	0	0	0	0	3	0	0	0	Straight	0.0	1641.0	1644.0	LINESTRING(201.930000 510.040000,196.280000 524.150000)
0	17	741	798	1	0	0	0	0	114	0	0	0	Straight	0.0	1644.0	1758.0	LINESTRING(196.280000 524.150000,184.710000 534.980000)
0	18	798	803	0	1	77	77	0	14	84	1	0	Straight	0.0	1758.0	1842.0	LINESTRING(184.710000 534.980000,175.110000 544.590000)
0	19	803	799	1	1	37	37	0	7	37	1	0	U	57.264	1899.26	1936.26	LINESTRING(175.110000 544.590000,177.830000 538.920000)
0	20	799	804	1	0	0	0	0	12	0	0	0	Right	7.158	1943.42	1955.42	LINESTRING(177.830000 538.920000,173.420000 539.680000)
0	21	804	1893	0	1	72	72	0	13	83	1	0	Left	14.316	1969.74	2052.74	LINESTRING(173.420000 539.680000,172.510000 535.670000)
0	22	1893	1770	1	1	1200	1200	0	216	1416	1	0	Straight	0.0	2052.74	3468.74	LINESTRING(172.510000 535.670000,170.310000 530.700000)
0	23	1770	985	1	1	274	274	0	49	319	1	0	Straight	0.0	3468.74	3787.74	LINESTRING(170.310000 530.700000,164.860000 525.410000)
0	24	985	986	1	1	267	267	0	48	308	1	0	Straight	0.0	3787.74	4095.74	LINESTRING(164.860000 525.410000,160.940000 521.130000)
0	25	986	2344	1	1	55	55	0	10	60	1	0	Right	7.158	4102.9	4162.9	LINESTRING(160.940000 521.130000,156.640000 523.250000)
0	26	2344	986	1	1	55	55	0	10	60	0	0	U	57.264	4220.16	4230.16	LINESTRING(156.640000 523.250000,160.940000 521.130000)
0	27	986	977	1	1	145	145	0	26	166	1	0	Right	7.158	4237.32	4403.32	LINESTRING(160.940000 521.130000,162.590000 515.220000)
0	28	977	978	1	1	147	147	0	26	166	1	0	Right	7.158	4410.48	4576.48	LINESTRING(162.590000 515.220000,155.520000 514.360000)
0	29	978	1966	1	1	84	84	0	15	95	1	0	Straight	0.0	4576.48	4671.48	LINESTRING(155.520000 514.360000,151.460000 512.020000)
0	30	1966	978	1	1	84	84	0	15	95	0	0	U	57.264	4728.74	4743.74	LINESTRING(151.460000 512.020000,155.520000 514.360000)
0	31	978	2191	1	1	219	219	0	39	249	1	0	Left	14.316	4758.06	5007.06	LINESTRING(155.520000 514.360000,151.020000 515.930000)
0	32	2191	978	1	1	219	219	0	39	249	0	0	U	57.264	5064.32	5103.32	LINESTRING(151.020000 515.930000,155.520000 514.360000)
0	33	978	977	1	1	147	147	0	26	166	0	0	Straight	0.0	5103.32	5129.32	LINESTRING(155.520000 514.360000,162.590000 515.220000)
0	34	977	627	1	1	140	140	0	25	165	1	0	Right	7.158	5136.48	5301.48	LINESTRING(162.590000 515.220000,168.020000 508.740000)
0	35	627	628	1	1	160	160	0	29	189	1	0	Straight	0.0	5301.48	5490.48	LINESTRING(168.020000 508.740000,169.590000 499.380000)
0	36	628	931	1	1	124	124	0	22	142	1	0	Straight	0.0	5490.48	5632.48	LINESTRING(169.590000 499.380000,168.490000 488.540000)
0	37	931	913	1	1	99	99	0	18	108	1	0	Left	14.316	5646.79	5754.79	LINESTRING(168.490000 488.540000,175.610000 485.580000)
0	38	913	914	1	1	24	24	0	4	24	1	0	Right	7.158	5761.95	5785.95	LINESTRING(175.610000 485.580000,173.120000 482.510000)
0	39	914	913	1	1	24	24	0	4	24	0	0	U	57.264	5843.22	5847.22	LINESTRING(173.120000 482.510000,175.610000 485.580000)
0	40	913	898	1	1	46	46	0	8	48	1	0	Right	7.158	5854.37	5902.37	LINESTRING(175.610000 485.580000,184.110000 484.470000)
0	41	898	904	1	1	148	148	0	27	167	1	0	Right	7.158	5909.53	6076.53	LINESTRING(184.110000 484.470000,178.310000 471.340000)
0	42	904	915	1	1	146	146	0	26	166	1	0	Straight	0.0	6076.53	6242.53	LINESTRING(178.310000 471.340000,163.130000 457.970000)
0	43	915	1668	1	1	94	94	0	17	107	1	0	Straight	0.0	6242.53	6349.53	LINESTRING(163.130000 457.970000,149.030000 445.180000)
0	44	1668	691	1	1	95	95	0	17	107	1	0	Straight	0.0	6349.53	6456.53	LINESTRING(149.030000 445.180000,135.680000 435.250000)
0	45	691	939	1	1	175	175	0	31	201	1	0	Straight	0.0	6456.53	6657.53	LINESTRING(135.680000 435.250000,131.400000 431.940000)
0	46	939	691	1	1	175	175	0	31	201	0	0	U	57.264	6714.8	6745.8	LINESTRING(131.400000 431.940000,135.680000 435.250000)
0	47	691	690	1	1	540	540	0	97	637	1	0	U	57.264	6803.06	7440.06	LINESTRING(135.680000 435.250000,123.880000 426.300000)
0	48	690	1676	1	1	16	16	0	3	13	1	0	Straight	0.0	7440.06	7453.06	LINESTRING(123.880000 426.300000,111.880000 418.900000)
0	49	1676	2130	1	1	35	35	0	6	36	1	0	Straight	0.0	7453.06	7489.06	LINESTRING(111.880000 418.900000,108.790000 415.600000)
0	50	2130	1676	1	1	35	35	0	6	36	0	0	U	57.264	7546.32	7552.32	LINESTRING(108.790000 415.600000,111.880000 418.900000)
0	51	1676	688	1	1	42	42	0	8	48	1	0	U	57.264	7609.59	7657.59	LINESTRING(111.880000 418.900000,100.890000 412.570000)
0	52	688	689	1	1	37	37	0	7	37	1	0	Straight	0.0	7657.59	7694.59	LINESTRING(100.890000 412.570000,90.958000 407.070000)
0	53	689	1831	1	1	27	27	0	5	25	1	0	Straight	0.0	7694.59	7719.59	LINESTRING(90.958000 407.070000,86.453000 406.450000)
0	54	1831	689	1	1	27	27	0	5	25	0	0	U	57.264	7776.85	7781.85	LINESTRING(86.453000 406.450000,90.958000 407.070000)
0	55	689	686	1	1	34	34	0	6	36	1	0	U	57.264	7839.12	7875.12	LINESTRING(90.958000 407.070000,82.614000 403.070000)
0	56	686	684	1	1	5	5	0	1	1	1	0	Straight	0.0	7875.12	7876.12	LINESTRING(82.614000 403.070000,74.006000 398.900000)
0	57	684	685	1	1	28	28	0	5	25	1	0	Straight	0.0	7876.12	7901.12	LINESTRING(74.006000 398.900000,70.500000 396.290000)
0	58	685	684	1	1	28	28	0	5	25	0	0	U	57.264	7958.38	7963.38	LINESTRING(70.500000 396.290000,74.006000 398.900000)
0	59	684	990	1	1	30	30	0	5	35	1	0	U	57.264	8020.64	8055.64	LINESTRING(74.006000 398.900000,66.225000 395.640000)
0	60	990	682	1	1	5	5	0	1	1	1	0	Straight	0.0	8055.64	8056.64	LINESTRING(66.225000 395.640000,59.438000 392.630000)
0	61	682	683	1	1	26	26	0	5	25	1	0	Straight	0.0	8056.64	8081.64	LINESTRING(59.438000 392.630000,55.448000 390.640000)
0	62	683	682	1	1	26	26	0	5	25	0	0	U	57.264	8138.91	8143.91	LINESTRING(55.448000 390.640000,59.438000 392.630000)
0	63	682	1961	1	1	30	30	0	5	35	1	0	U	57.264	8201.17	8236.17	LINESTRING(59.438000 392.630000,50.385000 388.710000)
0	64	1961	987	1	1	6	6	0	1	1	1	0	Straight	0.0	8236.17	8237.17	LINESTRING(50.385000 388.710000,42.712000 385.740000)
0	65	987	2433	1	1	26	26	0	5	25	1	0	Straight	0.0	8237.17	8262.17	LINESTRING(42.712000 385.740000,38.544000 382.280000)
0	66	2433	987	1	1	26	26	0	5	25	0	0	U	57.264	8319.44	8324.44	LINESTRING(38.544000 382.280000,42.712000 385.740000)
0	67	987	988	1	1	65	65	0	12	72	1	0	U	57.264	8381.7	8453.7	LINESTRING(42.712000 385.740000,37.712000 385.990000)
0	68	988	987	1	1	65	65	0	12	72	0	0	U	57.264	8510.96	8522.96	LINESTRING(37.712000 385.990000,42.712000 385.740000)
0	69	987	1961	1	1	6	6	0	1	1	0	0	Straight	0.0	8522.96	8523.96	LINESTRING(42.712000 385.740000,50.385000 388.710000)
0	70	1961	2173	1	1	36	36	0	6	36	1	0	U	57.264	8581.23	8617.23	LINESTRING(50.385000 388.710000,47.842000 385.700000)
0	71	2173	1961	1	1	36	36	0	6	36	0	0	U	57.264	8674.49	8680.49	LINESTRING(47.842000 385.700000,50.385000 388.710000)
0	72	1961	682	1	1	30	30	0	5	35	0	0	Straight	0.0	8680.49	8685.49	LINESTRING(50.385000 388.710000,59.438000 392.630000)
0	73	682	990	1	1	5	5	0	1	1	0	0	Straight	0.0	8685.49	8686.49	LINESTRING(59.438000 392.630000,66.225000 395.640000)
0	74	990	993	1	1	32	32	0	6	36	1	0	U	57.264	8743.76	8779.76	LINESTRING(66.225000 395.640000,62.439000 394.110000)
0	75	993	990	1	1	32	32	0	6	36	0	0	U	57.264	8837.02	8843.02	LINESTRING(62.439000 394.110000,66.225000 395.640000)
0	76	990	684	1	1	30	30	0	5	35	0	0	Straight	0.0	8843.02	8848.02	LINESTRING(66.225000 395.640000,74.006000 398.900000)
0	77	684	686	1	1	5	5	0	1	1	0	0	Straight	0.0	8848.02	8849.02	LINESTRING(74.006000 398.900000,82.614000 403.070000)
0	78	686	2367	1	1	37	37	0	7	37	1	0	U	57.264	8906.28	8943.28	LINESTRING(82.614000 403.070000,79.134000 403.950000)
0	79	2367	686	1	1	37	37	0	7	37	0	0	U	57.264	9000.55	9007.55	LINESTRING(79.134000 403.950000,82.614000 403.070000)
0	80	686	689	1	1	34	34	0	6	36	0	0	Straight	0.0	9007.55	9013.55	LINESTRING(82.614000 403.070000,90.958000 407.070000)
0	81	689	2056	1	1	30	30	0	5	35	1	0	Right	7.158	9020.71	9055.71	LINESTRING(90.958000 407.070000,90.058000 402.820000)
0	82	2056	689	1	1	30	30	0	5	35	0	0	U	57.264	9112.97	9117.97	LINESTRING(90.058000 402.820000,90.958000 407.070000)
0	83	689	688	1	1	37	37	0	7	37	0	0	Right	7.158	9125.13	9132.13	LINESTRING(90.958000 407.070000,100.890000 412.570000)
0	84	688	2234	1	1	36	36	0	6	36	1	0	U	57.264	9189.39	9225.39	LINESTRING(100.890000 412.570000,97.414000 410.070000)
0	85	2234	688	1	1	36	36	0	6	36	0	0	U	57.264	9282.66	9288.66	LINESTRING(97.414000 410.070000,100.890000 412.570000)
0	86	688	1676	1	1	42	42	0	8	48	0	0	Straight	0.0	9288.66	9296.66	LINESTRING(100.890000 412.570000,111.880000 418.900000)
0	87	1676	690	1	1	16	16	0	3	13	0	0	Straight	0.0	9296.66	9299.66	LINESTRING(111.880000 418.900000,123.880000 426.300000)
0	88	690	708	1	1	280	280	0	50	330	1	0	U	57.264	9356.92	9686.92	LINESTRING(123.880000 426.300000,120.510000 422.910000)
0	89	708	690	1	1	280	280	0	50	330	0	0	U	57.264	9744.18	9794.18	LINESTRING(120.510000 422.910000,123.880000 426.300000)
0	90	690	691	1	1	540	540	0	97	637	0	0	Straight	0.0	9794.18	9891.18	LINESTRING(123.880000 426.300000,135.680000 435.250000)
0	91	691	1668	1	1	95	95	0	17	107	0	0	Straight	0.0	9891.18	9908.18	LINESTRING(135.680000 435.250000,149.030000 445.180000)
0	92	1668	585	1	1	102	102	0	18	118	1	0	U	57.264	9965.45	10083.4	LINESTRING(149.030000 445.180000,144.710000 438.110000)
0	93	585	584	1	1	38	38	0	7	37	1	0	Straight	0.0	10083.4	10120.4	LINESTRING(144.710000 438.110000,143.330000 432.850000)
0	94	584	585	1	1	38	38	0	7	37	0	0	U	57.264	10177.7	10184.7	LINESTRING(143.330000 432.850000,144.710000 438.110000)
0	95	585	952	1	1	35	35	0	6	36	1	0	U	57.264	10242.0	10278.0	LINESTRING(144.710000 438.110000,140.560000 435.140000)
0	96	952	585	1	1	35	35	0	6	36	0	0	U	57.264	10335.2	10341.2	LINESTRING(140.560000 435.140000,144.710000 438.110000)
0	97	585	1668	1	1	102	102	0	18	118	0	0	Straight	0.0	10341.2	10359.2	LINESTRING(144.710000 438.110000,149.030000 445.180000)
0	98	1668	915	1	1	94	94	0	17	107	0	0	Straight	0.0	10359.2	10376.2	LINESTRING(149.030000 445.180000,163.130000 457.970000)
0	99	915	916	1	1	103	103	0	18	118	1	0	U	57.264	10433.5	10551.5	LINESTRING(163.130000 457.970000,158.930000 454.790000)
0	100	916	915	1	1	103	103	0	18	118	0	0	U	57.264	10608.8	10626.8	LINESTRING(158.930000 454.790000,163.130000 457.970000)
0	101	915	904	1	1	146	146	0	26	166	0	0	Straight	0.0	10626.8	10652.8	LINESTRING(163.130000 457.970000,178.310000 471.340000)
0	102	904	1706	1	1	121	121	0	22	142	1	0	Straight	0.0	10652.8	10794.8	LINESTRING(178.310000 471.340000,193.620000 476.550000)
0	103	1706	498	1	0	0	0	0	26	0	0	0	Left	14.316	10809.1	10835.1	LINESTRING(193.620000 476.550000,194.630000 487.890000)
0	104	498	499	1	1	87	87	0	16	96	1	0	U	57.264	10892.3	10988.3	LINESTRING(194.630000 487.890000,193.690000 484.830000)
0	105	499	478	1	1	42	42	0	8	48	1	0	Straight	0.0	10988.3	11036.3	LINESTRING(193.690000 484.830000,189.960000 474.240000)
0	106	478	2212	1	1	56	56	0	10	60	1	0	Straight	0.0	11036.3	11096.3	LINESTRING(189.960000 474.240000,190.690000 470.300000)
0	107	2212	478	1	1	56	56	0	10	60	0	0	U	57.264	11153.6	11163.6	LINESTRING(190.690000 470.300000,189.960000 474.240000)
0	108	478	479	1	1	66	66	0	12	72	1	0	U	57.264	11220.9	11292.9	LINESTRING(189.960000 474.240000,185.390000 464.790000)
0	109	479	873	1	1	69	69	0	12	72	1	0	Straight	0.0	11292.9	11364.9	LINESTRING(185.390000 464.790000,181.440000 457.250000)
0	110	873	1587	1	1	65	65	0	12	72	1	0	Straight	0.0	11364.9	11436.9	LINESTRING(181.440000 457.250000,177.480000 453.980000)
0	111	1587	873	1	1	65	65	0	12	72	0	0	U	57.264	11494.1	11506.1	LINESTRING(177.480000 453.980000,181.440000 457.250000)
0	112	873	872	1	1	60	60	0	11	71	1	0	U	57.264	11563.4	11634.4	LINESTRING(181.440000 457.250000,180.460000 451.940000)
0	113	872	873	1	1	60	60	0	11	71	0	0	U	57.264	11691.7	11702.7	LINESTRING(180.460000 451.940000,181.440000 457.250000)
0	114	873	479	1	1	69	69	0	12	72	0	0	Straight	0.0	11702.7	11714.7	LINESTRING(181.440000 457.250000,185.390000 464.790000)
0	115	479	1549	1	1	63	63	0	11	71	1	0	U	57.264	11771.9	11842.9	LINESTRING(185.390000 464.790000,181.410000 462.450000)
0	116	1549	479	1	1	63	63	0	11	71	0	0	U	57.264	11900.2	11911.2	LINESTRING(181.410000 462.450000,185.390000 464.790000)
0	117	479	478	1	1	66	66	0	12	72	0	0	Straight	0.0	11911.2	11923.2	LINESTRING(185.390000 464.790000,189.960000 474.240000)
0	118	478	499	1	1	42	42	0	8	48	0	0	Straight	0.0	11923.2	11931.2	LINESTRING(189.960000 474.240000,193.690000 484.830000)
0	119	499	498	1	1	87	87	0	16	96	0	0	Straight	0.0	11931.2	11947.2	LINESTRING(193.690000 484.830000,194.630000 487.890000)
0	120	498	898	1	1	141	141	0	25	165	1	0	Left	14.316	11961.5	12126.5	LINESTRING(194.630000 487.890000,184.110000 484.470000)
0	121	898	556	1	1	167	167	0	30	190	1	0	Right	7.158	12133.7	12323.7	LINESTRING(184.110000 484.470000,187.650000 496.520000)
0	122	556	555	1	1	145	145	0	26	166	1	0	Left	14.316	12338.0	12504.0	LINESTRING(187.650000 496.520000,178.590000 494.140000)
0	123	555	2252	1	1	44	44	0	8	48	1	0	Right	7.158	12511.1	12559.1	LINESTRING(178.590000 494.140000,181.720000 501.480000)
0	124	2252	918	1	1	95	95	0	17	107	1	0	Straight	0.0	12559.1	12666.1	LINESTRING(181.720000 501.480000,188.920000 507.190000)
0	125	918	1707	1	1	78	78	0	14	84	1	0	Straight	0.0	12666.1	12750.1	LINESTRING(188.920000 507.190000,196.930000 508.330000)
0	126	1707	1636	1	0	0	0	0	8	0	0	0	Straight	0.0	12750.1	12758.1	LINESTRING(196.930000 508.330000,205.980000 509.550000)
0	127	1636	487	1	1	112	112	0	20	130	1	0	Straight	0.0	12758.1	12888.1	LINESTRING(205.980000 509.550000,215.150000 518.100000)
0	128	487	475	1	0	0	0	0	8	0	0	0	Straight	0.0	12888.1	12896.1	LINESTRING(215.150000 518.100000,225.040000 530.180000)
0	129	475	476	1	1	96	96	0	17	107	1	0	U	57.264	12953.4	13060.4	LINESTRING(225.040000 530.180000,222.480000 524.150000)
0	130	476	850	1	1	23	23	0	4	24	1	0	Straight	0.0	13060.4	13084.4	LINESTRING(222.480000 524.150000,219.710000 518.100000)
0	131	850	424	1	1	189	189	0	34	214	1	0	Left	14.316	13098.7	13312.7	LINESTRING(219.710000 518.100000,222.310000 514.250000)
0	132	424	423	1	1	193	193	0	35	225	1	0	Straight	0.0	13312.7	13537.7	LINESTRING(222.310000 514.250000,224.580000 511.080000)
0	133	423	424	1	1	193	193	0	35	225	0	0	U	57.264	13595.0	13630.0	LINESTRING(224.580000 511.080000,222.310000 514.250000)
0	134	424	850	1	1	189	189	0	34	214	0	0	Straight	0.0	13630.0	13664.0	LINESTRING(222.310000 514.250000,219.710000 518.100000)
0	135	850	871	1	0	0	0	0	17	0	0	0	Left	14.316	13678.3	13695.3	LINESTRING(219.710000 518.100000,213.900000 514.880000)
0	136	871	488	1	1	89	89	0	16	96	1	0	Straight	0.0	13695.3	13791.3	LINESTRING(213.900000 514.880000,210.090000 509.610000)
0	137	488	2065	1	0	0	0	0	11	0	0	0	Straight	0.0	13791.3	13802.3	LINESTRING(210.090000 509.610000,203.090000 500.060000)
0	138	2065	1636	1	0	0	0	0	21	0	0	0	U	57.264	13859.6	13880.6	LINESTRING(203.090000 500.060000,205.980000 509.550000)
0	139	1636	1707	1	0	0	0	0	8	0	0	0	Left	14.316	13894.9	13902.9	LINESTRING(205.980000 509.550000,196.930000 508.330000)
0	140	1707	918	1	1	78	78	0	14	84	0	0	Straight	0.0	13902.9	13916.9	LINESTRING(196.930000 508.330000,188.920000 507.190000)
0	141	918	917	1	1	97	97	0	17	107	1	0	Right	7.158	13924.0	14031.0	LINESTRING(188.920000 507.190000,190.350000 514.060000)
0	142	917	547	1	1	39	39	0	7	37	1	0	Straight	0.0	14031.0	14068.0	LINESTRING(190.350000 514.060000,197.120000 518.800000)
0	143	547	546	1	1	174	174	0	31	201	1	0	Left	14.316	14082.4	14283.4	LINESTRING(197.120000 518.800000,195.090000 523.990000)
0	144	546	511	1	1	90	90	0	16	106	1	0	Right	7.158	14290.5	14396.5	LINESTRING(195.090000 523.990000,202.320000 530.150000)
0	145	511	2172	1	1	323	323	0	58	378	1	0	Left	14.316	14410.8	14788.8	LINESTRING(202.320000 530.150000,190.860000 531.080000)
0	146	2172	657	1	1	45	45	0	8	48	1	0	Straight	0.0	14788.8	14836.8	LINESTRING(190.860000 531.080000,182.330000 537.310000)
0	147	657	2008	1	1	95	95	0	17	107	1	0	Straight	0.0	14836.8	14943.8	LINESTRING(182.330000 537.310000,178.600000 543.900000)
0	148	2008	2213	1	1	32	32	0	6	36	1	0	Straight	0.0	14943.8	14979.8	LINESTRING(178.600000 543.900000,178.120000 549.050000)
0	149	2213	2008	1	1	32	32	0	6	36	0	0	U	57.264	15037.1	15043.1	LINESTRING(178.120000 549.050000,178.600000 543.900000)
0	150	2008	2007	1	1	452	452	0	81	531	1	0	Right	7.158	15050.3	15581.3	LINESTRING(178.600000 543.900000,173.010000 543.790000)
0	151	2007	2302	1	1	80	80	0	14	94	0	0	Right	7.158	15588.4	15602.4	LINESTRING(173.010000 543.790000,169.960000 548.300000)
0	152	2302	2007	1	1	80	80	0	14	94	1	0	U	57.264	15659.7	15753.7	LINESTRING(169.960000 548.300000,173.010000 543.790000)
0	153	2007	656	1	1	111	111	0	20	130	1	0	Straight	0.0	15753.7	15883.7	LINESTRING(173.010000 543.790000,174.710000 537.180000)
0	154	656	657	1	1	445	445	0	80	520	1	0	Left	14.316	15898.0	16418.0	LINESTRING(174.710000 537.180000,182.330000 537.310000)
0	155	657	2172	1	1	45	45	0	8	48	0	0	Straight	0.0	16418.0	16426.0	LINESTRING(182.330000 537.310000,190.860000 531.080000)
0	156	2172	1825	1	1	92	92	0	17	107	1	0	Right	7.158	16433.1	16540.1	LINESTRING(190.860000 531.080000,186.730000 523.270000)
0	157	1825	943	1	0	0	0	0	37	0	0	0	Straight	0.0	16540.1	16577.1	LINESTRING(186.730000 523.270000,184.040000 516.080000)
0	158	943	917	1	1	143	143	0	26	166	1	0	Left	14.316	16591.5	16757.5	LINESTRING(184.040000 516.080000,190.350000 514.060000)
0	159	917	918	1	1	97	97	0	17	107	0	0	Right	7.158	16764.6	16781.6	LINESTRING(190.350000 514.060000,188.920000 507.190000)
0	160	918	2252	1	1	95	95	0	17	107	0	0	Straight	0.0	16781.6	16798.6	LINESTRING(188.920000 507.190000,181.720000 501.480000)
0	161	2252	555	1	1	44	44	0	8	48	0	0	Straight	0.0	16798.6	16806.6	LINESTRING(181.720000 501.480000,178.590000 494.140000)
0	162	555	931	1	1	170	170	0	31	201	1	0	Straight	0.0	16806.6	17007.6	LINESTRING(178.590000 494.140000,168.490000 488.540000)
0	163	931	1631	1	1	103	103	0	19	119	0	0	Straight	0.0	17007.6	17026.6	LINESTRING(168.490000 488.540000,156.950000 478.380000)
0	164	1631	576	1	1	11	11	0	2	12	0	0	Straight	0.0	17026.6	17028.6	LINESTRING(156.950000 478.380000,148.690000 473.000000)
0	165	576	577	1	1	55	55	0	10	60	1	0	Straight	0.0	17028.6	17088.6	LINESTRING(148.690000 473.000000,144.120000 471.960000)
0	166	577	576	1	1	55	55	0	10	60	0	0	U	57.264	17145.9	17155.9	LINESTRING(144.120000 471.960000,148.690000 473.000000)
0	167	576	1631	1	1	11	11	0	2	12	1	0	Straight	0.0	17155.9	17167.9	LINESTRING(148.690000 473.000000,156.950000 478.380000)
0	168	1631	931	1	1	103	103	0	19	119	0	0	Straight	0.0	17167.9	17186.9	LINESTRING(156.950000 478.380000,168.490000 488.540000)
0	169	931	913	1	1	99	99	0	18	108	0	0	Right	7.158	17194.0	17212.0	LINESTRING(168.490000 488.540000,175.610000 485.580000)
0	170	913	898	1	1	46	46	0	8	48	0	0	Straight	0.0	17212.0	17220.0	LINESTRING(175.610000 485.580000,184.110000 484.470000)
0	171	898	498	1	1	141	141	0	25	165	0	0	Straight	0.0	17220.0	17245.0	LINESTRING(184.110000 484.470000,194.630000 487.890000)
0	172	498	499	1	1	87	87	0	16	96	0	0	Right	7.158	17252.2	17268.2	LINESTRING(194.630000 487.890000,193.690000 484.830000)
0	173	499	836	1	0	0	0	0	27	0	0	0	U	57.264	17325.5	17352.5	LINESTRING(193.690000 484.830000,202.740000 501.820000)
0	174	836	812	1	0	0	0	0	30	0	0	0	Straight	0.0	17352.5	17382.5	LINESTRING(202.740000 501.820000,211.220000 519.570000)
0	175	812	413	1	0	0	0	0	28	0	0	0	Straight	0.0	17382.5	17410.5	LINESTRING(211.220000 519.570000,218.710000 538.140000)
0	176	413	412	1	0	0	0	0	2	0	0	0	Straight	0.0	17410.5	17412.5	LINESTRING(218.710000 538.140000,222.750000 551.150000)
0	177	412	395	1	0	0	0	0	33	0	0	0	Straight	0.0	17412.5	17445.5	LINESTRING(222.750000 551.150000,220.350000 567.820000)
0	178	395	2119	1	0	0	0	0	17	0	0	0	Right	7.158	17452.6	17469.6	LINESTRING(220.350000 567.820000,232.170000 576.060000)
0	179	2119	1780	1	0	0	0	0	4	0	0	0	Straight	0.0	17469.6	17473.6	LINESTRING(232.170000 576.060000,245.150000 589.790000)
0	180	1780	730	1	0	0	0	0	61	0	0	0	Straight	0.0	17473.6	17534.6	LINESTRING(245.150000 589.790000,267.400000 594.330000)
0	181	730	697	1	0	0	0	0	71	0	0	0	Straight	0.0	17534.6	17605.6	LINESTRING(267.400000 594.330000,289.760000 602.260000)
0	182	697	251	1	0	0	0	0	19	0	0	0	Straight	0.0	17605.6	17624.6	LINESTRING(289.760000 602.260000,312.320000 609.680000)
0	183	251	252	1	0	0	0	0	81	0	0	0	Straight	0.0	17624.6	17705.6	LINESTRING(312.320000 609.680000,335.510000 624.770000)
0	184	252	203	1	0	0	0	0	40	0	0	0	Straight	0.0	17705.6	17745.6	LINESTRING(335.510000 624.770000,355.840000 637.410000)
0	185	203	1601	1	0	0	0	0	13	0	0	0	Straight	0.0	17745.6	17758.6	LINESTRING(355.840000 637.410000,369.240000 649.570000)
0	186	1601	1581	1	0	0	0	0	13	0	0	0	Straight	0.0	17758.6	17771.6	LINESTRING(369.240000 649.570000,380.570000 661.590000)
0	187	1581	567	1	0	0	0	0	55	0	0	0	Right	7.158	17778.8	17833.8	LINESTRING(380.570000 661.590000,385.040000 659.000000)
0	188	567	168	1	0	0	0	0	19	0	0	0	Left	14.316	17848.1	17867.1	LINESTRING(385.040000 659.000000,395.580000 664.700000)
0	189	168	169	1	0	0	0	0	17	0	0	0	Straight	0.0	17867.1	17884.1	LINESTRING(395.580000 664.700000,405.870000 667.280000)
0	190	169	519	1	0	0	0	0	19	0	0	0	Straight	0.0	17884.1	17903.1	LINESTRING(405.870000 667.280000,414.590000 665.810000)
0	191	519	518	1	0	0	0	0	14	0	0	0	Right	7.158	17910.3	17924.3	LINESTRING(414.590000 665.810000,416.590000 654.350000)
0	192	518	142	1	0	0	0	0	24	0	0	0	Left	14.316	17938.6	17962.6	LINESTRING(416.590000 654.350000,448.420000 660.270000)
0	193	142	141	1	0	0	0	0	2	0	0	0	Straight	0.0	17962.6	17964.6	LINESTRING(448.420000 660.270000,466.720000 670.500000)
0	194	141	485	0	0	0	0	0	36	0	0	0	Right	7.158	17971.7	18007.7	LINESTRING(466.720000 670.500000,474.080000 649.440000)
0	195	485	135	1	0	0	0	0	32	0	0	0	Straight	0.0	18007.7	18039.7	LINESTRING(474.080000 649.440000,499.720000 626.790000)
0	196	135	104	1	0	0	0	0	182	0	0	0	Straight	0.0	18039.7	18221.7	LINESTRING(499.720000 626.790000,529.460000 605.430000)
0	197	104	92	1	0	0	0	0	38	0	0	0	Left	14.316	18236.0	18274.0	LINESTRING(529.460000 605.430000,547.190000 620.720000)
0	198	92	1535	1	0	0	0	0	11	0	0	0	Straight	0.0	18274.0	18285.0	LINESTRING(547.190000 620.720000,566.300000 625.930000)
0	199	1535	1536	1	0	0	0	0	18	0	0	0	Straight	0.0	18285.0	18303.0	LINESTRING(566.300000 625.930000,577.460000 637.630000)
0	200	1536	2155	1	0	0	0	0	27	0	0	0	Straight	0.0	18303.0	18330.0	LINESTRING(577.460000 637.630000,578.390000 650.730000)
0	201	2155	307	1	0	0	0	0	34	0	0	0	Right	7.158	18337.2	18371.2	LINESTRING(578.390000 650.730000,590.370000 654.040000)
0	202	307	48	1	0	0	0	0	21	0	0	0	Straight	0.0	18371.2	18392.2	LINESTRING(590.370000 654.040000,599.660000 662.980000)
0	203	48	274	1	0	0	0	0	22	0	0	0	Straight	0.0	18392.2	18414.2	LINESTRING(599.660000 662.980000,612.750000 663.230000)
0	204	274	38	1	0	0	0	0	12	0	0	0	Straight	0.0	18414.2	18426.2	LINESTRING(612.750000 663.230000,625.450000 661.250000)
0	205	38	39	1	0	0	0	0	13	0	0	0	Straight	0.0	18426.2	18439.2	LINESTRING(625.450000 661.250000,638.070000 657.560000)
0	206	39	227	1	0	0	0	0	17	0	0	0	Straight	0.0	18439.2	18456.2	LINESTRING(638.070000 657.560000,650.280000 656.620000)
0	207	227	1888	1	0	0	0	0	36	0	0	0	Right	7.158	18463.4	18499.4	LINESTRING(650.280000 656.620000,663.700000 640.650000)
0	208	1888	2314	1	0	0	0	0	93	0	0	0	Straight	0.0	18499.4	18592.4	LINESTRING(663.700000 640.650000,663.790000 616.000000)
0	209	2314	1312	1	0	0	0	0	40	0	0	0	Straight	0.0	18592.4	18632.4	LINESTRING(663.790000 616.000000,659.120000 591.060000)
0	210	1312	1306	1	0	0	0	0	21	0	0	0	Straight	0.0	18632.4	18653.4	LINESTRING(659.120000 591.060000,654.820000 566.300000)
0	211	1306	1307	0	0	0	0	0	37	0	0	0	Left	14.316	18667.7	18704.7	LINESTRING(654.820000 566.300000,667.430000 553.850000)
0	212	1307	1732	0	0	0	0	0	18	0	0	0	Straight	0.0	18704.7	18722.7	LINESTRING(667.430000 553.850000,676.830000 553.640000)
0	213	1732	1508	0	0	0	0	0	24	0	0	0	Right	7.158	18729.8	18753.8	LINESTRING(676.830000 553.640000,679.330000 550.700000)
0	214	2277	922	1	0	0	0	0	91	0	0	0	U	57.264	18811.1	18902.1	LINESTRING(360.380000 280.330000,363.400000 284.320000)
0	215	922	923	1	0	0	0	0	20	0	0	0	Straight	0.0	18902.1	18922.1	LINESTRING(363.400000 284.320000,367.720000 288.770000)
0	216	923	2011	1	0	0	0	0	100	0	0	0	Straight	0.0	18922.1	19022.1	LINESTRING(367.720000 288.770000,372.780000 294.490000)
0	217	2011	1004	1	0	0	0	0	249	0	0	0	Straight	0.0	19022.1	19271.1	LINESTRING(372.780000 294.490000,378.590000 301.430000)
0	218	1004	1528	1	0	0	0	0	24	0	0	0	Straight	0.0	19271.1	19295.1	LINESTRING(378.590000 301.430000,385.690000 307.890000)
0	219	1528	611	0	0	0	0	0	16	0	0	0	Straight	0.0	19295.1	19311.1	LINESTRING(385.690000 307.890000,386.970000 314.450000)
0	220	611	610	1	0	0	0	0	13	0	0	0	Straight	0.0	19311.1	19324.1	LINESTRING(386.970000 314.450000,383.270000 322.520000)
0	221	610	951	1	0	0	0	0	5	0	0	0	Straight	0.0	19324.1	19329.1	LINESTRING(383.270000 322.520000,362.600000 336.160000)
0	222	951	561	1	0	0	0	0	65	0	0	0	Straight	0.0	19329.1	19394.1	LINESTRING(362.600000 336.160000,341.600000 352.600000)
0	223	561	900	1	0	0	0	0	83	0	0	0	Straight	0.0	19394.1	19477.1	LINESTRING(341.600000 352.600000,313.770000 368.790000)
0	224	900	1553	1	0	0	0	0	42	0	0	0	Straight	0.0	19477.1	19519.1	LINESTRING(313.770000 368.790000,285.870000 384.490000)
0	225	1553	2313	1	0	0	0	0	55	0	0	0	Straight	0.0	19519.1	19574.1	LINESTRING(285.870000 384.490000,258.180000 400.590000)
0	226	2313	1965	1	0	0	0	0	155	0	0	0	Straight	0.0	19574.1	19729.1	LINESTRING(258.180000 400.590000,235.220000 422.080000)
0	227	1965	1000	1	0	0	0	0	214	0	0	0	Straight	0.0	19729.1	19943.1	LINESTRING(235.220000 422.080000,214.990000 456.270000)
0	228	1000	1686	1	0	0	0	0	179	0	0	0	Straight	0.0	19943.1	20122.1	LINESTRING(214.990000 456.270000,184.100000 466.650000)
0	229	1686	1041	1	0	0	0	0	53	0	0	0	Straight	0.0	20122.1	20175.1	LINESTRING(184.100000 466.650000,158.170000 474.390000)
0	230	1041	845	1	0	0	0	0	17	0	0	0	Right	7.158	20182.3	20199.3	LINESTRING(158.170000 474.390000,152.700000 485.300000)
0	231	845	865	1	0	0	0	0	24	0	0	0	Straight	0.0	20199.3	20223.3	LINESTRING(152.700000 485.300000,137.500000 497.310000)
0	232	865	866	1	0	0	0	0	24	0	0	0	Straight	0.0	20223.3	20247.3	LINESTRING(137.500000 497.310000,127.880000 507.320000)
0	233	866	879	1	0	0	0	0	29	0	0	0	Straight	0.0	20247.3	20276.3	LINESTRING(127.880000 507.320000,121.930000 516.100000)
0	234	879	880	1	0	0	0	0	2	0	0	0	Straight	0.0	20276.3	20278.3	LINESTRING(121.930000 516.100000,114.050000 522.390000)
0	235	880	1045	1	1	174	174	0	31	201	1	0	Straight	0.0	20278.3	20479.3	LINESTRING(114.050000 522.390000,106.540000 522.760000)
0	236	1045	907	1	1	170	170	0	31	201	1	0	Right	7.158	20486.4	20687.4	LINESTRING(106.540000 522.760000,103.880000 528.940000)
0	237	907	881	1	1	141	141	0	25	165	0	0	Right	7.158	20694.6	20719.6	LINESTRING(103.880000 528.940000,111.230000 529.780000)
0	238	881	880	1	1	140	140	0	25	165	1	0	Right	7.158	20726.7	20891.7	LINESTRING(111.230000 529.780000,114.050000 522.390000)
0	239	880	879	1	0	0	0	0	2	0	0	0	Straight	0.0	20891.7	20893.7	LINESTRING(114.050000 522.390000,121.930000 516.100000)
0	240	879	866	1	0	0	0	0	29	0	0	0	Straight	0.0	20893.7	20922.7	LINESTRING(121.930000 516.100000,127.880000 507.320000)
0	241	866	865	1	0	0	0	0	24	0	0	0	Straight	0.0	20922.7	20946.7	LINESTRING(127.880000 507.320000,137.500000 497.310000)
0	242	865	845	1	0	0	0	0	24	0	0	0	Straight	0.0	20946.7	20970.7	LINESTRING(137.500000 497.310000,152.700000 485.300000)
0	243	845	1041	1	0	0	0	0	17	0	0	0	Straight	0.0	20970.7	20987.7	LINESTRING(152.700000 485.300000,158.170000 474.390000)
0	244	1041	1686	1	0	0	0	0	53	0	0	0	Left	14.316	21002.0	21055.0	LINESTRING(158.170000 474.390000,184.100000 466.650000)
0	245	1686	1000	1	0	0	0	0	179	0	0	0	Straight	0.0	21055.0	21234.0	LINESTRING(184.100000 466.650000,214.990000 456.270000)
0	246	1000	1965	1	0	0	0	0	214	0	0	0	Straight	0.0	21234.0	21448.0	LINESTRING(214.990000 456.270000,235.220000 422.080000)
0	247	1965	2313	1	0	0	0	0	155	0	0	0	Straight	0.0	21448.0	21603.0	LINESTRING(235.220000 422.080000,258.180000 400.590000)
0	248	2313	1553	1	0	0	0	0	55	0	0	0	Straight	0.0	21603.0	21658.0	LINESTRING(258.180000 400.590000,285.870000 384.490000)
0	249	1553	900	1	0	0	0	0	42	0	0	0	Straight	0.0	21658.0	21700.0	LINESTRING(285.870000 384.490000,313.770000 368.790000)
0	250	900	561	1	0	0	0	0	83	0	0	0	Straight	0.0	21700.0	21783.0	LINESTRING(313.770000 368.790000,341.600000 352.600000)
0	251	561	951	1	0	0	0	0	65	0	0	0	Straight	0.0	21783.0	21848.0	LINESTRING(341.600000 352.600000,362.600000 336.160000)
0	252	951	610	1	0	0	0	0	5	0	0	0	Straight	0.0	21848.0	21853.0	LINESTRING(362.600000 336.160000,383.270000 322.520000)
0	253	610	611	1	0	0	0	0	13	0	0	0	Straight	0.0	21853.0	21866.0	LINESTRING(383.270000 322.520000,386.970000 314.450000)
0	254	611	957	1	0	0	0	0	12	0	0	0	Straight	0.0	21866.0	21878.0	LINESTRING(386.970000 314.450000,393.420000 311.130000)
0	255	957	1528	1	0	0	0	0	9	0	0	0	Right	7.158	21885.2	21894.2	LINESTRING(393.420000 311.130000,385.690000 307.890000)
0	256	1528	1004	1	0	0	0	0	24	0	0	0	Straight	0.0	21894.2	21918.2	LINESTRING(385.690000 307.890000,378.590000 301.430000)
0	257	1004	2011	1	0	0	0	0	249	0	0	0	Straight	0.0	21918.2	22167.2	LINESTRING(378.590000 301.430000,372.780000 294.490000)
0	258	2011	923	1	0	0	0	0	100	0	0	0	Straight	0.0	22167.2	22267.2	LINESTRING(372.780000 294.490000,367.720000 288.770000)
0	259	923	922	1	0	0	0	0	20	0	0	0	Straight	0.0	22267.2	22287.2	LINESTRING(367.720000 288.770000,363.400000 284.320000)
0	260	922	2277	1	0	0	0	0	91	0	0	0	Straight	0.0	22287.2	22378.2	LINESTRING(363.400000 284.320000,360.380000 280.330000)
1	0	1508	1509	0	0	0	0	0	23	0	0	300		0.0	22678.2	22701.2	LINESTRING(679.330000 550.700000,677.610000 547.310000)
1	1	1509	1507	0	0	0	0	0	18	0	0	0	Straight	0.0	22701.2	22719.2	LINESTRING(677.610000 547.310000,676.530000 540.560000)
1	2	1507	1924	0	0	0	0	0	37	0	0	0	Right	7.158	22726.4	22763.4	LINESTRING(676.530000 540.560000,657.710000 548.810000)
1	3	1924	1306	1	0	0	0	0	2	0	0	0	Right	7.158	22770.5	22772.5	LINESTRING(657.710000 548.810000,654.820000 566.300000)
1	4	1306	1312	1	0	0	0	0	21	0	0	0	Straight	0.0	22772.5	22793.5	LINESTRING(654.820000 566.300000,659.120000 591.060000)
1	5	1312	2314	1	0	0	0	0	40	0	0	0	Straight	0.0	22793.5	22833.5	LINESTRING(659.120000 591.060000,663.790000 616.000000)
1	6	2314	1888	1	0	0	0	0	93	0	0	0	Straight	0.0	22833.5	22926.5	LINESTRING(663.790000 616.000000,663.700000 640.650000)
1	7	1888	227	1	0	0	0	0	36	0	0	0	Straight	0.0	22926.5	22962.5	LINESTRING(663.700000 640.650000,650.280000 656.620000)
1	8	227	39	1	0	0	0	0	17	0	0	0	Left	14.316	22976.8	22993.8	LINESTRING(650.280000 656.620000,638.070000 657.560000)
1	9	39	38	1	0	0	0	0	13	0	0	0	Straight	0.0	22993.8	23006.8	LINESTRING(638.070000 657.560000,625.450000 661.250000)
1	10	38	274	1	0	0	0	0	12	0	0	0	Straight	0.0	23006.8	23018.8	LINESTRING(625.450000 661.250000,612.750000 663.230000)
1	11	274	48	1	0	0	0	0	22	0	0	0	Straight	0.0	23018.8	23040.8	LINESTRING(612.750000 663.230000,599.660000 662.980000)
1	12	48	47	1	0	0	0	0	16	0	0	0	Right	7.158	23048.0	23064.0	LINESTRING(599.660000 662.980000,594.060000 672.130000)
1	13	47	60	1	1	101	101	0	18	118	1	0	Straight	0.0	23064.0	23182.0	LINESTRING(594.060000 672.130000,589.260000 675.970000)
1	14	60	59	1	0	0	0	0	22	0	0	0	Straight	0.0	23182.0	23204.0	LINESTRING(589.260000 675.970000,584.050000 677.180000)
1	15	59	1949	1	0	0	0	0	21	0	0	0	Straight	0.0	23204.0	23225.0	LINESTRING(584.050000 677.180000,578.290000 677.990000)
1	16	1949	2057	1	1	136	136	0	24	154	1	0	Straight	0.0	23225.0	23379.0	LINESTRING(578.290000 677.990000,571.490000 677.260000)
1	17	2057	309	1	0	0	0	0	14	0	0	0	U	57.264	23436.3	23450.3	LINESTRING(571.490000 677.260000,576.010000 682.600000)
1	18	309	308	1	1	98	98	0	18	108	1	0	Straight	0.0	23450.3	23558.3	LINESTRING(576.010000 682.600000,577.900000 687.610000)
1	19	308	63	1	0	0	0	0	32	0	0	0	Left	14.316	23572.6	23604.6	LINESTRING(577.900000 687.610000,573.020000 690.410000)
1	20	63	58	1	1	72	72	0	13	83	1	0	Straight	0.0	23604.6	23687.6	LINESTRING(573.020000 690.410000,565.370000 691.880000)
1	21	58	66	1	0	0	0	0	16	0	0	0	Straight	0.0	23687.6	23703.6	LINESTRING(565.370000 691.880000,556.580000 691.140000)
1	22	66	1768	1	0	0	0	0	14	0	0	0	Straight	0.0	23703.6	23717.6	LINESTRING(556.580000 691.140000,540.370000 687.820000)
1	23	1768	69	1	0	0	0	0	18	0	0	0	Straight	0.0	23717.6	23735.6	LINESTRING(540.370000 687.820000,520.080000 691.680000)
1	24	69	70	0	0	0	0	0	19	0	0	0	Straight	0.0	23735.6	23754.6	LINESTRING(520.080000 691.680000,502.770000 691.840000)
1	25	70	1740	0	0	0	0	0	52	0	0	0	Straight	0.0	23754.6	23806.6	LINESTRING(502.770000 691.840000,485.920000 685.090000)
1	26	1740	141	1	0	0	0	0	145	0	0	0	Straight	0.0	23806.6	23951.6	LINESTRING(485.920000 685.090000,466.720000 670.500000)
1	27	141	142	1	0	0	0	0	2	0	0	0	Straight	0.0	23951.6	23953.6	LINESTRING(466.720000 670.500000,448.420000 660.270000)
1	28	142	518	1	0	0	0	0	24	0	0	0	Straight	0.0	23953.6	23977.6	LINESTRING(448.420000 660.270000,416.590000 654.350000)
1	29	518	519	1	0	0	0	0	14	0	0	0	Right	7.158	23984.7	23998.7	LINESTRING(416.590000 654.350000,414.590000 665.810000)
1	30	519	169	1	0	0	0	0	19	0	0	0	Left	14.316	24013.1	24032.1	LINESTRING(414.590000 665.810000,405.870000 667.280000)
1	31	169	168	1	0	0	0	0	17	0	0	0	Straight	0.0	24032.1	24049.1	LINESTRING(405.870000 667.280000,395.580000 664.700000)
1	32	168	567	1	0	0	0	0	19	0	0	0	Straight	0.0	24049.1	24068.1	LINESTRING(395.580000 664.700000,385.040000 659.000000)
1	33	567	566	1	0	0	0	0	21	0	0	0	Straight	0.0	24068.1	24089.1	LINESTRING(385.040000 659.000000,376.120000 651.500000)
1	34	566	202	1	1	118	118	0	21	131	1	0	Straight	0.0	24089.1	24220.1	LINESTRING(376.120000 651.500000,370.240000 643.350000)
1	35	202	220	1	1	86	86	0	16	96	1	0	Left	14.316	24234.4	24330.4	LINESTRING(370.240000 643.350000,385.630000 644.200000)
1	36	220	700	1	0	0	0	0	121	0	0	0	U	57.264	24387.6	24508.6	LINESTRING(385.630000 644.200000,358.520000 634.190000)
1	37	700	1648	1	0	0	0	0	46	0	0	0	Straight	0.0	24508.6	24554.6	LINESTRING(358.520000 634.190000,333.020000 623.750000)
1	38	1648	764	1	0	0	0	0	6	0	0	0	Straight	0.0	24554.6	24560.6	LINESTRING(333.020000 623.750000,317.540000 625.900000)
1	39	764	2274	1	0	0	0	0	25	0	0	0	Straight	0.0	24560.6	24585.6	LINESTRING(317.540000 625.900000,304.250000 630.520000)
1	40	2274	1931	1	0	0	0	0	26	0	0	0	Straight	0.0	24585.6	24611.6	LINESTRING(304.250000 630.520000,291.270000 636.300000)
1	41	1931	368	1	1	95	95	0	17	107	1	0	Left	14.316	24625.9	24732.9	LINESTRING(291.270000 636.300000,288.030000 631.810000)
1	42	368	775	1	0	0	0	0	18	0	0	0	Left	14.316	24747.3	24765.3	LINESTRING(288.030000 631.810000,291.430000 629.300000)
1	43	775	1750	1	1	80	80	0	14	94	1	0	U	57.264	24822.5	24916.5	LINESTRING(291.430000 629.300000,285.490000 630.750000)
1	44	1750	2396	1	1	238	238	0	43	273	1	0	Right	7.158	24923.7	25196.7	LINESTRING(285.490000 630.750000,283.830000 634.230000)
1	45	2396	1750	1	1	238	238	0	43	273	0	0	U	57.264	25253.9	25296.9	LINESTRING(283.830000 634.230000,285.490000 630.750000)
1	46	1750	775	1	1	80	80	0	14	94	0	0	Left	14.316	25311.3	25325.3	LINESTRING(285.490000 630.750000,291.430000 629.300000)
1	47	775	368	1	0	0	0	0	18	0	0	0	U	57.264	25382.5	25400.5	LINESTRING(291.430000 629.300000,288.030000 631.810000)
1	48	368	1931	1	1	95	95	0	17	107	0	0	Right	7.158	25407.7	25424.7	LINESTRING(288.030000 631.810000,291.270000 636.300000)
1	49	1931	1609	1	0	0	0	0	20	0	0	0	Left	14.316	25439.0	25459.0	LINESTRING(291.270000 636.300000,279.110000 643.050000)
1	50	1609	330	1	0	0	0	0	23	0	0	0	Straight	0.0	25459.0	25482.0	LINESTRING(279.110000 643.050000,269.970000 652.600000)
1	51	330	325	1	0	0	0	0	6	0	0	0	Straight	0.0	25482.0	25488.0	LINESTRING(269.970000 652.600000,261.600000 655.390000)
1	52	325	318	1	0	0	0	0	5	0	0	0	Straight	0.0	25488.0	25493.0	LINESTRING(261.600000 655.390000,254.160000 654.340000)
1	53	318	317	1	0	0	0	0	2	0	0	0	Left	14.316	25507.3	25509.3	LINESTRING(254.160000 654.340000,250.340000 647.760000)
1	54	317	299	1	1	61	61	0	11	71	1	0	Right	7.158	25516.5	25587.5	LINESTRING(250.340000 647.760000,244.270000 654.750000)
1	55	299	2356	1	1	137	137	0	25	155	1	0	Straight	0.0	25587.5	25742.5	LINESTRING(244.270000 654.750000,240.550000 659.740000)
1	56	2356	299	1	1	137	137	0	25	155	0	0	U	57.264	25799.7	25824.7	LINESTRING(240.550000 659.740000,244.270000 654.750000)
1	57	299	298	1	1	83	83	0	15	95	1	0	U	57.264	25882.0	25977.0	LINESTRING(244.270000 654.750000,243.670000 659.590000)
1	58	298	299	1	1	83	83	0	15	95	0	0	U	57.264	26034.3	26049.3	LINESTRING(243.670000 659.590000,244.270000 654.750000)
1	59	299	1930	1	1	83	83	0	15	95	1	0	Right	7.158	26056.4	26151.4	LINESTRING(244.270000 654.750000,239.110000 656.890000)
1	60	1930	299	1	1	83	83	0	15	95	0	0	U	57.264	26208.7	26223.7	LINESTRING(239.110000 656.890000,244.270000 654.750000)
1	61	299	317	1	1	61	61	0	11	71	0	0	Straight	0.0	26223.7	26234.7	LINESTRING(244.270000 654.750000,250.340000 647.760000)
1	62	317	1584	1	0	0	0	0	14	0	0	0	Straight	0.0	26234.7	26248.7	LINESTRING(250.340000 647.760000,253.900000 636.590000)
1	63	1584	735	1	0	0	0	0	6	0	0	0	Straight	0.0	26248.7	26254.7	LINESTRING(253.900000 636.590000,258.920000 624.400000)
1	64	735	734	1	0	0	0	0	17	0	0	0	Straight	0.0	26254.7	26271.7	LINESTRING(258.920000 624.400000,264.840000 611.390000)
1	65	734	730	1	0	0	0	0	24	0	0	0	Straight	0.0	26271.7	26295.7	LINESTRING(264.840000 611.390000,267.400000 594.330000)
1	66	730	1780	1	0	0	0	0	61	0	0	0	Right	7.158	26302.8	26363.8	LINESTRING(267.400000 594.330000,245.150000 589.790000)
1	67	1780	2119	1	0	0	0	0	4	0	0	0	Straight	0.0	26363.8	26367.8	LINESTRING(245.150000 589.790000,232.170000 576.060000)
1	68	2119	783	1	1	134	134	0	24	154	1	0	Straight	0.0	26367.8	26521.8	LINESTRING(232.170000 576.060000,227.390000 564.310000)
1	69	783	782	1	1	143	143	0	26	166	1	0	Right	7.158	26529.0	26695.0	LINESTRING(227.390000 564.310000,224.200000 567.400000)
1	70	782	783	1	1	143	143	0	26	166	0	0	U	57.264	26752.3	26778.3	LINESTRING(224.200000 567.400000,227.390000 564.310000)
1	71	783	791	1	1	71	71	0	13	83	1	0	Right	7.158	26785.4	26868.4	LINESTRING(227.390000 564.310000,224.980000 551.430000)
1	72	791	809	1	0	0	0	0	19	0	0	0	Left	14.316	26882.7	26901.7	LINESTRING(224.980000 551.430000,232.210000 553.530000)
1	73	809	454	1	1	198	198	0	36	226	1	0	Straight	0.0	26901.7	27127.7	LINESTRING(232.210000 553.530000,237.880000 556.350000)
1	74	454	453	1	1	162	162	0	29	189	1	0	Straight	0.0	27127.7	27316.7	LINESTRING(237.880000 556.350000,244.040000 556.960000)
1	75	453	861	1	0	0	0	0	38	0	0	0	U	57.264	27374.0	27412.0	LINESTRING(244.040000 556.960000,237.740000 551.340000)
1	76	861	2225	1	1	101	101	0	18	118	1	0	U	57.264	27469.3	27587.3	LINESTRING(237.740000 551.340000,240.670000 551.730000)
1	77	2225	861	1	1	101	101	0	18	118	0	0	U	57.264	27644.5	27662.5	LINESTRING(240.670000 551.730000,237.740000 551.340000)
1	78	861	474	1	1	94	94	0	17	107	1	0	Left	14.316	27676.9	27783.9	LINESTRING(237.740000 551.340000,234.050000 544.450000)
1	79	474	509	1	1	128	128	0	23	143	1	0	Straight	0.0	27783.9	27926.9	LINESTRING(234.050000 544.450000,216.450000 532.730000)
1	80	509	510	1	1	178	178	0	32	202	1	0	Straight	0.0	27926.9	28128.9	LINESTRING(216.450000 532.730000,205.350000 520.530000)
1	81	510	1707	1	0	0	0	0	18	0	0	0	Straight	0.0	28128.9	28146.9	LINESTRING(205.350000 520.530000,196.930000 508.330000)
1	82	1707	918	1	1	78	78	0	14	84	0	0	Right	7.158	28154.0	28168.0	LINESTRING(196.930000 508.330000,188.920000 507.190000)
1	83	918	2252	1	1	95	95	0	17	107	0	0	Straight	0.0	28168.0	28185.0	LINESTRING(188.920000 507.190000,181.720000 501.480000)
1	84	2252	2112	1	1	130	130	0	23	153	1	0	Right	7.158	28192.2	28345.2	LINESTRING(181.720000 501.480000,175.540000 504.000000)
1	85	2112	622	1	1	133	133	0	24	154	1	0	Right	7.158	28352.3	28506.3	LINESTRING(175.540000 504.000000,177.560000 511.270000)
1	86	622	2112	1	1	133	133	0	24	154	0	0	U	57.264	28563.6	28587.6	LINESTRING(177.560000 511.270000,175.540000 504.000000)
1	87	2112	628	1	1	204	204	0	37	237	1	0	Straight	0.0	28587.6	28824.6	LINESTRING(175.540000 504.000000,169.590000 499.380000)
1	88	628	931	1	1	124	124	0	22	142	0	0	Left	14.316	28838.9	28860.9	LINESTRING(169.590000 499.380000,168.490000 488.540000)
1	89	931	1631	1	1	103	103	0	19	119	1	0	Straight	0.0	28860.9	28979.9	LINESTRING(168.490000 488.540000,156.950000 478.380000)
1	90	1631	581	1	1	44	44	0	8	48	1	0	Straight	0.0	28979.9	29027.9	LINESTRING(156.950000 478.380000,150.220000 469.610000)
1	91	581	580	1	1	77	77	0	14	84	1	0	Straight	0.0	29027.9	29111.9	LINESTRING(150.220000 469.610000,148.180000 465.250000)
1	92	580	581	1	1	77	77	0	14	84	0	0	U	57.264	29169.2	29183.2	LINESTRING(148.180000 465.250000,150.220000 469.610000)
1	93	581	560	1	1	187	187	0	34	214	1	0	U	57.264	29240.4	29454.4	LINESTRING(150.220000 469.610000,143.640000 463.160000)
1	94	560	559	1	1	10	10	0	2	12	0	0	Straight	0.0	29454.4	29456.4	LINESTRING(143.640000 463.160000,141.430000 457.650000)
1	95	559	560	1	1	10	10	0	2	12	1	0	U	57.264	29513.7	29525.7	LINESTRING(141.430000 457.650000,143.640000 463.160000)
1	96	560	930	1	1	8	8	0	1	1	1	0	U	57.264	29583.0	29584.0	LINESTRING(143.640000 463.160000,138.670000 459.700000)
1	97	930	560	1	1	8	8	0	1	1	0	0	U	57.264	29641.2	29642.2	LINESTRING(138.670000 459.700000,143.640000 463.160000)
1	98	560	1824	1	1	88	88	0	16	96	1	0	Left	14.316	29656.5	29752.5	LINESTRING(143.640000 463.160000,142.770000 467.280000)
1	99	1824	2330	1	1	88	88	0	16	96	1	0	Left	14.316	29766.9	29862.9	LINESTRING(142.770000 467.280000,137.490000 464.750000)
1	100	2330	1824	1	1	88	88	0	16	96	0	0	U	57.264	29920.1	29936.1	LINESTRING(137.490000 464.750000,142.770000 467.280000)
1	101	1824	576	1	1	47	47	0	8	48	1	0	Straight	0.0	29936.1	29984.1	LINESTRING(142.770000 467.280000,148.690000 473.000000)
1	102	576	1631	1	1	11	11	0	2	12	0	0	Straight	0.0	29984.1	29986.1	LINESTRING(148.690000 473.000000,156.950000 478.380000)
1	103	1631	931	1	1	103	103	0	19	119	0	0	Straight	0.0	29986.1	30005.1	LINESTRING(156.950000 478.380000,168.490000 488.540000)
1	104	931	913	1	1	99	99	0	18	108	0	0	Right	7.158	30012.3	30030.3	LINESTRING(168.490000 488.540000,175.610000 485.580000)
1	105	913	898	1	1	46	46	0	8	48	0	0	Straight	0.0	30030.3	30038.3	LINESTRING(175.610000 485.580000,184.110000 484.470000)
1	106	898	556	1	1	167	167	0	30	190	0	0	Left	14.316	30052.6	30082.6	LINESTRING(184.110000 484.470000,187.650000 496.520000)
1	107	556	1707	1	1	101	101	0	18	118	1	0	Straight	0.0	30082.6	30200.6	LINESTRING(187.650000 496.520000,196.930000 508.330000)
1	108	1707	510	1	0	0	0	0	18	0	0	0	Straight	0.0	30200.6	30218.6	LINESTRING(196.930000 508.330000,205.350000 520.530000)
1	109	510	547	1	1	140	140	0	25	165	1	0	U	57.264	30275.9	30440.9	LINESTRING(205.350000 520.530000,197.120000 518.800000)
1	110	547	546	1	1	174	174	0	31	201	0	0	Right	7.158	30448.0	30479.0	LINESTRING(197.120000 518.800000,195.090000 523.990000)
1	111	546	1825	1	0	0	0	0	26	0	0	0	Left	14.316	30493.3	30519.3	LINESTRING(195.090000 523.990000,186.730000 523.270000)
1	112	1825	967	1	0	0	0	0	25	0	0	0	Straight	0.0	30519.3	30544.3	LINESTRING(186.730000 523.270000,177.280000 520.960000)
1	113	967	966	1	0	0	0	0	25	0	0	0	Straight	0.0	30544.3	30569.3	LINESTRING(177.280000 520.960000,171.190000 524.080000)
1	114	966	1770	1	0	0	0	0	26	0	0	0	Right	7.158	30576.5	30602.5	LINESTRING(171.190000 524.080000,170.310000 530.700000)
1	115	1770	1893	1	1	1200	1200	0	216	1416	0	0	Straight	0.0	30602.5	30818.5	LINESTRING(170.310000 530.700000,172.510000 535.670000)
1	116	1893	799	1	1	37	37	0	7	37	1	0	Straight	0.0	30818.5	30855.5	LINESTRING(172.510000 535.670000,177.830000 538.920000)
1	117	799	803	1	1	37	37	0	7	37	0	0	Left	14.316	30869.8	30876.8	LINESTRING(177.830000 538.920000,175.110000 544.590000)
1	118	803	802	1	1	64	64	0	11	71	1	0	Straight	0.0	30876.8	30947.8	LINESTRING(175.110000 544.590000,164.490000 554.030000)
1	119	802	1886	1	1	229	229	0	41	261	1	0	Straight	0.0	30947.8	31208.8	LINESTRING(164.490000 554.030000,157.580000 562.660000)
1	120	1886	802	1	1	229	229	0	41	261	0	0	U	57.264	31266.1	31307.1	LINESTRING(157.580000 562.660000,164.490000 554.030000)
1	121	802	805	1	1	308	308	0	55	355	1	0	U	57.264	31364.3	31719.3	LINESTRING(164.490000 554.030000,155.000000 556.890000)
1	122	805	1660	1	0	0	0	0	22	0	0	0	Straight	0.0	31719.3	31741.3	LINESTRING(155.000000 556.890000,151.260000 561.120000)
1	123	1660	1039	1	1	299	299	0	54	344	1	0	Left	14.316	31755.7	32099.7	LINESTRING(151.260000 561.120000,144.180000 560.970000)
1	124	1039	856	1	0	0	0	0	14	0	0	0	Right	7.158	32106.8	32120.8	LINESTRING(144.180000 560.970000,143.050000 568.550000)
1	125	856	853	1	1	203	203	0	37	237	1	0	Right	7.158	32128.0	32365.0	LINESTRING(143.050000 568.550000,146.370000 572.520000)
1	126	853	857	1	1	262	262	0	47	307	1	0	Left	14.316	32379.3	32686.3	LINESTRING(146.370000 572.520000,141.680000 573.250000)
1	127	857	856	1	1	240	240	0	43	283	1	0	Left	14.316	32700.6	32983.6	LINESTRING(141.680000 573.250000,143.050000 568.550000)
1	128	856	1039	1	0	0	0	0	14	0	0	0	Straight	0.0	32983.6	32997.6	LINESTRING(143.050000 568.550000,144.180000 560.970000)
1	129	1039	1038	1	0	0	0	0	11	0	0	0	Straight	0.0	32997.6	33008.6	LINESTRING(144.180000 560.970000,142.050000 552.120000)
1	130	1038	827	1	0	0	0	0	24	0	0	0	U	57.264	33065.9	33089.9	LINESTRING(142.050000 552.120000,146.750000 556.240000)
1	131	827	2279	1	1	302	302	0	54	354	1	0	Left	14.316	33104.2	33458.2	LINESTRING(146.750000 556.240000,141.540000 558.360000)
1	132	2279	827	1	1	302	302	0	54	354	0	0	U	57.264	33515.4	33569.4	LINESTRING(141.540000 558.360000,146.750000 556.240000)
1	133	827	1038	1	0	0	0	0	24	0	0	0	Right	7.158	33576.6	33600.6	LINESTRING(146.750000 556.240000,142.050000 552.120000)
1	134	1038	838	1	0	0	0	0	23	0	0	0	Straight	0.0	33600.6	33623.6	LINESTRING(142.050000 552.120000,137.980000 541.920000)
1	135	838	837	1	0	0	0	0	5	0	0	0	Straight	0.0	33623.6	33628.6	LINESTRING(137.980000 541.920000,130.090000 532.790000)
1	136	837	1040	1	0	0	0	0	17	0	0	0	Right	7.158	33635.8	33652.8	LINESTRING(130.090000 532.790000,118.720000 533.520000)
1	137	1040	881	1	1	308	308	0	55	355	1	0	Straight	0.0	33652.8	34007.8	LINESTRING(118.720000 533.520000,111.230000 529.780000)
1	138	881	907	1	1	141	141	0	25	165	1	0	Straight	0.0	34007.8	34172.8	LINESTRING(111.230000 529.780000,103.880000 528.940000)
1	139	907	2010	1	1	95	95	0	17	107	1	0	Right	7.158	34179.9	34286.9	LINESTRING(103.880000 528.940000,100.290000 532.130000)
1	140	2010	1788	1	1	159	159	0	29	179	1	0	Straight	0.0	34286.9	34465.9	LINESTRING(100.290000 532.130000,96.973000 535.160000)
1	141	1788	2010	1	1	159	159	0	29	179	0	0	U	57.264	34523.2	34552.2	LINESTRING(96.973000 535.160000,100.290000 532.130000)
1	142	2010	927	1	1	141	141	0	25	165	1	0	Right	7.158	34559.3	34724.3	LINESTRING(100.290000 532.130000,97.583000 530.300000)
1	143	927	926	1	0	0	0	0	21	0	0	0	Right	7.158	34731.5	34752.5	LINESTRING(97.583000 530.300000,97.425000 531.980000)
1	144	926	907	1	1	189	189	0	34	214	1	0	Right	7.158	34759.7	34973.7	LINESTRING(97.425000 531.980000,103.880000 528.940000)
1	145	907	881	1	1	141	141	0	25	165	0	0	Straight	0.0	34973.7	34998.7	LINESTRING(103.880000 528.940000,111.230000 529.780000)
1	146	881	882	1	1	116	116	0	21	131	1	0	Left	14.316	35013.0	35144.0	LINESTRING(111.230000 529.780000,108.100000 535.000000)
1	147	882	1637	1	1	135	135	0	24	154	0	0	Straight	0.0	35144.0	35168.0	LINESTRING(108.100000 535.000000,104.550000 538.360000)
1	148	1637	882	1	1	135	135	0	24	154	1	0	U	57.264	35225.2	35379.2	LINESTRING(104.550000 538.360000,108.100000 535.000000)
1	149	882	883	1	1	166	166	0	30	190	1	0	Left	14.316	35393.6	35583.6	LINESTRING(108.100000 535.000000,111.220000 536.700000)
1	150	883	1040	1	0	0	0	0	27	0	0	0	Right	7.158	35590.7	35617.7	LINESTRING(111.220000 536.700000,118.720000 533.520000)
1	151	1040	837	1	0	0	0	0	17	0	0	0	Straight	0.0	35617.7	35634.7	LINESTRING(118.720000 533.520000,130.090000 532.790000)
1	152	837	838	1	0	0	0	0	5	0	0	0	Left	14.316	35649.0	35654.0	LINESTRING(130.090000 532.790000,137.980000 541.920000)
1	153	838	1787	1	0	0	0	0	61	0	0	0	Right	7.158	35661.2	35722.2	LINESTRING(137.980000 541.920000,158.600000 530.650000)
1	154	1787	793	1	0	0	0	0	2	0	0	0	Straight	0.0	35722.2	35724.2	LINESTRING(158.600000 530.650000,182.660000 521.840000)
1	155	793	741	0	0	0	0	0	33	0	0	0	Straight	0.0	35724.2	35757.2	LINESTRING(182.660000 521.840000,196.280000 524.150000)
1	156	741	740	1	0	0	0	0	3	0	0	0	Right	7.158	35764.3	35767.3	LINESTRING(196.280000 524.150000,201.930000 510.040000)
1	157	740	999	1	0	0	0	0	189	0	0	0	Straight	0.0	35767.3	35956.3	LINESTRING(201.930000 510.040000,212.810000 482.160000)
1	158	999	2009	0	1	75	75	0	27	167	1	0	Straight	0.0	35956.3	36123.3	LINESTRING(212.810000 482.160000,227.850000 473.010000)
1	159	2009	1000	1	0	0	0	0	13	0	0	0	Right	7.158	36130.5	36143.5	LINESTRING(227.850000 473.010000,214.990000 456.270000)
1	160	1000	1965	1	0	0	0	0	214	0	0	0	Left	14.316	36157.8	36371.8	LINESTRING(214.990000 456.270000,235.220000 422.080000)
1	161	1965	2313	1	0	0	0	0	155	0	0	0	Straight	0.0	36371.8	36526.8	LINESTRING(235.220000 422.080000,258.180000 400.590000)
1	162	2313	1553	1	0	0	0	0	55	0	0	0	Straight	0.0	36526.8	36581.8	LINESTRING(258.180000 400.590000,285.870000 384.490000)
1	163	1553	900	1	0	0	0	0	42	0	0	0	Straight	0.0	36581.8	36623.8	LINESTRING(285.870000 384.490000,313.770000 368.790000)
1	164	900	561	1	0	0	0	0	83	0	0	0	Straight	0.0	36623.8	36706.8	LINESTRING(313.770000 368.790000,341.600000 352.600000)
1	165	561	951	1	0	0	0	0	65	0	0	0	Straight	0.0	36706.8	36771.8	LINESTRING(341.600000 352.600000,362.600000 336.160000)
1	166	951	610	1	0	0	0	0	5	0	0	0	Straight	0.0	36771.8	36776.8	LINESTRING(362.600000 336.160000,383.270000 322.520000)
1	167	610	611	1	0	0	0	0	13	0	0	0	Straight	0.0	36776.8	36789.8	LINESTRING(383.270000 322.520000,386.970000 314.450000)
1	168	611	957	1	0	0	0	0	12	0	0	0	Straight	0.0	36789.8	36801.8	LINESTRING(386.970000 314.450000,393.420000 311.130000)
1	169	957	1528	1	0	0	0	0	9	0	0	0	Right	7.158	36809.0	36818.0	LINESTRING(393.420000 311.130000,385.690000 307.890000)
1	170	1528	1004	1	0	0	0	0	24	0	0	0	Straight	0.0	36818.0	36842.0	LINESTRING(385.690000 307.890000,378.590000 301.430000)
1	171	1004	2011	1	0	0	0	0	249	0	0	0	Straight	0.0	36842.0	37091.0	LINESTRING(378.590000 301.430000,372.780000 294.490000)
1	172	2011	923	1	0	0	0	0	100	0	0	0	Straight	0.0	37091.0	37191.0	LINESTRING(372.780000 294.490000,367.720000 288.770000)
1	173	923	922	1	0	0	0	0	20	0	0	0	Straight	0.0	37191.0	37211.0	LINESTRING(367.720000 288.770000,363.400000 284.320000)
1	174	922	2277	1	0	0	0	0	91	0	0	0	Straight	0.0	37211.0	37302.0	LINESTRING(363.400000 284.320000,360.380000 280.330000)
2	0	2277	2277	-1	-1	0	0	0	0	0	0	300		0.0	37302.0	37602.0	LINESTRING(360.380000 280.330000,360.380000 280.330000)
