Problem Type	Solution Method	Vehicle Capacity (Weight)	Vehicle Capacity(Volume)	Disposal Trips	Route Time	Route Time wo Turns	Computational Time(Sec)	Clustering Time(Sec)	VA(NHO)	VA(ATD)	VA(CCI)	VA(DMT)	VA(ROI)	VA(AOI)	Optimal
MCARPTIF-TP	GPM	10000	10000	2	31584.8	28013	30.763	1.921	0	985.501	1	25329.5	0.0903519	0.19764	1
Load No	Sequence No	From Node ID	To Node ID	IsEdge	Required	Weight	Volume	Travel Miles	Travel Time	Service Time	Served	Dumped	Turn Type	Turn Cost	Depart Time	Arrival Time	Shape
0	0	2277	922	1	0	0	0	0	91	0	0	300		0.0	300.0	391.0	LINESTRING(360.380000 280.330000,363.400000 284.320000)
0	1	922	923	1	0	0	0	0	20	0	0	0	Straight	0.0	391.0	411.0	LINESTRING(363.400000 284.320000,367.720000 288.770000)
0	2	923	2011	1	0	0	0	0	100	0	0	0	Straight	0.0	411.0	511.0	LINESTRING(367.720000 288.770000,372.780000 294.490000)
0	3	2011	1004	1	0	0	0	0	249	0	0	0	Straight	0.0	511.0	760.0	LINESTRING(372.780000 294.490000,378.590000 301.430000)
0	4	1004	1528	1	0	0	0	0	24	0	0	0	Straight	0.0	760.0	784.0	LINESTRING(378.590000 301.430000,385.690000 307.890000)
0	5	1528	611	0	0	0	0	0	16	0	0	0	Straight	0.0	784.0	800.0	LINESTRING(385.690000 307.890000,386.970000 314.450000)
0	6	611	610	1	0	0	0	0	13	0	0	0	Straight	0.0	800.0	813.0	LINESTRING(386.970000 314.450000,383.270000 322.520000)
0	7	610	951	1	0	0	0	0	5	0	0	0	Straight	0.0	813.0	818.0	LINESTRING(383.270000 322.520000,362.600000 336.160000)
0	8	951	561	1	0	0	0	0	65	0	0	0	Straight	0.0	818.0	883.0	LINESTRING(362.600000 336.160000,341.600000 352.600000)
0	9	561	562	1	1	265	265	0	48	308	0	0	U	57.264	940.264	988.264	LINESTRING(341.600000 352.600000,359.330000 347.260000)
0	10	562	1745	1	1	88	88	0	16	96	0	0	Straight	0.0	988.264	1004.26	LINESTRING(359.330000 347.260000,377.200000 341.690000)
0	11	1745	863	1	1	19	19	0	3	13	0	0	Straight	0.0	1004.26	1007.26	LINESTRING(377.200000 341.690000,395.020000 335.480000)
0	12	863	864	1	1	139	139	0	25	155	0	0	Straight	0.0	1007.26	1032.26	LINESTRING(395.020000 335.480000,413.100000 329.070000)
0	13	864	2026	1	1	283	283	0	51	331	0	0	Straight	0.0	1032.26	1083.26	LINESTRING(413.100000 329.070000,431.520000 322.970000)
0	14	2026	750	1	1	296	296	0	53	343	0	0	Straight	0.0	1083.26	1136.26	LINESTRING(431.520000 322.970000,450.470000 317.040000)
0	15	750	2094	1	1	161	161	0	29	189	0	0	Straight	0.0	1136.26	1165.26	LINESTRING(450.470000 317.040000,471.290000 313.390000)
0	16	2094	409	1	1	51	51	0	9	59	0	0	Straight	0.0	1165.26	1174.26	LINESTRING(471.290000 313.390000,492.080000 310.130000)
0	17	409	1778	1	1	49	49	0	9	49	0	0	Straight	0.0	1174.26	1183.26	LINESTRING(492.080000 310.130000,512.650000 307.610000)
0	18	1778	392	1	1	38	38	0	7	37	0	0	Straight	0.0	1183.26	1190.26	LINESTRING(512.650000 307.610000,533.030000 305.260000)
0	19	392	390	1	1	283	283	0	51	331	0	0	Straight	0.0	1190.26	1241.26	LINESTRING(533.030000 305.260000,553.130000 302.750000)
0	20	390	391	1	1	86	86	0	15	95	0	0	Straight	0.0	1241.26	1256.26	LINESTRING(553.130000 302.750000,565.120000 308.210000)
0	21	391	755	1	1	91	91	0	16	106	0	0	Straight	0.0	1256.26	1272.26	LINESTRING(565.120000 308.210000,575.800000 313.970000)
0	22	755	374	1	1	15	15	0	3	13	0	0	Straight	0.0	1272.26	1275.26	LINESTRING(575.800000 313.970000,584.020000 321.030000)
0	23	374	375	1	1	94	94	0	17	107	0	0	Straight	0.0	1275.26	1292.26	LINESTRING(584.020000 321.030000,588.540000 329.810000)
0	24	375	1749	1	1	89	89	0	16	96	0	0	Straight	0.0	1292.26	1308.26	LINESTRING(588.540000 329.810000,587.240000 339.240000)
0	25	1749	738	1	1	11	11	0	2	12	0	0	Straight	0.0	1308.26	1310.26	LINESTRING(587.240000 339.240000,581.260000 348.190000)
0	26	738	327	1	1	154	154	0	28	178	0	0	Straight	0.0	1310.26	1338.26	LINESTRING(581.260000 348.190000,572.820000 357.200000)
0	27	327	328	1	1	50	50	0	9	59	0	0	Straight	0.0	1338.26	1347.26	LINESTRING(572.820000 357.200000,563.020000 364.840000)
0	28	328	315	1	1	77	77	0	14	84	0	0	Straight	0.0	1347.26	1361.26	LINESTRING(563.020000 364.840000,551.920000 371.660000)
0	29	315	713	1	1	19	19	0	3	13	0	0	Straight	0.0	1361.26	1364.26	LINESTRING(551.920000 371.660000,538.490000 376.330000)
0	30	713	711	1	1	17	17	0	3	13	0	0	Straight	0.0	1364.26	1367.26	LINESTRING(538.490000 376.330000,524.130000 380.680000)
0	31	711	712	1	0	0	0	0	2	0	0	0	Straight	0.0	1367.26	1369.26	LINESTRING(524.130000 380.680000,509.000000 384.560000)
0	32	712	288	1	1	150	150	0	27	177	0	0	Straight	0.0	1369.26	1396.26	LINESTRING(509.000000 384.560000,493.330000 387.690000)
0	33	288	2107	1	0	0	0	0	24	0	0	0	Right	7.158	1403.42	1427.42	LINESTRING(493.330000 387.690000,491.180000 398.640000)
0	34	2107	2042	1	0	0	0	0	3	0	0	0	Straight	0.0	1427.42	1430.42	LINESTRING(491.180000 398.640000,486.010000 408.880000)
0	35	2042	638	1	0	0	0	0	54	0	0	0	Straight	0.0	1430.42	1484.42	LINESTRING(486.010000 408.880000,479.820000 418.660000)
0	36	638	635	1	0	0	0	0	11	0	0	0	Straight	0.0	1484.42	1495.42	LINESTRING(479.820000 418.660000,475.490000 428.350000)
0	37	635	636	1	0	0	0	0	17	0	0	0	Straight	0.0	1495.42	1512.42	LINESTRING(475.490000 428.350000,476.860000 434.890000)
0	38	636	601	1	0	0	0	0	18	0	0	0	Straight	0.0	1512.42	1530.42	LINESTRING(476.860000 434.890000,478.510000 441.190000)
0	39	601	571	1	0	0	0	0	17	0	0	0	Straight	0.0	1530.42	1547.42	LINESTRING(478.510000 441.190000,479.650000 447.490000)
0	40	571	192	1	0	0	0	0	16	0	0	0	Straight	0.0	1547.42	1563.42	LINESTRING(479.650000 447.490000,482.330000 453.140000)
0	41	192	1588	1	0	0	0	0	9	0	0	0	Straight	0.0	1563.42	1572.42	LINESTRING(482.330000 453.140000,486.940000 456.260000)
0	42	1588	1589	1	0	0	0	0	7	0	0	0	Left	14.316	1586.74	1593.74	LINESTRING(486.940000 456.260000,485.930000 461.560000)
0	43	1589	538	1	0	0	0	0	16	0	0	0	Straight	0.0	1593.74	1609.74	LINESTRING(485.930000 461.560000,485.690000 466.660000)
0	44	538	539	1	0	0	0	0	25	0	0	0	Straight	0.0	1609.74	1634.74	LINESTRING(485.690000 466.660000,487.090000 470.790000)
0	45	539	1725	1	0	0	0	0	11	0	0	0	Right	7.158	1641.9	1652.9	LINESTRING(487.090000 470.790000,495.860000 469.210000)
0	46	1725	1181	1	0	0	0	0	39	0	0	0	Left	14.316	1667.21	1706.21	LINESTRING(495.860000 469.210000,507.660000 481.540000)
0	47	1181	1160	1	0	0	0	0	45	0	0	0	Straight	0.0	1706.21	1751.21	LINESTRING(507.660000 481.540000,521.430000 492.300000)
0	48	1160	1159	1	0	0	0	0	54	0	0	0	Straight	0.0	1751.21	1805.21	LINESTRING(521.430000 492.300000,539.710000 492.950000)
0	49	1159	1174	0	0	0	0	0	9	0	0	0	Straight	0.0	1805.21	1814.21	LINESTRING(539.710000 492.950000,553.710000 499.300000)
0	50	1174	1175	0	0	0	0	0	1	0	0	0	Straight	0.0	1814.21	1815.21	LINESTRING(553.710000 499.300000,564.220000 513.380000)
0	51	1175	1169	0	0	0	0	0	49	0	0	0	Straight	0.0	1815.21	1864.21	LINESTRING(564.220000 513.380000,567.250000 533.080000)
0	52	1169	1170	0	0	0	0	0	8	0	0	0	Right	7.158	1871.37	1879.37	LINESTRING(567.250000 533.080000,577.940000 535.120000)
0	53	1170	1390	0	0	0	0	0	1	0	0	0	Straight	0.0	1879.37	1880.37	LINESTRING(577.940000 535.120000,590.940000 538.410000)
0	54	1390	1168	0	0	0	0	0	6	0	0	0	Left	14.316	1894.69	1900.69	LINESTRING(590.940000 538.410000,595.630000 547.920000)
0	55	1168	1163	0	0	0	0	0	3	0	0	0	Straight	0.0	1900.69	1903.69	LINESTRING(595.630000 547.920000,604.200000 555.860000)
0	56	1163	1164	0	0	0	0	0	7	0	0	0	Straight	0.0	1903.69	1910.69	LINESTRING(604.200000 555.860000,616.380000 560.090000)
0	57	1164	1980	0	0	0	0	0	47	0	0	0	Straight	0.0	1910.69	1957.69	LINESTRING(616.380000 560.090000,635.720000 561.930000)
0	58	1980	1560	1	0	0	0	0	53	0	0	0	Left	14.316	1972.0	2025.0	LINESTRING(635.720000 561.930000,629.370000 580.450000)
0	59	1560	1597	1	0	0	0	0	26	0	0	0	Straight	0.0	2025.0	2051.0	LINESTRING(629.370000 580.450000,626.430000 597.340000)
0	60	1597	2089	1	0	0	0	0	19	0	0	0	Straight	0.0	2051.0	2070.0	LINESTRING(626.430000 597.340000,630.480000 610.120000)
0	61	2089	305	1	0	0	0	0	16	0	0	0	Straight	0.0	2070.0	2086.0	LINESTRING(630.480000 610.120000,636.460000 618.050000)
0	62	305	281	1	1	273	273	0	49	319	1	0	Straight	0.0	2086.0	2405.0	LINESTRING(636.460000 618.050000,638.800000 625.500000)
0	63	281	45	1	0	0	0	0	13	0	0	0	Straight	0.0	2405.0	2418.0	LINESTRING(638.800000 625.500000,635.450000 632.710000)
0	64	45	46	1	0	0	0	0	65	0	0	0	Straight	0.0	2418.0	2483.0	LINESTRING(635.450000 632.710000,637.530000 642.270000)
0	65	46	1812	1	1	51	51	0	9	59	1	0	Straight	0.0	2483.0	2542.0	LINESTRING(637.530000 642.270000,636.890000 647.710000)
0	66	1812	266	1	0	0	0	0	13	0	0	0	Right	7.158	2549.16	2562.16	LINESTRING(636.890000 647.710000,638.750000 649.990000)
0	67	266	39	1	0	0	0	0	12	0	0	0	Straight	0.0	2562.16	2574.16	LINESTRING(638.750000 649.990000,638.070000 657.560000)
0	68	39	227	1	0	0	0	0	17	0	0	0	Right	7.158	2581.32	2598.32	LINESTRING(638.070000 657.560000,650.280000 656.620000)
0	69	227	226	1	1	96	96	0	17	107	1	0	Left	14.316	2612.63	2719.63	LINESTRING(650.280000 656.620000,642.220000 673.250000)
0	70	226	33	1	0	0	0	0	15	0	0	0	Straight	0.0	2719.63	2734.63	LINESTRING(642.220000 673.250000,638.060000 686.870000)
0	71	33	1794	1	1	477	477	0	86	556	1	0	Straight	0.0	2734.63	3290.63	LINESTRING(638.060000 686.870000,639.100000 701.330000)
0	72	1794	223	1	1	26	26	0	5	25	1	0	Straight	0.0	3290.63	3315.63	LINESTRING(639.100000 701.330000,644.970000 713.990000)
0	73	223	224	1	1	631	631	0	114	744	1	0	Straight	0.0	3315.63	4059.63	LINESTRING(644.970000 713.990000,648.660000 717.290000)
0	74	224	223	1	1	631	631	0	114	744	0	0	U	57.264	4116.9	4230.9	LINESTRING(648.660000 717.290000,644.970000 713.990000)
0	75	223	1792	1	1	60	60	0	11	71	0	0	Right	7.158	4238.06	4249.06	LINESTRING(644.970000 713.990000,644.020000 718.180000)
0	76	1792	223	1	1	60	60	0	11	71	1	0	U	57.264	4306.32	4377.32	LINESTRING(644.020000 718.180000,644.970000 713.990000)
0	77	223	2154	1	1	71	71	0	13	83	1	0	U	57.264	4434.58	4517.58	LINESTRING(644.970000 713.990000,649.850000 725.000000)
0	78	2154	207	1	1	112	112	0	20	130	1	0	Straight	0.0	4517.58	4647.58	LINESTRING(649.850000 725.000000,651.000000 733.270000)
0	79	207	209	1	1	99	99	0	18	108	0	0	Straight	0.0	4647.58	4665.58	LINESTRING(651.000000 733.270000,653.260000 741.950000)
0	80	209	210	1	1	81	81	0	15	95	1	0	Straight	0.0	4665.58	4760.58	LINESTRING(653.260000 741.950000,652.130000 746.540000)
0	81	210	209	1	1	81	81	0	15	95	0	0	U	57.264	4817.85	4832.85	LINESTRING(652.130000 746.540000,653.260000 741.950000)
0	82	209	212	1	1	51	51	0	9	59	0	0	U	57.264	4890.11	4899.11	LINESTRING(653.260000 741.950000,656.790000 748.020000)
0	83	212	211	1	1	51	51	0	9	59	0	0	Straight	0.0	4899.11	4908.11	LINESTRING(656.790000 748.020000,662.040000 750.260000)
0	84	211	1849	1	1	140	140	0	25	165	1	0	Right	7.158	4915.27	5080.27	LINESTRING(662.040000 750.260000,664.930000 747.850000)
0	85	1849	15	1	1	45	45	0	8	48	0	0	Right	7.158	5087.43	5095.43	LINESTRING(664.930000 747.850000,662.700000 740.470000)
0	86	15	2036	1	1	86	86	0	16	96	0	0	Straight	0.0	5095.43	5111.43	LINESTRING(662.700000 740.470000,658.790000 736.180000)
0	87	2036	1760	1	1	83	83	0	15	95	1	0	Straight	0.0	5111.43	5206.43	LINESTRING(658.790000 736.180000,654.860000 730.930000)
0	88	1760	208	1	1	18	18	0	3	13	0	0	U	57.264	5263.69	5266.69	LINESTRING(654.860000 730.930000,655.210000 734.310000)
0	89	208	2036	1	1	90	90	0	16	106	1	0	Right	7.158	5273.85	5379.85	LINESTRING(655.210000 734.310000,658.790000 736.180000)
0	90	2036	15	1	1	86	86	0	16	96	1	0	Straight	0.0	5379.85	5475.85	LINESTRING(658.790000 736.180000,662.700000 740.470000)
0	91	15	16	1	1	111	111	0	20	130	1	0	Straight	0.0	5475.85	5605.85	LINESTRING(662.700000 740.470000,666.980000 742.360000)
0	92	16	15	1	1	111	111	0	20	130	0	0	U	57.264	5663.11	5683.11	LINESTRING(666.980000 742.360000,662.700000 740.470000)
0	93	15	1849	1	1	45	45	0	8	48	1	0	Right	7.158	5690.27	5738.27	LINESTRING(662.700000 740.470000,664.930000 747.850000)
0	94	1849	2193	1	1	72	72	0	13	83	1	0	Straight	0.0	5738.27	5821.27	LINESTRING(664.930000 747.850000,666.300000 753.410000)
0	95	2193	2416	1	1	44	44	0	8	48	1	0	Straight	0.0	5821.27	5869.27	LINESTRING(666.300000 753.410000,669.080000 757.960000)
0	96	2416	2193	1	1	44	44	0	8	48	0	0	U	57.264	5926.54	5934.54	LINESTRING(669.080000 757.960000,666.300000 753.410000)
0	97	2193	211	1	1	122	122	0	22	142	1	0	Straight	0.0	5934.54	6076.54	LINESTRING(666.300000 753.410000,662.040000 750.260000)
0	98	211	212	1	1	51	51	0	9	59	1	0	Straight	0.0	6076.54	6135.54	LINESTRING(662.040000 750.260000,656.790000 748.020000)
0	99	212	2434	1	1	99	99	0	18	108	1	0	Right	7.158	6142.69	6250.69	LINESTRING(656.790000 748.020000,654.260000 751.450000)
0	100	2434	212	1	1	99	99	0	18	108	0	0	U	57.264	6307.96	6325.96	LINESTRING(654.260000 751.450000,656.790000 748.020000)
0	101	212	209	1	1	51	51	0	9	59	1	0	Right	7.158	6333.12	6392.12	LINESTRING(656.790000 748.020000,653.260000 741.950000)
0	102	209	207	1	1	99	99	0	18	108	1	0	Straight	0.0	6392.12	6500.12	LINESTRING(653.260000 741.950000,651.000000 733.270000)
0	103	207	208	1	1	118	118	0	21	131	1	0	Left	14.316	6514.43	6645.43	LINESTRING(651.000000 733.270000,655.210000 734.310000)
0	104	208	1760	1	1	18	18	0	3	13	1	0	Right	7.158	6652.59	6665.59	LINESTRING(655.210000 734.310000,654.860000 730.930000)
0	105	1760	2154	1	1	76	76	0	14	84	1	0	Straight	0.0	6665.59	6749.59	LINESTRING(654.860000 730.930000,649.850000 725.000000)
0	106	2154	223	1	1	71	71	0	13	83	0	0	Straight	0.0	6749.59	6762.59	LINESTRING(649.850000 725.000000,644.970000 713.990000)
0	107	223	1794	1	1	26	26	0	5	25	0	0	Straight	0.0	6762.59	6767.59	LINESTRING(644.970000 713.990000,639.100000 701.330000)
0	108	1794	1793	1	1	113	113	0	20	130	1	0	Right	7.158	6774.75	6904.75	LINESTRING(639.100000 701.330000,630.310000 703.050000)
0	109	1793	1628	1	1	176	176	0	32	202	1	0	Straight	0.0	6904.75	7106.75	LINESTRING(630.310000 703.050000,621.570000 702.860000)
0	110	1628	258	1	1	162	162	0	29	189	1	0	Straight	0.0	7106.75	7295.75	LINESTRING(621.570000 702.860000,611.780000 700.690000)
0	111	258	257	1	1	59	59	0	11	61	1	0	Straight	0.0	7295.75	7356.75	LINESTRING(611.780000 700.690000,600.480000 697.780000)
0	112	257	275	1	1	354	354	0	64	414	1	0	U	57.264	7414.01	7828.01	LINESTRING(600.480000 697.780000,611.270000 697.000000)
0	113	275	276	1	1	143	143	0	26	166	1	0	Straight	0.0	7828.01	7994.01	LINESTRING(611.270000 697.000000,619.870000 694.120000)
0	114	276	279	1	1	123	123	0	22	142	1	0	Straight	0.0	7994.01	8136.01	LINESTRING(619.870000 694.120000,627.320000 688.540000)
0	115	279	280	1	1	105	105	0	19	119	1	0	Straight	0.0	8136.01	8255.01	LINESTRING(627.320000 688.540000,634.300000 681.990000)
0	116	280	226	1	1	181	181	0	33	213	1	0	Straight	0.0	8255.01	8468.01	LINESTRING(634.300000 681.990000,642.220000 673.250000)
0	117	226	227	1	1	96	96	0	17	107	0	0	Straight	0.0	8468.01	8485.01	LINESTRING(642.220000 673.250000,650.280000 656.620000)
0	118	227	1888	1	1	199	199	0	36	226	1	0	Straight	0.0	8485.01	8711.01	LINESTRING(650.280000 656.620000,663.700000 640.650000)
0	119	1888	2073	1	1	69	69	0	12	72	1	0	Left	14.316	8725.33	8797.33	LINESTRING(663.700000 640.650000,669.180000 644.960000)
0	120	2073	2417	1	1	32	32	0	6	36	1	0	Straight	0.0	8797.33	8833.33	LINESTRING(669.180000 644.960000,673.890000 646.090000)
0	121	2417	2073	1	1	32	32	0	6	36	0	0	U	57.264	8890.59	8896.59	LINESTRING(673.890000 646.090000,669.180000 644.960000)
0	122	2073	2372	1	1	73	73	0	13	83	1	0	Right	7.158	8903.75	8986.75	LINESTRING(669.180000 644.960000,671.100000 649.120000)
0	123	2372	2073	1	1	73	73	0	13	83	0	0	U	57.264	9044.01	9057.01	LINESTRING(671.100000 649.120000,669.180000 644.960000)
0	124	2073	1888	1	1	69	69	0	12	72	0	0	Straight	0.0	9057.01	9069.01	LINESTRING(669.180000 644.960000,663.700000 640.650000)
0	125	1888	2314	1	1	519	519	0	93	603	1	0	Left	14.316	9083.33	9686.33	LINESTRING(663.700000 640.650000,663.790000 616.000000)
0	126	2314	20	1	1	106	106	0	19	119	1	0	Left	14.316	9700.65	9819.65	LINESTRING(663.790000 616.000000,674.880000 618.410000)
0	127	20	19	1	1	119	119	0	21	131	1	0	Straight	0.0	9819.65	9950.65	LINESTRING(674.880000 618.410000,684.230000 622.640000)
0	128	19	12	1	1	69	69	0	12	72	1	0	Right	7.158	9957.8	10029.8	LINESTRING(684.230000 622.640000,686.200000 617.820000)
0	129	12	1832	1	1	32	32	0	6	36	1	0	Right	7.158	10037.0	10073.0	LINESTRING(686.200000 617.820000,684.780000 615.310000)
0	130	1832	12	1	1	32	32	0	6	36	0	0	U	57.264	10130.2	10136.2	LINESTRING(684.780000 615.310000,686.200000 617.820000)
0	131	12	11	1	1	23	23	0	4	24	1	0	Right	7.158	10143.4	10167.4	LINESTRING(686.200000 617.820000,690.450000 615.060000)
0	132	11	2383	1	1	44	44	0	8	48	0	0	Straight	0.0	10167.4	10175.4	LINESTRING(690.450000 615.060000,695.720000 616.120000)
0	133	2383	11	1	1	44	44	0	8	48	1	0	U	57.264	10232.6	10280.6	LINESTRING(695.720000 616.120000,690.450000 615.060000)
0	134	11	13	1	1	22	22	0	4	24	1	0	Straight	0.0	10280.6	10304.6	LINESTRING(690.450000 615.060000,686.050000 612.250000)
0	135	13	14	1	1	39	39	0	7	37	1	0	Left	14.316	10319.0	10356.0	LINESTRING(686.050000 612.250000,690.320000 610.110000)
0	136	14	13	1	1	39	39	0	7	37	0	0	U	57.264	10413.2	10420.2	LINESTRING(690.320000 610.110000,686.050000 612.250000)
0	137	13	23	1	1	207	207	0	37	237	1	0	Straight	0.0	10420.2	10657.2	LINESTRING(686.050000 612.250000,679.400000 614.250000)
0	138	23	2271	1	1	49	49	0	9	49	1	0	Right	7.158	10664.4	10713.4	LINESTRING(679.400000 614.250000,680.240000 617.840000)
0	139	2271	23	1	1	49	49	0	9	49	0	0	U	57.264	10770.6	10779.6	LINESTRING(680.240000 617.840000,679.400000 614.250000)
0	140	23	20	1	1	71	71	0	13	83	1	0	Right	7.158	10786.8	10869.8	LINESTRING(679.400000 614.250000,674.880000 618.410000)
0	141	20	19	1	1	119	119	0	21	131	0	0	Right	7.158	10877.0	10898.0	LINESTRING(674.880000 618.410000,684.230000 622.640000)
0	142	19	9	1	1	70	70	0	13	83	1	0	Straight	0.0	10898.0	10981.0	LINESTRING(684.230000 622.640000,692.220000 627.930000)
0	143	9	8	1	1	106	106	0	19	119	0	0	Straight	0.0	10981.0	11000.0	LINESTRING(692.220000 627.930000,700.710000 634.270000)
0	144	8	2303	1	1	39	39	0	7	37	1	0	Straight	0.0	11000.0	11037.0	LINESTRING(700.710000 634.270000,705.140000 635.200000)
0	145	2303	8	1	1	39	39	0	7	37	0	0	U	57.264	11094.2	11101.2	LINESTRING(705.140000 635.200000,700.710000 634.270000)
0	146	8	9	1	1	106	106	0	19	119	1	0	Straight	0.0	11101.2	11220.2	LINESTRING(700.710000 634.270000,692.220000 627.930000)
0	147	9	10	1	1	55	55	0	10	60	1	0	Straight	0.0	11220.2	11280.2	LINESTRING(692.220000 627.930000,688.820000 624.260000)
0	148	10	9	1	1	55	55	0	10	60	0	0	U	57.264	11337.5	11347.5	LINESTRING(688.820000 624.260000,692.220000 627.930000)
0	149	9	8	1	1	106	106	0	19	119	0	0	Straight	0.0	11347.5	11366.5	LINESTRING(692.220000 627.930000,700.710000 634.270000)
0	150	8	7	1	1	51	51	0	9	59	1	0	Straight	0.0	11366.5	11425.5	LINESTRING(700.710000 634.270000,707.280000 640.560000)
0	151	7	2113	1	1	55	55	0	10	60	1	0	Straight	0.0	11425.5	11485.5	LINESTRING(707.280000 640.560000,712.000000 641.510000)
0	152	2113	7	1	1	55	55	0	10	60	0	0	U	57.264	11542.8	11552.8	LINESTRING(712.000000 641.510000,707.280000 640.560000)
0	153	7	174	1	1	54	54	0	10	60	1	0	U	57.264	11610.0	11670.0	LINESTRING(707.280000 640.560000,712.370000 647.560000)
0	154	174	1600	1	1	48	48	0	9	49	1	0	Straight	0.0	11670.0	11719.0	LINESTRING(712.370000 647.560000,717.390000 648.920000)
0	155	1600	174	1	1	48	48	0	9	49	0	0	U	57.264	11776.3	11785.3	LINESTRING(717.390000 648.920000,712.370000 647.560000)
0	156	174	1710	1	1	56	56	0	10	60	1	0	Right	7.158	11792.4	11852.4	LINESTRING(712.370000 647.560000,715.120000 655.000000)
0	157	1710	2285	1	1	86	86	0	15	95	1	0	Straight	0.0	11852.4	11947.4	LINESTRING(715.120000 655.000000,720.110000 657.370000)
0	158	2285	1710	1	1	86	86	0	15	95	0	0	U	57.264	12004.7	12019.7	LINESTRING(720.110000 657.370000,715.120000 655.000000)
0	159	1710	1811	1	1	188	188	0	34	214	1	0	Right	7.158	12026.9	12240.9	LINESTRING(715.120000 655.000000,711.490000 660.490000)
0	160	1811	1887	1	1	53	53	0	9	59	1	0	Straight	0.0	12240.9	12299.9	LINESTRING(711.490000 660.490000,706.460000 663.450000)
0	161	1887	6	1	1	260	260	0	47	307	1	0	Right	7.158	12307.0	12614.0	LINESTRING(706.460000 663.450000,712.920000 665.570000)
0	162	6	4	1	1	38	38	0	7	37	1	0	Straight	0.0	12614.0	12651.0	LINESTRING(712.920000 665.570000,718.900000 670.400000)
0	163	4	5	0	1	28	28	0	5	25	1	0	Straight	0.0	12651.0	12676.0	LINESTRING(718.900000 670.400000,723.880000 674.540000)
0	164	5	154	1	1	33	33	0	6	36	1	0	Straight	0.0	12676.0	12712.0	LINESTRING(723.880000 674.540000,727.100000 677.130000)
0	165	154	5	1	1	33	33	0	6	36	0	0	U	57.264	12769.3	12775.3	LINESTRING(727.100000 677.130000,723.880000 674.540000)
0	166	5	4	0	1	36	36	0	7	37	1	0	Straight	0.0	12775.3	12812.3	LINESTRING(723.880000 674.540000,718.900000 670.400000)
0	167	4	6	1	1	38	38	0	7	37	0	0	Straight	0.0	12812.3	12819.3	LINESTRING(718.900000 670.400000,712.920000 665.570000)
0	168	6	1811	1	1	49	49	0	9	49	1	0	Straight	0.0	12819.3	12868.3	LINESTRING(712.920000 665.570000,711.490000 660.490000)
0	169	1811	1887	1	1	53	53	0	9	59	0	0	Right	7.158	12875.4	12884.4	LINESTRING(711.490000 660.490000,706.460000 663.450000)
0	170	1887	201	1	1	73	73	0	13	83	1	0	Straight	0.0	12884.4	12967.4	LINESTRING(706.460000 663.450000,697.560000 663.380000)
0	171	201	182	1	1	205	205	0	37	237	1	0	Right	7.158	12974.6	13211.6	LINESTRING(697.560000 663.380000,700.070000 668.590000)
0	172	182	181	1	1	83	83	0	15	95	0	0	Straight	0.0	13211.6	13226.6	LINESTRING(700.070000 668.590000,704.370000 672.160000)
0	173	181	182	1	1	83	83	0	15	95	1	0	U	57.264	13283.9	13378.9	LINESTRING(704.370000 672.160000,700.070000 668.590000)
0	174	182	21	1	1	179	179	0	32	202	1	0	Right	7.158	13386.0	13588.0	LINESTRING(700.070000 668.590000,695.820000 670.320000)
0	175	21	22	1	1	92	92	0	16	106	1	0	Right	7.158	13595.2	13701.2	LINESTRING(695.820000 670.320000,698.780000 675.100000)
0	176	22	21	1	1	92	92	0	16	106	0	0	U	57.264	13758.4	13774.4	LINESTRING(698.780000 675.100000,695.820000 670.320000)
0	177	21	27	1	1	60	60	0	11	71	1	0	Straight	0.0	13774.4	13845.4	LINESTRING(695.820000 670.320000,690.850000 666.350000)
0	178	27	28	1	1	74	74	0	13	83	1	0	Right	7.158	13852.6	13935.6	LINESTRING(690.850000 666.350000,686.780000 668.660000)
0	179	28	2262	1	1	54	54	0	10	60	1	0	Right	7.158	13942.8	14002.8	LINESTRING(686.780000 668.660000,686.380000 672.800000)
0	180	2262	28	1	1	54	54	0	10	60	0	0	U	57.264	14060.0	14070.0	LINESTRING(686.380000 672.800000,686.780000 668.660000)
0	181	28	217	1	1	105	105	0	19	119	1	0	Right	7.158	14077.2	14196.2	LINESTRING(686.780000 668.660000,682.950000 665.630000)
0	182	217	216	1	1	83	83	0	15	95	1	0	U	57.264	14253.4	14348.4	LINESTRING(682.950000 665.630000,689.040000 676.620000)
0	183	216	214	1	1	66	66	0	12	72	1	0	Straight	0.0	14348.4	14420.4	LINESTRING(689.040000 676.620000,694.480000 685.690000)
0	184	214	213	1	1	52	52	0	9	59	0	0	Straight	0.0	14420.4	14429.4	LINESTRING(694.480000 685.690000,695.740000 689.750000)
0	185	213	214	1	1	52	52	0	9	59	1	0	U	57.264	14486.7	14545.7	LINESTRING(695.740000 689.750000,694.480000 685.690000)
0	186	214	2176	1	1	59	59	0	11	61	1	0	U	57.264	14603.0	14664.0	LINESTRING(694.480000 685.690000,699.630000 692.960000)
0	187	2176	2177	1	1	35	35	0	6	36	1	0	Straight	0.0	14664.0	14700.0	LINESTRING(699.630000 692.960000,701.020000 698.060000)
0	188	2177	2176	1	1	35	35	0	6	36	0	0	U	57.264	14757.2	14763.2	LINESTRING(701.020000 698.060000,699.630000 692.960000)
0	189	2176	2410	1	1	32	32	0	6	36	1	0	U	57.264	14820.5	14856.5	LINESTRING(699.630000 692.960000,704.100000 696.470000)
0	190	2410	2176	1	1	32	32	0	6	36	0	0	U	57.264	14913.8	14919.8	LINESTRING(704.100000 696.470000,699.630000 692.960000)
0	191	2176	214	1	1	59	59	0	11	61	0	0	Straight	0.0	14919.8	14930.8	LINESTRING(699.630000 692.960000,694.480000 685.690000)
0	192	214	216	1	1	66	66	0	12	72	0	0	Straight	0.0	14930.8	14942.8	LINESTRING(694.480000 685.690000,689.040000 676.620000)
0	193	216	215	1	1	54	54	0	10	60	0	0	U	57.264	15000.0	15010.0	LINESTRING(689.040000 676.620000,690.870000 681.130000)
0	194	215	216	1	1	54	54	0	10	60	1	0	U	57.264	15067.3	15127.3	LINESTRING(690.870000 681.130000,689.040000 676.620000)
0	195	216	217	1	1	83	83	0	15	95	0	0	Straight	0.0	15127.3	15142.3	LINESTRING(689.040000 676.620000,682.950000 665.630000)
0	196	217	29	1	1	299	299	0	54	344	1	0	Straight	0.0	15142.3	15486.3	LINESTRING(682.950000 665.630000,676.140000 653.850000)
0	197	29	1888	1	1	88	88	0	16	96	1	0	Straight	0.0	15486.3	15582.3	LINESTRING(676.140000 653.850000,663.700000 640.650000)
0	198	1888	2314	1	1	519	519	0	93	603	0	0	Straight	0.0	15582.3	15675.3	LINESTRING(663.700000 640.650000,663.790000 616.000000)
0	199	2314	1312	1	1	221	221	0	40	260	1	0	Straight	0.0	15675.3	15935.3	LINESTRING(663.790000 616.000000,659.120000 591.060000)
0	200	1312	1306	1	1	117	117	0	21	131	1	0	Straight	0.0	15935.3	16066.3	LINESTRING(659.120000 591.060000,654.820000 566.300000)
0	201	1306	1924	1	1	13	13	0	2	12	1	0	Straight	0.0	16066.3	16078.3	LINESTRING(654.820000 566.300000,657.710000 548.810000)
0	202	1924	1306	1	1	13	13	0	2	12	0	0	U	57.264	16135.6	16137.6	LINESTRING(657.710000 548.810000,654.820000 566.300000)
0	203	1306	1312	1	1	117	117	0	21	131	0	0	Straight	0.0	16137.6	16158.6	LINESTRING(654.820000 566.300000,659.120000 591.060000)
0	204	1312	2241	1	1	339	339	0	61	391	1	0	Right	7.158	16165.7	16556.7	LINESTRING(659.120000 591.060000,662.850000 590.900000)
0	205	2241	1312	1	1	339	339	0	61	391	0	0	U	57.264	16614.0	16675.0	LINESTRING(662.850000 590.900000,659.120000 591.060000)
0	206	1312	1306	1	1	117	117	0	21	131	0	0	Left	14.316	16689.3	16710.3	LINESTRING(659.120000 591.060000,654.820000 566.300000)
0	207	1306	1307	0	0	0	0	0	37	0	0	0	Left	14.316	16724.6	16761.6	LINESTRING(654.820000 566.300000,667.430000 553.850000)
0	208	1307	1507	1	1	13	13	0	2	12	1	0	Straight	0.0	16761.6	16773.6	LINESTRING(667.430000 553.850000,676.530000 540.560000)
0	209	1507	1307	1	1	13	13	0	2	12	0	0	U	57.264	16830.9	16832.9	LINESTRING(676.530000 540.560000,667.430000 553.850000)
0	210	1307	1732	0	0	0	0	0	18	0	0	0	Right	7.158	16840.0	16858.0	LINESTRING(667.430000 553.850000,676.830000 553.640000)
0	211	1732	1508	0	0	0	0	0	24	0	0	0	Right	7.158	16865.2	16889.2	LINESTRING(676.830000 553.640000,679.330000 550.700000)
1	0	1508	1509	0	0	0	0	0	23	0	0	300		0.0	17189.2	17212.2	LINESTRING(679.330000 550.700000,677.610000 547.310000)
1	1	1509	1507	0	0	0	0	0	18	0	0	0	Straight	0.0	17212.2	17230.2	LINESTRING(677.610000 547.310000,676.530000 540.560000)
1	2	1507	1924	0	0	0	0	0	37	0	0	0	Right	7.158	17237.4	17274.4	LINESTRING(676.530000 540.560000,657.710000 548.810000)
1	3	1924	1925	0	0	0	0	0	153	0	0	0	Left	14.316	17288.7	17441.7	LINESTRING(657.710000 548.810000,641.040000 541.960000)
1	4	1925	1154	0	0	0	0	0	24	0	0	0	Straight	0.0	17441.7	17465.7	LINESTRING(641.040000 541.960000,628.400000 534.790000)
1	5	1154	1165	0	0	0	0	0	10	0	0	0	Straight	0.0	17465.7	17475.7	LINESTRING(628.400000 534.790000,616.110000 530.150000)
1	6	1165	1166	0	0	0	0	0	29	0	0	0	Straight	0.0	17475.7	17504.7	LINESTRING(616.110000 530.150000,600.820000 526.780000)
1	7	1166	1399	0	0	0	0	0	1	0	0	0	Straight	0.0	17504.7	17505.7	LINESTRING(600.820000 526.780000,588.790000 516.590000)
1	8	1399	1839	0	0	0	0	0	56	0	0	0	Straight	0.0	17505.7	17561.7	LINESTRING(588.790000 516.590000,573.160000 502.950000)
1	9	1839	1656	0	0	0	0	0	1	0	0	0	Straight	0.0	17561.7	17562.7	LINESTRING(573.160000 502.950000,563.420000 483.440000)
1	10	1656	1396	0	0	0	0	0	2	0	0	0	Right	7.158	17569.8	17571.8	LINESTRING(563.420000 483.440000,555.480000 487.090000)
1	11	1396	1397	0	0	0	0	0	3	0	0	0	Straight	0.0	17571.8	17574.8	LINESTRING(555.480000 487.090000,548.870000 485.640000)
1	12	1397	1159	0	0	0	0	0	6	0	0	0	Right	7.158	17582.0	17588.0	LINESTRING(548.870000 485.640000,539.710000 492.950000)
1	13	1159	1160	1	0	0	0	0	54	0	0	0	Straight	0.0	17588.0	17642.0	LINESTRING(539.710000 492.950000,521.430000 492.300000)
1	14	1160	1670	1	0	0	0	0	33	0	0	0	Right	7.158	17649.1	17682.1	LINESTRING(521.430000 492.300000,514.080000 504.690000)
1	15	1670	1182	1	0	0	0	0	31	0	0	0	Straight	0.0	17682.1	17713.1	LINESTRING(514.080000 504.690000,502.950000 511.050000)
1	16	1182	2103	1	1	160	160	0	29	189	1	0	Left	14.316	17727.5	17916.5	LINESTRING(502.950000 511.050000,497.650000 504.620000)
1	17	2103	173	1	0	0	0	0	57	0	0	0	Right	7.158	17923.6	17980.6	LINESTRING(497.650000 504.620000,489.090000 511.890000)
1	18	173	527	1	0	0	0	0	26	0	0	0	Left	14.316	17994.9	18020.9	LINESTRING(489.090000 511.890000,481.550000 504.260000)
1	19	527	170	1	0	0	0	0	20	0	0	0	Straight	0.0	18020.9	18040.9	LINESTRING(481.550000 504.260000,475.680000 495.280000)
1	20	170	565	1	0	0	0	0	9	0	0	0	Straight	0.0	18040.9	18049.9	LINESTRING(475.680000 495.280000,476.240000 482.630000)
1	21	565	222	1	0	0	0	0	59	0	0	0	Right	7.158	18057.1	18116.1	LINESTRING(476.240000 482.630000,458.020000 492.700000)
1	22	222	221	1	0	0	0	0	46	0	0	0	Straight	0.0	18116.1	18162.1	LINESTRING(458.020000 492.700000,438.140000 503.310000)
1	23	221	416	1	0	0	0	0	155	0	0	0	Straight	0.0	18162.1	18317.1	LINESTRING(438.140000 503.310000,415.080000 521.650000)
1	24	416	415	1	0	0	0	0	178	0	0	0	Straight	0.0	18317.1	18495.1	LINESTRING(415.080000 521.650000,384.780000 529.860000)
1	25	415	451	1	0	0	0	0	23	0	0	0	Straight	0.0	18495.1	18518.1	LINESTRING(384.780000 529.860000,359.280000 532.430000)
1	26	451	842	1	0	0	0	0	18	0	0	0	Straight	0.0	18518.1	18536.1	LINESTRING(359.280000 532.430000,342.350000 542.230000)
1	27	842	849	1	0	0	0	0	1	0	0	0	Left	14.316	18550.4	18551.4	LINESTRING(342.350000 542.230000,326.290000 530.990000)
1	28	849	653	1	0	0	0	0	58	0	0	0	Straight	0.0	18551.4	18609.4	LINESTRING(326.290000 530.990000,303.710000 526.940000)
1	29	653	910	1	0	0	0	0	4	0	0	0	Left	14.316	18623.7	18627.7	LINESTRING(303.710000 526.940000,295.890000 514.500000)
1	30	910	895	1	0	0	0	0	25	0	0	0	Left	14.316	18642.0	18667.0	LINESTRING(295.890000 514.500000,299.370000 508.080000)
1	31	895	496	1	1	143	143	0	26	166	1	0	Straight	0.0	18667.0	18833.0	LINESTRING(299.370000 508.080000,303.660000 504.350000)
1	32	496	2343	1	1	125	125	0	22	142	1	0	Left	14.316	18847.4	18989.4	LINESTRING(303.660000 504.350000,305.700000 507.410000)
1	33	2343	496	1	1	125	125	0	22	142	0	0	U	57.264	19046.6	19068.6	LINESTRING(305.700000 507.410000,303.660000 504.350000)
1	34	496	497	1	1	268	268	0	48	308	1	0	Left	14.316	19082.9	19390.9	LINESTRING(303.660000 504.350000,304.880000 498.700000)
1	35	497	477	1	1	79	79	0	14	84	1	0	Left	14.316	19405.3	19489.3	LINESTRING(304.880000 498.700000,316.890000 501.060000)
1	36	477	843	1	1	93	93	0	17	107	1	0	Straight	0.0	19489.3	19596.3	LINESTRING(316.890000 501.060000,328.110000 505.230000)
1	37	843	470	1	1	92	92	0	17	107	1	0	Right	7.158	19603.4	19710.4	LINESTRING(328.110000 505.230000,328.670000 491.090000)
1	38	470	449	1	1	77	77	0	14	84	1	0	Straight	0.0	19710.4	19794.4	LINESTRING(328.670000 491.090000,334.570000 475.570000)
1	39	449	418	1	1	144	144	0	26	166	1	0	Straight	0.0	19794.4	19960.4	LINESTRING(334.570000 475.570000,337.050000 465.390000)
1	40	418	1555	1	1	79	79	0	14	84	1	0	Straight	0.0	19960.4	20044.4	LINESTRING(337.050000 465.390000,339.130000 457.480000)
1	41	1555	2265	1	1	23	23	0	4	24	1	0	Straight	0.0	20044.4	20068.4	LINESTRING(339.130000 457.480000,343.130000 451.040000)
1	42	2265	417	0	1	28	28	0	5	25	1	0	U	57.264	20125.7	20150.7	LINESTRING(343.130000 451.040000,341.160000 458.170000)
1	43	417	1555	0	1	23	23	0	4	24	1	0	Left	14.316	20165.0	20189.0	LINESTRING(341.160000 458.170000,339.130000 457.480000)
1	44	1555	418	1	1	79	79	0	14	84	0	0	Right	7.158	20196.1	20210.1	LINESTRING(339.130000 457.480000,337.050000 465.390000)
1	45	418	462	1	1	309	309	0	56	356	1	0	Straight	0.0	20210.1	20566.1	LINESTRING(337.050000 465.390000,332.920000 469.750000)
1	46	462	449	1	1	239	239	0	43	273	1	0	Right	7.158	20573.3	20846.3	LINESTRING(332.920000 469.750000,334.570000 475.570000)
1	47	449	2311	1	1	360	360	0	65	425	1	0	Right	7.158	20853.5	21278.5	LINESTRING(334.570000 475.570000,340.940000 465.750000)
1	48	2311	2312	1	1	120	120	0	22	142	1	0	Straight	0.0	21278.5	21420.5	LINESTRING(340.940000 465.750000,344.720000 464.920000)
1	49	2312	2311	1	1	120	120	0	22	142	0	0	U	57.264	21477.7	21499.7	LINESTRING(344.720000 464.920000,340.940000 465.750000)
1	50	2311	2342	1	1	179	179	0	32	202	1	0	Left	14.316	21514.0	21716.0	LINESTRING(340.940000 465.750000,345.850000 455.760000)
1	51	2342	403	1	1	41	41	0	7	47	1	0	Straight	0.0	21716.0	21763.0	LINESTRING(345.850000 455.760000,349.890000 445.900000)
1	52	403	402	1	1	99	99	0	18	108	1	0	Straight	0.0	21763.0	21871.0	LINESTRING(349.890000 445.900000,354.340000 436.870000)
1	53	402	397	1	1	129	129	0	23	143	1	0	Straight	0.0	21871.0	22014.0	LINESTRING(354.340000 436.870000,360.850000 429.300000)
1	54	397	747	1	1	117	117	0	21	131	1	0	Straight	0.0	22014.0	22145.0	LINESTRING(360.850000 429.300000,368.450000 423.480000)
1	55	747	2121	1	1	134	134	0	24	154	1	0	Straight	0.0	22145.0	22299.0	LINESTRING(368.450000 423.480000,375.640000 423.500000)
1	56	2121	2120	1	1	175	175	0	32	202	1	0	Straight	0.0	22299.0	22501.0	LINESTRING(375.640000 423.500000,382.930000 423.350000)
1	57	2120	2146	1	1	312	312	0	56	366	1	0	Straight	0.0	22501.0	22867.0	LINESTRING(382.930000 423.350000,391.650000 423.510000)
1	58	2146	278	1	1	191	191	0	34	224	1	0	Straight	0.0	22867.0	23091.0	LINESTRING(391.650000 423.510000,403.650000 429.840000)
1	59	278	295	1	1	130	130	0	23	153	1	0	U	57.264	23148.3	23301.3	LINESTRING(403.650000 429.840000,401.720000 425.700000)
1	60	295	2046	1	1	142	142	0	26	166	1	0	Straight	0.0	23301.3	23467.3	LINESTRING(401.720000 425.700000,402.240000 419.920000)
1	61	2046	292	1	1	185	185	0	33	213	1	0	Left	14.316	23481.6	23694.6	LINESTRING(402.240000 419.920000,408.570000 418.190000)
1	62	292	349	1	1	202	202	0	36	236	1	0	Right	7.158	23701.8	23937.8	LINESTRING(408.570000 418.190000,402.040000 407.010000)
1	63	349	350	1	1	113	113	0	20	130	1	0	Left	14.316	23952.1	24082.1	LINESTRING(402.040000 407.010000,406.630000 404.260000)
1	64	350	751	1	1	57	57	0	10	60	1	0	Right	7.158	24089.3	24149.3	LINESTRING(406.630000 404.260000,407.730000 399.360000)
1	65	751	752	1	1	96	96	0	17	107	1	0	Right	7.158	24156.4	24263.4	LINESTRING(407.730000 399.360000,403.230000 396.490000)
1	66	752	1669	1	1	234	234	0	42	272	1	0	U	57.264	24320.7	24592.7	LINESTRING(403.230000 396.490000,411.610000 395.900000)
1	67	1669	777	1	1	111	111	0	20	130	1	0	Right	7.158	24599.8	24729.8	LINESTRING(411.610000 395.900000,405.630000 390.460000)
1	68	777	2364	1	1	46	46	0	8	48	1	0	Straight	0.0	24729.8	24777.8	LINESTRING(405.630000 390.460000,404.570000 386.010000)
1	69	2364	777	1	1	46	46	0	8	48	0	0	U	57.264	24835.1	24843.1	LINESTRING(404.570000 386.010000,405.630000 390.460000)
1	70	777	355	1	1	670	670	0	121	791	1	0	Right	7.158	24850.3	25641.3	LINESTRING(405.630000 390.460000,426.410000 393.740000)
1	71	355	311	1	1	228	228	0	41	261	1	0	Straight	0.0	25641.3	25902.3	LINESTRING(426.410000 393.740000,447.990000 396.050000)
1	72	311	715	1	1	58	58	0	10	60	1	0	Straight	0.0	25902.3	25962.3	LINESTRING(447.990000 396.050000,470.620000 391.450000)
1	73	715	2125	1	1	290	290	0	52	342	0	0	Right	7.158	25969.4	26021.4	LINESTRING(470.620000 391.450000,470.160000 386.510000)
1	74	2125	2126	1	1	120	120	0	22	142	1	0	Right	7.158	26028.6	26170.6	LINESTRING(470.160000 386.510000,466.460000 385.020000)
1	75	2126	2125	1	1	120	120	0	22	142	0	0	U	57.264	26227.8	26249.8	LINESTRING(466.460000 385.020000,470.160000 386.510000)
1	76	2125	715	1	1	290	290	0	52	342	1	0	Left	14.316	26264.2	26606.2	LINESTRING(470.160000 386.510000,470.620000 391.450000)
1	77	715	288	1	1	271	271	0	49	319	1	0	Right	7.158	26613.3	26932.3	LINESTRING(470.620000 391.450000,493.330000 387.690000)
1	78	288	712	1	1	150	150	0	27	177	1	0	Straight	0.0	26932.3	27109.3	LINESTRING(493.330000 387.690000,509.000000 384.560000)
1	79	712	711	1	0	0	0	0	2	0	0	0	Straight	0.0	27109.3	27111.3	LINESTRING(509.000000 384.560000,524.130000 380.680000)
1	80	711	713	1	1	17	17	0	3	13	1	0	Straight	0.0	27111.3	27124.3	LINESTRING(524.130000 380.680000,538.490000 376.330000)
1	81	713	315	1	1	19	19	0	3	13	1	0	Straight	0.0	27124.3	27137.3	LINESTRING(538.490000 376.330000,551.920000 371.660000)
1	82	315	328	1	1	77	77	0	14	84	1	0	Straight	0.0	27137.3	27221.3	LINESTRING(551.920000 371.660000,563.020000 364.840000)
1	83	328	327	1	1	50	50	0	9	59	1	0	Straight	0.0	27221.3	27280.3	LINESTRING(563.020000 364.840000,572.820000 357.200000)
1	84	327	738	1	1	154	154	0	28	178	1	0	Straight	0.0	27280.3	27458.3	LINESTRING(572.820000 357.200000,581.260000 348.190000)
1	85	738	1749	1	1	11	11	0	2	12	1	0	Straight	0.0	27458.3	27470.3	LINESTRING(581.260000 348.190000,587.240000 339.240000)
1	86	1749	375	1	1	89	89	0	16	96	1	0	Straight	0.0	27470.3	27566.3	LINESTRING(587.240000 339.240000,588.540000 329.810000)
1	87	375	374	1	1	94	94	0	17	107	1	0	Straight	0.0	27566.3	27673.3	LINESTRING(588.540000 329.810000,584.020000 321.030000)
1	88	374	755	1	1	15	15	0	3	13	1	0	Straight	0.0	27673.3	27686.3	LINESTRING(584.020000 321.030000,575.800000 313.970000)
1	89	755	391	1	1	91	91	0	16	106	1	0	Straight	0.0	27686.3	27792.3	LINESTRING(575.800000 313.970000,565.120000 308.210000)
1	90	391	390	1	1	86	86	0	15	95	1	0	Straight	0.0	27792.3	27887.3	LINESTRING(565.120000 308.210000,553.130000 302.750000)
1	91	390	790	1	1	328	328	0	59	379	1	0	Left	14.316	27901.6	28280.6	LINESTRING(553.130000 302.750000,567.690000 294.060000)
1	92	790	789	1	1	94	94	0	17	107	1	0	Straight	0.0	28280.6	28387.6	LINESTRING(567.690000 294.060000,579.530000 285.310000)
1	93	789	2420	1	1	117	117	0	21	131	1	0	Straight	0.0	28387.6	28518.6	LINESTRING(579.530000 285.310000,584.040000 282.330000)
1	94	2420	789	1	1	117	117	0	21	131	0	0	U	57.264	28575.9	28596.9	LINESTRING(584.040000 282.330000,579.530000 285.310000)
1	95	789	790	1	1	94	94	0	17	107	0	0	Straight	0.0	28596.9	28613.9	LINESTRING(579.530000 285.310000,567.690000 294.060000)
1	96	790	1665	1	1	166	166	0	30	190	1	0	U	57.264	28671.2	28861.2	LINESTRING(567.690000 294.060000,575.270000 292.480000)
1	97	1665	1666	1	1	10	10	0	2	12	1	0	Straight	0.0	28861.2	28873.2	LINESTRING(575.270000 292.480000,579.390000 290.400000)
1	98	1666	1665	1	1	10	10	0	2	12	0	0	U	57.264	28930.4	28932.4	LINESTRING(579.390000 290.400000,575.270000 292.480000)
1	99	1665	790	1	1	166	166	0	30	190	0	0	Straight	0.0	28932.4	28962.4	LINESTRING(575.270000 292.480000,567.690000 294.060000)
1	100	790	390	1	1	328	328	0	59	379	0	0	Straight	0.0	28962.4	29021.4	LINESTRING(567.690000 294.060000,553.130000 302.750000)
1	101	390	392	1	1	283	283	0	51	331	1	0	Straight	0.0	29021.4	29352.4	LINESTRING(553.130000 302.750000,533.030000 305.260000)
1	102	392	1778	1	1	38	38	0	7	37	1	0	Straight	0.0	29352.4	29389.4	LINESTRING(533.030000 305.260000,512.650000 307.610000)
1	103	1778	409	1	1	49	49	0	9	49	1	0	Straight	0.0	29389.4	29438.4	LINESTRING(512.650000 307.610000,492.080000 310.130000)
1	104	409	2094	1	1	51	51	0	9	59	1	0	Straight	0.0	29438.4	29497.4	LINESTRING(492.080000 310.130000,471.290000 313.390000)
1	105	2094	750	1	1	161	161	0	29	189	1	0	Straight	0.0	29497.4	29686.4	LINESTRING(471.290000 313.390000,450.470000 317.040000)
1	106	750	2026	1	1	296	296	0	53	343	1	0	Straight	0.0	29686.4	30029.4	LINESTRING(450.470000 317.040000,431.520000 322.970000)
1	107	2026	864	1	1	283	283	0	51	331	1	0	Straight	0.0	30029.4	30360.4	LINESTRING(431.520000 322.970000,413.100000 329.070000)
1	108	864	863	1	1	139	139	0	25	155	1	0	Straight	0.0	30360.4	30515.4	LINESTRING(413.100000 329.070000,395.020000 335.480000)
1	109	863	1745	1	1	19	19	0	3	13	1	0	Straight	0.0	30515.4	30528.4	LINESTRING(395.020000 335.480000,377.200000 341.690000)
1	110	1745	562	1	1	88	88	0	16	96	1	0	Straight	0.0	30528.4	30624.4	LINESTRING(377.200000 341.690000,359.330000 347.260000)
1	111	562	561	1	1	265	265	0	48	308	1	0	Straight	0.0	30624.4	30932.4	LINESTRING(359.330000 347.260000,341.600000 352.600000)
1	112	561	951	1	0	0	0	0	65	0	0	0	U	57.264	30989.7	31054.7	LINESTRING(341.600000 352.600000,362.600000 336.160000)
1	113	951	610	1	0	0	0	0	5	0	0	0	Straight	0.0	31054.7	31059.7	LINESTRING(362.600000 336.160000,383.270000 322.520000)
1	114	610	611	1	0	0	0	0	13	0	0	0	Straight	0.0	31059.7	31072.7	LINESTRING(383.270000 322.520000,386.970000 314.450000)
1	115	611	957	1	0	0	0	0	12	0	0	0	Straight	0.0	31072.7	31084.7	LINESTRING(386.970000 314.450000,393.420000 311.130000)
1	116	957	1528	1	0	0	0	0	9	0	0	0	Right	7.158	31091.8	31100.8	LINESTRING(393.420000 311.130000,385.690000 307.890000)
1	117	1528	1004	1	0	0	0	0	24	0	0	0	Straight	0.0	31100.8	31124.8	LINESTRING(385.690000 307.890000,378.590000 301.430000)
1	118	1004	2011	1	0	0	0	0	249	0	0	0	Straight	0.0	31124.8	31373.8	LINESTRING(378.590000 301.430000,372.780000 294.490000)
1	119	2011	923	1	0	0	0	0	100	0	0	0	Straight	0.0	31373.8	31473.8	LINESTRING(372.780000 294.490000,367.720000 288.770000)
1	120	923	922	1	0	0	0	0	20	0	0	0	Straight	0.0	31473.8	31493.8	LINESTRING(367.720000 288.770000,363.400000 284.320000)
1	121	922	2277	1	0	0	0	0	91	0	0	0	Straight	0.0	31493.8	31584.8	LINESTRING(363.400000 284.320000,360.380000 280.330000)
2	0	2277	2277	-1	-1	0	0	0	0	0	0	300		0.0	31584.8	31884.8	LINESTRING(360.380000 280.330000,360.380000 280.330000)
