Problem Type	Solution Method	Vehicle Capacity (Weight)	Vehicle Capacity(Volume)	Disposal Trips	Route Time	Route Time wo Turns	Computational Time(Sec)	Clustering Time(Sec)	VA(NHO)	VA(ATD)	VA(CCI)	VA(DMT)	VA(ROI)	VA(AOI)	Optimal
MCARPTIF-TP	WJ19	10000	10000	2	31799.2	28800	127.492	0	0.446684	1354.3	1.38462	24008	1.31738	0.0621155	0
Load No	Sequence No	From Node ID	To Node ID	IsEdge	Required	Weight	Volume	Travel Miles	Travel Time	Service Time	Served	Dumped	Turn Type	Turn Cost	Depart Time	Arrival Time	Shape
0	0	2277	922	1	0	0	0	0	91	0	0	300		0.0	300.0	391.0	LINESTRING(360.380000 280.330000,363.400000 284.320000)
0	1	922	923	1	0	0	0	0	20	0	0	0	Straight	0.0	391.0	411.0	LINESTRING(363.400000 284.320000,367.720000 288.770000)
0	2	923	2011	1	0	0	0	0	100	0	0	0	Straight	0.0	411.0	511.0	LINESTRING(367.720000 288.770000,372.780000 294.490000)
0	3	2011	1004	1	0	0	0	0	249	0	0	0	Straight	0.0	511.0	760.0	LINESTRING(372.780000 294.490000,378.590000 301.430000)
0	4	1004	1528	1	0	0	0	0	24	0	0	0	Straight	0.0	760.0	784.0	LINESTRING(378.590000 301.430000,385.690000 307.890000)
0	5	1528	611	0	0	0	0	0	16	0	0	0	Straight	0.0	784.0	800.0	LINESTRING(385.690000 307.890000,386.970000 314.450000)
0	6	611	610	1	0	0	0	0	13	0	0	0	Straight	0.0	800.0	813.0	LINESTRING(386.970000 314.450000,383.270000 322.520000)
0	7	610	951	1	0	0	0	0	5	0	0	0	Straight	0.0	813.0	818.0	LINESTRING(383.270000 322.520000,362.600000 336.160000)
0	8	951	561	1	0	0	0	0	65	0	0	0	Straight	0.0	818.0	883.0	LINESTRING(362.600000 336.160000,341.600000 352.600000)
0	9	561	562	1	0	0	0	0	48	0	0	0	U	57.264	940.264	988.264	LINESTRING(341.600000 352.600000,359.330000 347.260000)
0	10	562	1745	1	0	0	0	0	16	0	0	0	Straight	0.0	988.264	1004.26	LINESTRING(359.330000 347.260000,377.200000 341.690000)
0	11	1745	863	1	0	0	0	0	3	0	0	0	Straight	0.0	1004.26	1007.26	LINESTRING(377.200000 341.690000,395.020000 335.480000)
0	12	863	864	1	0	0	0	0	25	0	0	0	Straight	0.0	1007.26	1032.26	LINESTRING(395.020000 335.480000,413.100000 329.070000)
0	13	864	2026	1	0	0	0	0	51	0	0	0	Straight	0.0	1032.26	1083.26	LINESTRING(413.100000 329.070000,431.520000 322.970000)
0	14	2026	750	1	0	0	0	0	53	0	0	0	Straight	0.0	1083.26	1136.26	LINESTRING(431.520000 322.970000,450.470000 317.040000)
0	15	750	746	1	0	0	0	0	10	0	0	0	U	57.264	1193.53	1203.53	LINESTRING(450.470000 317.040000,446.760000 320.540000)
0	16	746	739	1	0	0	0	0	11	0	0	0	Straight	0.0	1203.53	1214.53	LINESTRING(446.760000 320.540000,445.340000 326.220000)
0	17	739	736	1	0	0	0	0	19	0	0	0	Straight	0.0	1214.53	1233.53	LINESTRING(445.340000 326.220000,448.260000 331.650000)
0	18	736	1901	1	0	0	0	0	8	0	0	0	Straight	0.0	1233.53	1241.53	LINESTRING(448.260000 331.650000,453.670000 335.930000)
0	19	1901	1997	1	0	0	0	0	7	0	0	0	Straight	0.0	1241.53	1248.53	LINESTRING(453.670000 335.930000,459.720000 339.910000)
0	20	1997	334	1	0	0	0	0	11	0	0	0	Straight	0.0	1248.53	1259.53	LINESTRING(459.720000 339.910000,466.530000 343.330000)
0	21	334	1701	1	0	0	0	0	15	0	0	0	Straight	0.0	1259.53	1274.53	LINESTRING(466.530000 343.330000,473.260000 347.850000)
0	22	1701	718	1	0	0	0	0	20	0	0	0	Straight	0.0	1274.53	1294.53	LINESTRING(473.260000 347.850000,480.460000 352.220000)
0	23	718	271	1	0	0	0	0	25	0	0	0	Straight	0.0	1294.53	1319.53	LINESTRING(480.460000 352.220000,488.100000 356.510000)
0	24	271	259	1	0	0	0	0	20	0	0	0	Straight	0.0	1319.53	1339.53	LINESTRING(488.100000 356.510000,494.950000 361.820000)
0	25	259	255	1	0	0	0	0	1	0	0	0	Straight	0.0	1339.53	1340.53	LINESTRING(494.950000 361.820000,501.060000 367.200000)
0	26	255	256	1	0	0	0	0	9	0	0	0	Straight	0.0	1340.53	1349.53	LINESTRING(501.060000 367.200000,506.200000 372.840000)
0	27	256	289	1	0	0	0	0	20	0	0	0	Straight	0.0	1349.53	1369.53	LINESTRING(506.200000 372.840000,509.380000 379.120000)
0	28	289	1187	1	1	544	544	0	98	638	1	0	U	57.264	1426.79	2064.79	LINESTRING(509.380000 379.120000,515.830000 356.040000)
0	29	1187	1305	1	0	0	0	0	145	0	0	0	U	57.264	2122.06	2267.06	LINESTRING(515.830000 356.040000,526.330000 377.150000)
0	30	1305	1304	1	1	415	415	0	75	485	1	0	Straight	0.0	2267.06	2752.06	LINESTRING(526.330000 377.150000,522.960000 389.110000)
0	31	1304	1357	1	1	47	47	0	8	48	1	0	Right	7.158	2759.21	2807.21	LINESTRING(522.960000 389.110000,527.930000 392.350000)
0	32	1357	1356	1	1	208	208	0	37	237	1	0	Straight	0.0	2807.21	3044.21	LINESTRING(527.930000 392.350000,530.460000 395.490000)
0	33	1356	1410	1	1	86	86	0	16	96	1	0	Right	7.158	3051.37	3147.37	LINESTRING(530.460000 395.490000,532.070000 393.210000)
0	34	1410	1357	1	1	70	70	0	13	83	1	0	Right	7.158	3154.53	3237.53	LINESTRING(532.070000 393.210000,527.930000 392.350000)
0	35	1357	1304	1	1	47	47	0	8	48	0	0	Straight	0.0	3237.53	3245.53	LINESTRING(527.930000 392.350000,522.960000 389.110000)
0	36	1304	1411	1	1	103	103	0	19	119	1	0	Right	7.158	3252.69	3371.69	LINESTRING(522.960000 389.110000,516.600000 399.480000)
0	37	1411	1412	1	0	0	0	0	60	0	0	0	Straight	0.0	3371.69	3431.69	LINESTRING(516.600000 399.480000,519.590000 423.030000)
0	38	1412	1183	1	0	0	0	0	49	0	0	0	Straight	0.0	3431.69	3480.69	LINESTRING(519.590000 423.030000,508.890000 447.660000)
0	39	1183	1184	1	0	0	0	0	13	0	0	0	Straight	0.0	3480.69	3493.69	LINESTRING(508.890000 447.660000,512.050000 458.580000)
0	40	1184	1621	1	1	141	141	0	25	165	1	0	Right	7.158	3500.85	3665.85	LINESTRING(512.050000 458.580000,518.590000 457.180000)
0	41	1621	1622	1	1	267	267	0	48	308	1	0	Straight	0.0	3665.85	3973.85	LINESTRING(518.590000 457.180000,523.030000 458.160000)
0	42	1622	1621	1	1	267	267	0	48	308	0	0	U	57.264	4031.11	4079.11	LINESTRING(523.030000 458.160000,518.590000 457.180000)
0	43	1621	2286	1	1	293	293	0	53	343	1	0	Left	14.316	4093.43	4436.43	LINESTRING(518.590000 457.180000,522.210000 454.500000)
0	44	2286	1621	1	1	293	293	0	53	343	0	0	U	57.264	4493.69	4546.69	LINESTRING(522.210000 454.500000,518.590000 457.180000)
0	45	1621	1184	1	1	141	141	0	25	165	0	0	Straight	0.0	4546.69	4571.69	LINESTRING(518.590000 457.180000,512.050000 458.580000)
0	46	1184	1183	1	0	0	0	0	13	0	0	0	Left	14.316	4586.01	4599.01	LINESTRING(512.050000 458.580000,508.890000 447.660000)
0	47	1183	1725	1	0	0	0	0	41	0	0	0	Right	7.158	4606.16	4647.16	LINESTRING(508.890000 447.660000,495.860000 469.210000)
0	48	1725	539	1	1	61	61	0	11	71	1	0	Left	14.316	4661.48	4732.48	LINESTRING(495.860000 469.210000,487.090000 470.790000)
0	49	539	176	1	1	185	185	0	33	213	1	0	Straight	0.0	4732.48	4945.48	LINESTRING(487.090000 470.790000,477.900000 473.110000)
0	50	176	206	1	1	180	180	0	32	212	1	0	Straight	0.0	4945.48	5157.48	LINESTRING(477.900000 473.110000,467.920000 477.340000)
0	51	206	205	1	1	349	349	0	63	403	1	0	Straight	0.0	5157.48	5560.48	LINESTRING(467.920000 477.340000,455.720000 481.250000)
0	52	205	243	1	1	262	262	0	47	307	1	0	Straight	0.0	5560.48	5867.48	LINESTRING(455.720000 481.250000,442.080000 481.680000)
0	53	243	221	1	0	0	0	0	10	0	0	0	Right	7.158	5874.64	5884.64	LINESTRING(442.080000 481.680000,438.140000 503.310000)
0	54	221	597	1	0	0	0	0	10	0	0	0	Right	7.158	5891.8	5901.8	LINESTRING(438.140000 503.310000,448.200000 514.650000)
0	55	597	204	1	1	105	105	0	19	119	1	0	Straight	0.0	5901.8	6020.8	LINESTRING(448.200000 514.650000,455.030000 525.760000)
0	56	204	229	1	1	210	210	0	38	248	1	0	Left	14.316	6035.11	6283.11	LINESTRING(455.030000 525.760000,448.520000 532.750000)
0	57	229	228	1	1	247	247	0	44	284	1	0	Straight	0.0	6283.11	6567.11	LINESTRING(448.520000 532.750000,447.880000 540.510000)
0	58	228	237	1	1	319	319	0	57	367	1	0	Straight	0.0	6567.11	6934.11	LINESTRING(447.880000 540.510000,441.800000 545.740000)
0	59	237	230	1	1	166	166	0	30	190	1	0	Right	7.158	6941.27	7131.27	LINESTRING(441.800000 545.740000,451.750000 558.060000)
0	60	230	231	1	1	161	161	0	29	189	1	0	Straight	0.0	7131.27	7320.27	LINESTRING(451.750000 558.060000,462.550000 573.750000)
0	61	231	155	1	1	471	471	0	85	555	1	0	Straight	0.0	7320.27	7875.27	LINESTRING(462.550000 573.750000,476.280000 585.810000)
0	62	155	1531	1	1	369	369	0	66	426	1	0	Straight	0.0	7875.27	8301.27	LINESTRING(476.280000 585.810000,479.150000 604.630000)
0	63	1531	524	1	1	203	203	0	37	237	1	0	Straight	0.0	8301.27	8538.27	LINESTRING(479.150000 604.630000,483.960000 620.310000)
0	64	524	550	1	1	183	183	0	33	213	1	0	Left	14.316	8552.59	8765.59	LINESTRING(483.960000 620.310000,471.260000 629.220000)
0	65	550	2227	1	1	163	163	0	29	189	1	0	Right	7.158	8772.74	8961.74	LINESTRING(471.260000 629.220000,470.430000 641.490000)
0	66	2227	193	1	1	229	229	0	41	261	1	0	Left	14.316	8976.06	9237.06	LINESTRING(470.430000 641.490000,463.680000 643.960000)
0	67	193	194	1	1	41	41	0	7	47	1	0	Left	14.316	9251.38	9298.38	LINESTRING(463.680000 643.960000,459.330000 640.650000)
0	68	194	193	1	1	41	41	0	7	47	0	0	U	57.264	9355.64	9362.64	LINESTRING(459.330000 640.650000,463.680000 643.960000)
0	69	193	2227	1	1	229	229	0	41	261	0	0	Right	7.158	9369.8	9410.8	LINESTRING(463.680000 643.960000,470.430000 641.490000)
0	70	2227	2143	1	1	234	234	0	42	272	1	0	Left	14.316	9425.11	9697.11	LINESTRING(470.430000 641.490000,473.730000 652.790000)
0	71	2143	520	1	1	209	209	0	38	238	1	0	Straight	0.0	9697.11	9935.11	LINESTRING(473.730000 652.790000,477.030000 663.080000)
0	72	520	163	1	1	71	71	0	13	83	1	0	Straight	0.0	9935.11	10018.1	LINESTRING(477.030000 663.080000,476.070000 671.120000)
0	73	163	164	1	1	94	94	0	17	107	1	0	Straight	0.0	10018.1	10125.1	LINESTRING(476.070000 671.120000,478.170000 675.080000)
0	74	164	163	1	1	94	94	0	17	107	0	0	U	57.264	10182.4	10199.4	LINESTRING(478.170000 675.080000,476.070000 671.120000)
0	75	163	520	1	1	71	71	0	13	83	0	0	Straight	0.0	10199.4	10212.4	LINESTRING(476.070000 671.120000,477.030000 663.080000)
0	76	520	2143	1	1	209	209	0	38	238	0	0	Straight	0.0	10212.4	10250.4	LINESTRING(477.030000 663.080000,473.730000 652.790000)
0	77	2143	2144	1	1	154	154	0	28	178	1	0	U	57.264	10307.6	10485.6	LINESTRING(473.730000 652.790000,474.940000 656.390000)
0	78	2144	2143	1	1	154	154	0	28	178	0	0	U	57.264	10542.9	10570.9	LINESTRING(474.940000 656.390000,473.730000 652.790000)
0	79	2143	2227	1	1	234	234	0	42	272	0	0	Straight	0.0	10570.9	10612.9	LINESTRING(473.730000 652.790000,470.430000 641.490000)
0	80	2227	550	1	1	163	163	0	29	189	0	0	Straight	0.0	10612.9	10641.9	LINESTRING(470.430000 641.490000,471.260000 629.220000)
0	81	550	524	1	1	183	183	0	33	213	0	0	Left	14.316	10656.2	10689.2	LINESTRING(471.260000 629.220000,483.960000 620.310000)
0	82	524	135	1	1	290	290	0	52	342	1	0	Left	14.316	10703.5	11045.5	LINESTRING(483.960000 620.310000,499.720000 626.790000)
0	83	135	136	1	1	175	175	0	31	201	1	0	Straight	0.0	11045.5	11246.5	LINESTRING(499.720000 626.790000,504.530000 636.850000)
0	84	136	1899	1	1	95	95	0	17	107	1	0	Straight	0.0	11246.5	11353.5	LINESTRING(504.530000 636.850000,510.510000 641.380000)
0	85	1899	2315	1	1	81	81	0	15	95	1	0	Straight	0.0	11353.5	11448.5	LINESTRING(510.510000 641.380000,515.110000 641.950000)
0	86	2315	1899	1	1	81	81	0	15	95	0	0	U	57.264	11505.8	11520.8	LINESTRING(515.110000 641.950000,510.510000 641.380000)
0	87	1899	134	1	1	87	87	0	16	96	1	0	Right	7.158	11528.0	11624.0	LINESTRING(510.510000 641.380000,512.630000 646.700000)
0	88	134	133	1	1	74	74	0	13	83	1	0	Straight	0.0	11624.0	11707.0	LINESTRING(512.630000 646.700000,516.410000 649.700000)
0	89	133	134	1	1	74	74	0	13	83	0	0	U	57.264	11764.2	11777.2	LINESTRING(516.410000 649.700000,512.630000 646.700000)
0	90	134	1741	1	1	184	184	0	33	213	1	0	Right	7.158	11784.4	11997.4	LINESTRING(512.630000 646.700000,508.020000 647.500000)
0	91	1741	425	1	1	79	79	0	14	84	1	0	Right	7.158	12004.5	12088.5	LINESTRING(508.020000 647.500000,508.480000 653.470000)
0	92	425	426	1	1	20	20	0	4	24	1	0	Straight	0.0	12088.5	12112.5	LINESTRING(508.480000 653.470000,509.620000 658.380000)
0	93	426	425	1	1	20	20	0	4	24	0	0	U	57.264	12169.8	12173.8	LINESTRING(509.620000 658.380000,508.480000 653.470000)
0	94	425	1796	1	1	241	241	0	43	283	1	0	Straight	0.0	12173.8	12456.8	LINESTRING(508.480000 653.470000,506.450000 649.900000)
0	95	1796	448	1	1	200	200	0	36	236	1	0	Straight	0.0	12456.8	12692.8	LINESTRING(506.450000 649.900000,505.940000 643.810000)
0	96	448	136	1	1	81	81	0	15	95	1	0	Straight	0.0	12692.8	12787.8	LINESTRING(505.940000 643.810000,504.530000 636.850000)
0	97	136	117	1	1	84	84	0	15	95	1	0	U	57.264	12845.1	12940.1	LINESTRING(504.530000 636.850000,503.930000 642.250000)
0	98	117	1741	1	1	96	96	0	17	107	1	0	Straight	0.0	12940.1	13047.1	LINESTRING(503.930000 642.250000,508.020000 647.500000)
0	99	1741	117	1	1	96	96	0	17	107	0	0	U	57.264	13104.3	13121.3	LINESTRING(508.020000 647.500000,503.930000 642.250000)
0	100	117	118	1	1	102	102	0	18	118	1	0	Right	7.158	13128.5	13246.5	LINESTRING(503.930000 642.250000,500.830000 645.230000)
0	101	118	117	1	1	102	102	0	18	118	0	0	U	57.264	13303.8	13321.8	LINESTRING(500.830000 645.230000,503.930000 642.250000)
0	102	117	136	1	1	84	84	0	15	95	0	0	Straight	0.0	13321.8	13336.8	LINESTRING(503.930000 642.250000,504.530000 636.850000)
0	103	136	135	1	1	175	175	0	31	201	0	0	Straight	0.0	13336.8	13367.8	LINESTRING(504.530000 636.850000,499.720000 626.790000)
0	104	135	485	1	0	0	0	0	32	0	0	0	Right	7.158	13374.9	13406.9	LINESTRING(499.720000 626.790000,474.080000 649.440000)
0	105	485	142	0	0	0	0	0	36	0	0	0	Straight	0.0	13406.9	13442.9	LINESTRING(474.080000 649.440000,448.420000 660.270000)
0	106	142	486	0	0	0	0	0	66	0	0	0	Right	7.158	13450.1	13516.1	LINESTRING(448.420000 660.270000,444.490000 676.290000)
0	107	486	138	1	0	0	0	0	3	0	0	0	Right	7.158	13523.2	13526.2	LINESTRING(444.490000 676.290000,454.680000 686.670000)
0	108	138	137	1	0	0	0	0	13	0	0	0	Straight	0.0	13526.2	13539.2	LINESTRING(454.680000 686.670000,454.930000 705.990000)
0	109	137	1542	1	1	269	269	0	48	308	1	0	Straight	0.0	13539.2	13847.2	LINESTRING(454.930000 705.990000,460.680000 722.910000)
0	110	1542	1606	1	1	185	185	0	33	213	1	0	Straight	0.0	13847.2	14060.2	LINESTRING(460.680000 722.910000,463.440000 736.970000)
0	111	1606	1918	1	1	124	124	0	22	142	1	0	Straight	0.0	14060.2	14202.2	LINESTRING(463.440000 736.970000,467.490000 746.760000)
0	112	1918	101	1	1	96	96	0	17	107	1	0	Straight	0.0	14202.2	14309.2	LINESTRING(467.490000 746.760000,474.250000 752.240000)
0	113	101	381	1	1	128	128	0	23	143	1	0	Straight	0.0	14309.2	14452.2	LINESTRING(474.250000 752.240000,482.350000 756.420000)
0	114	381	85	1	1	66	66	0	12	72	1	0	Right	7.158	14459.4	14531.4	LINESTRING(482.350000 756.420000,488.340000 751.430000)
0	115	85	362	1	1	116	116	0	21	131	1	0	Left	14.316	14545.7	14676.7	LINESTRING(488.340000 751.430000,488.770000 760.990000)
0	116	362	91	1	1	29	29	0	5	25	1	0	Straight	0.0	14676.7	14701.7	LINESTRING(488.770000 760.990000,489.900000 768.770000)
0	117	91	1994	1	1	24	24	0	4	24	1	0	Straight	0.0	14701.7	14725.7	LINESTRING(489.900000 768.770000,491.700000 773.830000)
0	118	1994	91	1	1	24	24	0	4	24	0	0	U	57.264	14783.0	14787.0	LINESTRING(491.700000 773.830000,489.900000 768.770000)
0	119	91	90	1	1	63	63	0	11	71	1	0	Right	7.158	14794.1	14865.1	LINESTRING(489.900000 768.770000,486.700000 771.400000)
0	120	90	2392	1	1	40	40	0	7	47	0	0	Right	7.158	14872.3	14879.3	LINESTRING(486.700000 771.400000,486.860000 777.250000)
0	121	2392	90	1	1	40	40	0	7	47	1	0	U	57.264	14936.5	14983.5	LINESTRING(486.860000 777.250000,486.700000 771.400000)
0	122	90	89	1	1	30	30	0	5	35	1	0	Straight	0.0	14983.5	15018.5	LINESTRING(486.700000 771.400000,485.330000 764.150000)
0	123	89	362	1	1	64	64	0	11	71	1	0	Left	14.316	15032.9	15103.9	LINESTRING(485.330000 764.150000,488.770000 760.990000)
0	124	362	85	1	1	116	116	0	21	131	0	0	Right	7.158	15111.0	15132.0	LINESTRING(488.770000 760.990000,488.340000 751.430000)
0	125	85	84	1	0	0	0	0	19	0	0	0	Straight	0.0	15132.0	15151.0	LINESTRING(488.340000 751.430000,490.680000 739.140000)
0	126	84	68	1	1	98	98	0	18	108	0	0	Straight	0.0	15151.0	15169.0	LINESTRING(490.680000 739.140000,494.870000 726.110000)
0	127	68	338	1	0	0	0	0	23	0	0	0	Straight	0.0	15169.0	15192.0	LINESTRING(494.870000 726.110000,495.210000 712.480000)
0	128	338	339	0	0	0	0	0	5	0	0	0	Left	14.316	15206.3	15211.3	LINESTRING(495.210000 712.480000,499.160000 712.810000)
0	129	339	1534	0	0	0	0	0	8	0	0	0	Right	7.158	15218.5	15226.5	LINESTRING(499.160000 712.810000,501.900000 709.590000)
0	130	1534	342	0	0	0	0	0	16	0	0	0	Straight	0.0	15226.5	15242.5	LINESTRING(501.900000 709.590000,503.320000 703.520000)
0	131	342	343	0	0	0	0	0	2	0	0	0	Straight	0.0	15242.5	15244.5	LINESTRING(503.320000 703.520000,510.350000 698.760000)
0	132	343	69	0	0	0	0	0	19	0	0	0	Straight	0.0	15244.5	15263.5	LINESTRING(510.350000 698.760000,520.080000 691.680000)
0	133	69	1768	1	0	0	0	0	18	0	0	0	Straight	0.0	15263.5	15281.5	LINESTRING(520.080000 691.680000,540.370000 687.820000)
0	134	1768	1769	1	0	0	0	0	60	0	0	0	Straight	0.0	15281.5	15341.5	LINESTRING(540.370000 687.820000,551.800000 678.610000)
0	135	1769	1694	1	0	0	0	0	18	0	0	0	Straight	0.0	15341.5	15359.5	LINESTRING(551.800000 678.610000,563.310000 671.890000)
0	136	1694	1695	1	0	0	0	0	46	0	0	0	Straight	0.0	15359.5	15405.5	LINESTRING(563.310000 671.890000,568.240000 659.900000)
0	137	1695	2155	1	0	0	0	0	15	0	0	0	Straight	0.0	15405.5	15420.5	LINESTRING(568.240000 659.900000,578.390000 650.730000)
0	138	2155	307	1	0	0	0	0	34	0	0	0	Left	14.316	15434.8	15468.8	LINESTRING(578.390000 650.730000,590.370000 654.040000)
0	139	307	48	1	0	0	0	0	21	0	0	0	Straight	0.0	15468.8	15489.8	LINESTRING(590.370000 654.040000,599.660000 662.980000)
0	140	48	274	1	0	0	0	0	22	0	0	0	Straight	0.0	15489.8	15511.8	LINESTRING(599.660000 662.980000,612.750000 663.230000)
0	141	274	38	1	0	0	0	0	12	0	0	0	Straight	0.0	15511.8	15523.8	LINESTRING(612.750000 663.230000,625.450000 661.250000)
0	142	38	39	1	0	0	0	0	13	0	0	0	Straight	0.0	15523.8	15536.8	LINESTRING(625.450000 661.250000,638.070000 657.560000)
0	143	39	227	1	0	0	0	0	17	0	0	0	Straight	0.0	15536.8	15553.8	LINESTRING(638.070000 657.560000,650.280000 656.620000)
0	144	227	1888	1	0	0	0	0	36	0	0	0	Right	7.158	15561.0	15597.0	LINESTRING(650.280000 656.620000,663.700000 640.650000)
0	145	1888	2314	1	0	0	0	0	93	0	0	0	Straight	0.0	15597.0	15690.0	LINESTRING(663.700000 640.650000,663.790000 616.000000)
0	146	2314	1312	1	0	0	0	0	40	0	0	0	Straight	0.0	15690.0	15730.0	LINESTRING(663.790000 616.000000,659.120000 591.060000)
0	147	1312	1306	1	0	0	0	0	21	0	0	0	Straight	0.0	15730.0	15751.0	LINESTRING(659.120000 591.060000,654.820000 566.300000)
0	148	1306	1307	0	0	0	0	0	37	0	0	0	Left	14.316	15765.3	15802.3	LINESTRING(654.820000 566.300000,667.430000 553.850000)
0	149	1307	1732	0	0	0	0	0	18	0	0	0	Straight	0.0	15802.3	15820.3	LINESTRING(667.430000 553.850000,676.830000 553.640000)
0	150	1732	1508	0	0	0	0	0	24	0	0	0	Right	7.158	15827.4	15851.4	LINESTRING(676.830000 553.640000,679.330000 550.700000)
1	0	1508	1509	0	0	0	0	0	23	0	0	300		0.0	16151.4	16174.4	LINESTRING(679.330000 550.700000,677.610000 547.310000)
1	1	1509	1507	0	0	0	0	0	18	0	0	0	Straight	0.0	16174.4	16192.4	LINESTRING(677.610000 547.310000,676.530000 540.560000)
1	2	1507	1924	0	0	0	0	0	37	0	0	0	Right	7.158	16199.6	16236.6	LINESTRING(676.530000 540.560000,657.710000 548.810000)
1	3	1924	1306	1	0	0	0	0	2	0	0	0	Right	7.158	16243.8	16245.8	LINESTRING(657.710000 548.810000,654.820000 566.300000)
1	4	1306	1312	1	0	0	0	0	21	0	0	0	Straight	0.0	16245.8	16266.8	LINESTRING(654.820000 566.300000,659.120000 591.060000)
1	5	1312	2314	1	0	0	0	0	40	0	0	0	Straight	0.0	16266.8	16306.8	LINESTRING(659.120000 591.060000,663.790000 616.000000)
1	6	2314	1888	1	0	0	0	0	93	0	0	0	Straight	0.0	16306.8	16399.8	LINESTRING(663.790000 616.000000,663.700000 640.650000)
1	7	1888	227	1	0	0	0	0	36	0	0	0	Straight	0.0	16399.8	16435.8	LINESTRING(663.700000 640.650000,650.280000 656.620000)
1	8	227	39	1	0	0	0	0	17	0	0	0	Left	14.316	16450.1	16467.1	LINESTRING(650.280000 656.620000,638.070000 657.560000)
1	9	39	38	1	0	0	0	0	13	0	0	0	Straight	0.0	16467.1	16480.1	LINESTRING(638.070000 657.560000,625.450000 661.250000)
1	10	38	274	1	0	0	0	0	12	0	0	0	Straight	0.0	16480.1	16492.1	LINESTRING(625.450000 661.250000,612.750000 663.230000)
1	11	274	48	1	0	0	0	0	22	0	0	0	Straight	0.0	16492.1	16514.1	LINESTRING(612.750000 663.230000,599.660000 662.980000)
1	12	48	307	1	0	0	0	0	21	0	0	0	Straight	0.0	16514.1	16535.1	LINESTRING(599.660000 662.980000,590.370000 654.040000)
1	13	307	2155	1	0	0	0	0	34	0	0	0	Straight	0.0	16535.1	16569.1	LINESTRING(590.370000 654.040000,578.390000 650.730000)
1	14	2155	1695	1	0	0	0	0	15	0	0	0	Right	7.158	16576.2	16591.2	LINESTRING(578.390000 650.730000,568.240000 659.900000)
1	15	1695	1890	1	0	0	0	0	22	0	0	0	Left	14.316	16605.5	16627.5	LINESTRING(568.240000 659.900000,559.460000 655.670000)
1	16	1890	2339	1	1	94	94	0	17	107	1	0	Straight	0.0	16627.5	16734.5	LINESTRING(559.460000 655.670000,554.340000 647.410000)
1	17	2339	86	1	1	258	258	0	46	296	1	0	U	57.264	16791.8	17087.8	LINESTRING(554.340000 647.410000,553.440000 653.870000)
1	18	86	1540	1	0	0	0	0	20	0	0	0	Left	14.316	17102.1	17122.1	LINESTRING(553.440000 653.870000,549.970000 649.460000)
1	19	1540	99	1	1	99	99	0	18	108	1	0	Right	7.158	17129.3	17237.3	LINESTRING(549.970000 649.460000,548.270000 660.420000)
1	20	99	98	1	1	122	122	0	22	142	1	0	Straight	0.0	17237.3	17379.3	LINESTRING(548.270000 660.420000,548.470000 667.080000)
1	21	98	88	1	0	0	0	0	17	0	0	0	Straight	0.0	17379.3	17396.3	LINESTRING(548.470000 667.080000,544.900000 671.900000)
1	22	88	87	1	1	93	93	0	17	107	1	0	Straight	0.0	17396.3	17503.3	LINESTRING(544.900000 671.900000,541.950000 676.870000)
1	23	87	95	1	0	0	0	0	18	0	0	0	Straight	0.0	17503.3	17521.3	LINESTRING(541.950000 676.870000,542.100000 683.050000)
1	24	95	94	1	0	0	0	0	20	0	0	0	Straight	0.0	17521.3	17541.3	LINESTRING(542.100000 683.050000,543.840000 688.090000)
1	25	94	2236	1	0	0	0	0	13	0	0	0	Right	7.158	17548.4	17561.4	LINESTRING(543.840000 688.090000,548.660000 684.660000)
1	26	2236	83	1	0	0	0	0	6	0	0	0	Right	7.158	17568.6	17574.6	LINESTRING(548.660000 684.660000,548.320000 679.620000)
1	27	83	361	1	1	75	75	0	13	83	1	0	U	57.264	17631.9	17714.9	LINESTRING(548.320000 679.620000,544.020000 685.670000)
1	28	361	1768	1	0	0	0	0	14	0	0	0	Straight	0.0	17714.9	17728.9	LINESTRING(544.020000 685.670000,540.370000 687.820000)
1	29	1768	69	1	0	0	0	0	18	0	0	0	Straight	0.0	17728.9	17746.9	LINESTRING(540.370000 687.820000,520.080000 691.680000)
1	30	69	70	0	1	104	104	0	19	119	1	0	Straight	0.0	17746.9	17865.9	LINESTRING(520.080000 691.680000,502.770000 691.840000)
1	31	70	1664	0	1	13	13	0	2	12	1	0	Straight	0.0	17865.9	17877.9	LINESTRING(502.770000 691.840000,495.270000 698.160000)
1	32	1664	342	0	0	0	0	0	2	0	0	0	Right	7.158	17885.0	17887.0	LINESTRING(495.270000 698.160000,503.320000 703.520000)
1	33	342	337	0	0	0	0	0	7	0	0	0	Straight	0.0	17887.0	17894.0	LINESTRING(503.320000 703.520000,506.560000 709.790000)
1	34	337	64	0	0	0	0	0	18	0	0	0	Straight	0.0	17894.0	17912.0	LINESTRING(506.560000 709.790000,506.890000 714.320000)
1	35	64	65	0	1	100	100	0	18	118	1	0	Right	7.158	17919.2	18037.2	LINESTRING(506.890000 714.320000,510.080000 712.690000)
1	36	65	2216	0	0	0	0	0	17	0	0	0	Right	7.158	18044.3	18061.3	LINESTRING(510.080000 712.690000,511.300000 708.910000)
1	37	2216	264	1	0	0	0	0	60	0	0	0	U	57.264	18118.6	18178.6	LINESTRING(511.300000 708.910000,510.640000 717.770000)
1	38	264	265	1	1	195	195	0	35	225	1	0	Straight	0.0	18178.6	18403.6	LINESTRING(510.640000 717.770000,507.900000 725.110000)
1	39	265	67	1	0	0	0	0	40	0	0	0	Left	14.316	18417.9	18457.9	LINESTRING(507.900000 725.110000,501.340000 727.090000)
1	40	67	1739	1	1	387	387	0	70	450	1	0	Straight	0.0	18457.9	18907.9	LINESTRING(501.340000 727.090000,498.450000 729.690000)
1	41	1739	68	1	1	231	231	0	42	272	1	0	Left	14.316	18922.2	19194.2	LINESTRING(498.450000 729.690000,494.870000 726.110000)
1	42	68	84	1	1	98	98	0	18	108	1	0	Right	7.158	19201.4	19309.4	LINESTRING(494.870000 726.110000,490.680000 739.140000)
1	43	84	82	1	1	169	169	0	30	190	1	0	Left	14.316	19323.7	19513.7	LINESTRING(490.680000 739.140000,484.630000 741.480000)
1	44	82	389	1	1	849	849	0	153	993	1	0	Straight	0.0	19513.7	20506.7	LINESTRING(484.630000 741.480000,478.760000 742.600000)
1	45	389	388	1	1	251	251	0	45	295	1	0	Right	7.158	20513.9	20808.9	LINESTRING(478.760000 742.600000,478.250000 748.220000)
1	46	388	101	1	1	95	95	0	17	107	0	0	Straight	0.0	20808.9	20825.9	LINESTRING(478.250000 748.220000,474.250000 752.240000)
1	47	101	1918	1	1	96	96	0	17	107	0	0	Left	14.316	20840.2	20857.2	LINESTRING(474.250000 752.240000,467.490000 746.760000)
1	48	1918	1917	1	1	132	132	0	24	154	1	0	Right	7.158	20864.3	21018.3	LINESTRING(467.490000 746.760000,464.630000 751.960000)
1	49	1917	1918	1	1	132	132	0	24	154	0	0	U	57.264	21075.6	21099.6	LINESTRING(464.630000 751.960000,467.490000 746.760000)
1	50	1918	1606	1	1	124	124	0	22	142	0	0	Right	7.158	21106.8	21128.8	LINESTRING(467.490000 746.760000,463.440000 736.970000)
1	51	1606	429	1	1	335	335	0	60	390	1	0	U	57.264	21186.0	21576.0	LINESTRING(463.440000 736.970000,464.670000 745.270000)
1	52	429	100	1	1	396	396	0	71	461	1	0	Straight	0.0	21576.0	22037.0	LINESTRING(464.670000 745.270000,467.970000 752.670000)
1	53	100	2015	1	1	113	113	0	20	130	1	0	Straight	0.0	22037.0	22167.0	LINESTRING(467.970000 752.670000,465.780000 760.260000)
1	54	2015	2014	1	1	57	57	0	10	60	1	0	Straight	0.0	22167.0	22227.0	LINESTRING(465.780000 760.260000,463.420000 765.490000)
1	55	2014	2359	1	1	73	73	0	13	83	1	0	Straight	0.0	22227.0	22310.0	LINESTRING(463.420000 765.490000,461.840000 770.000000)
1	56	2359	2014	1	1	73	73	0	13	83	0	0	U	57.264	22367.3	22380.3	LINESTRING(461.840000 770.000000,463.420000 765.490000)
1	57	2014	2015	1	1	57	57	0	10	60	0	0	Straight	0.0	22380.3	22390.3	LINESTRING(463.420000 765.490000,465.780000 760.260000)
1	58	2015	100	1	1	113	113	0	20	130	0	0	Straight	0.0	22390.3	22410.3	LINESTRING(465.780000 760.260000,467.970000 752.670000)
1	59	100	101	1	1	324	324	0	58	378	1	0	Left	14.316	22424.6	22802.6	LINESTRING(467.970000 752.670000,474.250000 752.240000)
1	60	101	381	1	1	128	128	0	23	143	0	0	Straight	0.0	22802.6	22825.6	LINESTRING(474.250000 752.240000,482.350000 756.420000)
1	61	381	89	1	1	123	123	0	22	142	1	0	Straight	0.0	22825.6	22967.6	LINESTRING(482.350000 756.420000,485.330000 764.150000)
1	62	89	381	1	1	123	123	0	22	142	0	0	U	57.264	23024.9	23046.9	LINESTRING(485.330000 764.150000,482.350000 756.420000)
1	63	381	101	1	1	128	128	0	23	143	0	0	Straight	0.0	23046.9	23069.9	LINESTRING(482.350000 756.420000,474.250000 752.240000)
1	64	101	388	1	1	95	95	0	17	107	1	0	Left	14.316	23084.2	23191.2	LINESTRING(474.250000 752.240000,478.250000 748.220000)
1	65	388	81	1	1	223	223	0	40	260	1	0	Straight	0.0	23191.2	23451.2	LINESTRING(478.250000 748.220000,481.690000 745.240000)
1	66	81	82	1	1	122	122	0	22	142	0	0	Straight	0.0	23451.2	23473.2	LINESTRING(481.690000 745.240000,484.630000 741.480000)
1	67	82	81	1	1	122	122	0	22	142	1	0	U	57.264	23530.5	23672.5	LINESTRING(484.630000 741.480000,481.690000 745.240000)
1	68	81	389	1	1	357	357	0	64	414	1	0	Left	14.316	23686.8	24100.8	LINESTRING(481.690000 745.240000,478.760000 742.600000)
1	69	389	1970	1	1	126	126	0	23	143	1	0	Straight	0.0	24100.8	24243.8	LINESTRING(478.760000 742.600000,472.440000 738.160000)
1	70	1970	2268	1	1	58	58	0	10	60	1	0	Right	7.158	24250.9	24310.9	LINESTRING(472.440000 738.160000,472.550000 742.720000)
1	71	2268	1970	1	1	58	58	0	10	60	0	0	U	57.264	24368.2	24378.2	LINESTRING(472.550000 742.720000,472.440000 738.160000)
1	72	1970	2138	1	1	127	127	0	23	143	1	0	Straight	0.0	24378.2	24521.2	LINESTRING(472.440000 738.160000,466.350000 731.440000)
1	73	2138	2374	1	1	88	88	0	16	96	1	0	U	57.264	24578.5	24674.5	LINESTRING(466.350000 731.440000,466.900000 735.520000)
1	74	2374	2138	1	1	88	88	0	16	96	0	0	U	57.264	24731.7	24747.7	LINESTRING(466.900000 735.520000,466.350000 731.440000)
1	75	2138	1542	1	1	390	390	0	70	460	1	0	Straight	0.0	24747.7	25207.7	LINESTRING(466.350000 731.440000,460.680000 722.910000)
1	76	1542	137	1	1	269	269	0	48	308	0	0	Straight	0.0	25207.7	25255.7	LINESTRING(460.680000 722.910000,454.930000 705.990000)
1	77	137	1798	1	1	442	442	0	80	520	1	0	Right	7.158	25262.9	25782.9	LINESTRING(454.930000 705.990000,445.950000 705.430000)
1	78	1798	2435	1	1	128	128	0	23	143	1	0	Right	7.158	25790.0	25933.0	LINESTRING(445.950000 705.430000,445.100000 710.610000)
1	79	2435	1798	1	1	128	128	0	23	143	0	0	U	57.264	25990.3	26013.3	LINESTRING(445.100000 710.610000,445.950000 705.430000)
1	80	1798	1797	1	1	85	85	0	15	95	1	0	Right	7.158	26020.5	26115.5	LINESTRING(445.950000 705.430000,437.650000 701.170000)
1	81	1797	162	1	1	155	155	0	28	178	1	0	Straight	0.0	26115.5	26293.5	LINESTRING(437.650000 701.170000,424.840000 702.170000)
1	82	162	517	1	1	130	130	0	23	153	1	0	Right	7.158	26300.6	26453.6	LINESTRING(424.840000 702.170000,419.160000 708.860000)
1	83	517	1996	1	1	197	197	0	35	225	1	0	Straight	0.0	26453.6	26678.6	LINESTRING(419.160000 708.860000,412.680000 712.670000)
1	84	1996	165	1	1	97	97	0	17	107	1	0	Left	14.316	26692.9	26799.9	LINESTRING(412.680000 712.670000,410.900000 706.110000)
1	85	165	180	1	1	55	55	0	10	60	1	0	Right	7.158	26807.1	26867.1	LINESTRING(410.900000 706.110000,404.520000 703.920000)
1	86	180	179	1	1	96	96	0	17	107	1	0	Right	7.158	26874.2	26981.2	LINESTRING(404.520000 703.920000,402.560000 708.770000)
1	87	179	1629	1	1	125	125	0	22	142	1	0	Straight	0.0	26981.2	27123.2	LINESTRING(402.560000 708.770000,404.060000 715.470000)
1	88	1629	2063	1	1	214	214	0	39	249	1	0	Straight	0.0	27123.2	27372.2	LINESTRING(404.060000 715.470000,408.230000 718.830000)
1	89	2063	2327	1	1	127	127	0	23	143	1	0	Left	14.316	27386.6	27529.6	LINESTRING(408.230000 718.830000,406.980000 724.610000)
1	90	2327	2063	1	1	127	127	0	23	143	0	0	U	57.264	27586.8	27609.8	LINESTRING(406.980000 724.610000,408.230000 718.830000)
1	91	2063	1996	1	1	70	70	0	13	83	1	0	Straight	0.0	27609.8	27692.8	LINESTRING(408.230000 718.830000,412.680000 712.670000)
1	92	1996	165	1	1	97	97	0	17	107	0	0	Right	7.158	27700.0	27717.0	LINESTRING(412.680000 712.670000,410.900000 706.110000)
1	93	165	161	1	1	56	56	0	10	60	1	0	Left	14.316	27731.3	27791.3	LINESTRING(410.900000 706.110000,415.360000 699.690000)
1	94	161	1580	1	0	0	0	0	54	0	0	0	Right	7.158	27798.5	27852.5	LINESTRING(415.360000 699.690000,410.560000 690.600000)
1	95	1580	151	1	0	0	0	0	21	0	0	0	Left	14.316	27866.8	27887.8	LINESTRING(410.560000 690.600000,418.980000 686.290000)
1	96	151	1585	1	0	0	0	0	18	0	0	0	Right	7.158	27894.9	27912.9	LINESTRING(418.980000 686.290000,418.830000 675.780000)
1	97	1585	519	1	0	0	0	0	51	0	0	0	Straight	0.0	27912.9	27963.9	LINESTRING(418.830000 675.780000,414.590000 665.810000)
1	98	519	518	1	0	0	0	0	14	0	0	0	Straight	0.0	27963.9	27977.9	LINESTRING(414.590000 665.810000,416.590000 654.350000)
1	99	518	142	1	0	0	0	0	24	0	0	0	Left	14.316	27992.2	28016.2	LINESTRING(416.590000 654.350000,448.420000 660.270000)
1	100	142	141	1	0	0	0	0	2	0	0	0	Straight	0.0	28016.2	28018.2	LINESTRING(448.420000 660.270000,466.720000 670.500000)
1	101	141	485	0	0	0	0	0	36	0	0	0	Right	7.158	28025.4	28061.4	LINESTRING(466.720000 670.500000,474.080000 649.440000)
1	102	485	135	1	0	0	0	0	32	0	0	0	Straight	0.0	28061.4	28093.4	LINESTRING(474.080000 649.440000,499.720000 626.790000)
1	103	135	524	1	1	290	290	0	52	342	0	0	Right	7.158	28100.6	28152.6	LINESTRING(499.720000 626.790000,483.960000 620.310000)
1	104	524	550	1	1	183	183	0	33	213	0	0	Right	7.158	28159.7	28192.7	LINESTRING(483.960000 620.310000,471.260000 629.220000)
1	105	550	599	1	0	0	0	0	40	0	0	0	Straight	0.0	28192.7	28232.7	LINESTRING(471.260000 629.220000,456.950000 630.970000)
1	106	599	598	1	0	0	0	0	28	0	0	0	Straight	0.0	28232.7	28260.7	LINESTRING(456.950000 630.970000,442.400000 625.960000)
1	107	598	1773	1	0	0	0	0	30	0	0	0	Left	14.316	28275.0	28305.0	LINESTRING(442.400000 625.960000,440.980000 614.270000)
1	108	1773	1774	1	0	0	0	0	22	0	0	0	Straight	0.0	28305.0	28327.0	LINESTRING(440.980000 614.270000,440.640000 601.370000)
1	109	1774	592	1	0	0	0	0	13	0	0	0	Straight	0.0	28327.0	28340.0	LINESTRING(440.640000 601.370000,448.090000 592.380000)
1	110	592	593	1	1	198	198	0	36	226	1	0	Straight	0.0	28340.0	28566.0	LINESTRING(448.090000 592.380000,454.980000 583.840000)
1	111	593	2064	1	1	163	163	0	29	189	1	0	U	57.264	28623.3	28812.3	LINESTRING(454.980000 583.840000,452.060000 589.090000)
1	112	2064	592	1	1	675	675	0	121	791	1	0	Straight	0.0	28812.3	29603.3	LINESTRING(452.060000 589.090000,448.090000 592.380000)
1	113	592	593	1	1	198	198	0	36	226	0	0	U	57.264	29660.6	29696.6	LINESTRING(448.090000 592.380000,454.980000 583.840000)
1	114	593	2064	1	1	163	163	0	29	189	0	0	U	57.264	29753.8	29782.8	LINESTRING(454.980000 583.840000,452.060000 589.090000)
1	115	2064	2257	1	1	61	61	0	11	71	1	0	Right	7.158	29790.0	29861.0	LINESTRING(452.060000 589.090000,453.430000 592.770000)
1	116	2257	2064	1	1	61	61	0	11	71	0	0	U	57.264	29918.3	29929.3	LINESTRING(453.430000 592.770000,452.060000 589.090000)
1	117	2064	593	1	1	163	163	0	29	189	0	0	Left	14.316	29943.6	29972.6	LINESTRING(452.060000 589.090000,454.980000 583.840000)
1	118	593	231	1	1	100	100	0	18	118	1	0	Straight	0.0	29972.6	30090.6	LINESTRING(454.980000 583.840000,462.550000 573.750000)
1	119	231	568	1	0	0	0	0	28	0	0	0	Straight	0.0	30090.6	30118.6	LINESTRING(462.550000 573.750000,469.310000 568.180000)
1	120	568	569	1	0	0	0	0	29	0	0	0	Right	7.158	30125.7	30154.7	LINESTRING(469.310000 568.180000,465.380000 557.850000)
1	121	569	199	1	0	0	0	0	29	0	0	0	Straight	0.0	30154.7	30183.7	LINESTRING(465.380000 557.850000,457.510000 547.650000)
1	122	199	200	1	0	0	0	0	65	0	0	0	Left	14.316	30198.0	30263.0	LINESTRING(457.510000 547.650000,463.740000 535.220000)
1	123	200	204	1	0	0	0	0	26	0	0	0	Right	7.158	30270.2	30296.2	LINESTRING(463.740000 535.220000,455.030000 525.760000)
1	124	204	597	1	1	105	105	0	19	119	0	0	Straight	0.0	30296.2	30315.2	LINESTRING(455.030000 525.760000,448.200000 514.650000)
1	125	597	221	1	0	0	0	0	10	0	0	0	Straight	0.0	30315.2	30325.2	LINESTRING(448.200000 514.650000,438.140000 503.310000)
1	126	221	243	1	0	0	0	0	10	0	0	0	Left	14.316	30339.5	30349.5	LINESTRING(438.140000 503.310000,442.080000 481.680000)
1	127	243	246	1	0	0	0	0	32	0	0	0	Straight	0.0	30349.5	30381.5	LINESTRING(442.080000 481.680000,440.250000 464.170000)
1	128	246	248	1	0	0	0	0	26	0	0	0	Straight	0.0	30381.5	30407.5	LINESTRING(440.250000 464.170000,434.630000 448.990000)
1	129	248	269	1	0	0	0	0	19	0	0	0	Straight	0.0	30407.5	30426.5	LINESTRING(434.630000 448.990000,428.780000 435.510000)
1	130	269	703	1	0	0	0	0	27	0	0	0	Left	14.316	30440.8	30467.8	LINESTRING(428.780000 435.510000,433.870000 426.280000)
1	131	703	702	1	0	0	0	0	31	0	0	0	Right	7.158	30475.0	30506.0	LINESTRING(433.870000 426.280000,431.420000 419.630000)
1	132	702	2047	1	0	0	0	0	14	0	0	0	Straight	0.0	30506.0	30520.0	LINESTRING(431.420000 419.630000,428.140000 413.140000)
1	133	2047	352	1	0	0	0	0	16	0	0	0	Straight	0.0	30520.0	30536.0	LINESTRING(428.140000 413.140000,429.300000 406.940000)
1	134	352	284	1	0	0	0	0	8	0	0	0	Left	14.316	30550.3	30558.3	LINESTRING(429.300000 406.940000,437.590000 411.800000)
1	135	284	285	1	0	0	0	0	19	0	0	0	Right	7.158	30565.5	30584.5	LINESTRING(437.590000 411.800000,443.600000 408.310000)
1	136	285	311	1	0	0	0	0	33	0	0	0	Straight	0.0	30584.5	30617.5	LINESTRING(443.600000 408.310000,447.990000 396.050000)
1	137	311	715	1	0	0	0	0	10	0	0	0	Left	14.316	30631.8	30641.8	LINESTRING(447.990000 396.050000,470.620000 391.450000)
1	138	715	288	1	0	0	0	0	49	0	0	0	Straight	0.0	30641.8	30690.8	LINESTRING(470.620000 391.450000,493.330000 387.690000)
1	139	288	712	1	0	0	0	0	27	0	0	0	Straight	0.0	30690.8	30717.8	LINESTRING(493.330000 387.690000,509.000000 384.560000)
1	140	712	711	1	0	0	0	0	2	0	0	0	Straight	0.0	30717.8	30719.8	LINESTRING(509.000000 384.560000,524.130000 380.680000)
1	141	711	713	1	0	0	0	0	3	0	0	0	Straight	0.0	30719.8	30722.8	LINESTRING(524.130000 380.680000,538.490000 376.330000)
1	142	713	315	1	0	0	0	0	3	0	0	0	Straight	0.0	30722.8	30725.8	LINESTRING(538.490000 376.330000,551.920000 371.660000)
1	143	315	328	1	0	0	0	0	14	0	0	0	Straight	0.0	30725.8	30739.8	LINESTRING(551.920000 371.660000,563.020000 364.840000)
1	144	328	327	1	0	0	0	0	9	0	0	0	Straight	0.0	30739.8	30748.8	LINESTRING(563.020000 364.840000,572.820000 357.200000)
1	145	327	738	1	0	0	0	0	28	0	0	0	Straight	0.0	30748.8	30776.8	LINESTRING(572.820000 357.200000,581.260000 348.190000)
1	146	738	1749	1	0	0	0	0	2	0	0	0	Straight	0.0	30776.8	30778.8	LINESTRING(581.260000 348.190000,587.240000 339.240000)
1	147	1749	375	1	0	0	0	0	16	0	0	0	Straight	0.0	30778.8	30794.8	LINESTRING(587.240000 339.240000,588.540000 329.810000)
1	148	375	374	1	0	0	0	0	17	0	0	0	Straight	0.0	30794.8	30811.8	LINESTRING(588.540000 329.810000,584.020000 321.030000)
1	149	374	755	1	0	0	0	0	3	0	0	0	Straight	0.0	30811.8	30814.8	LINESTRING(584.020000 321.030000,575.800000 313.970000)
1	150	755	391	1	0	0	0	0	16	0	0	0	Straight	0.0	30814.8	30830.8	LINESTRING(575.800000 313.970000,565.120000 308.210000)
1	151	391	390	1	0	0	0	0	15	0	0	0	Straight	0.0	30830.8	30845.8	LINESTRING(565.120000 308.210000,553.130000 302.750000)
1	152	390	392	1	0	0	0	0	51	0	0	0	Straight	0.0	30845.8	30896.8	LINESTRING(553.130000 302.750000,533.030000 305.260000)
1	153	392	1778	1	0	0	0	0	7	0	0	0	Straight	0.0	30896.8	30903.8	LINESTRING(533.030000 305.260000,512.650000 307.610000)
1	154	1778	409	1	0	0	0	0	9	0	0	0	Straight	0.0	30903.8	30912.8	LINESTRING(512.650000 307.610000,492.080000 310.130000)
1	155	409	2094	1	0	0	0	0	9	0	0	0	Straight	0.0	30912.8	30921.8	LINESTRING(492.080000 310.130000,471.290000 313.390000)
1	156	2094	750	1	0	0	0	0	29	0	0	0	Straight	0.0	30921.8	30950.8	LINESTRING(471.290000 313.390000,450.470000 317.040000)
1	157	750	2026	1	0	0	0	0	53	0	0	0	Straight	0.0	30950.8	31003.8	LINESTRING(450.470000 317.040000,431.520000 322.970000)
1	158	2026	864	1	0	0	0	0	51	0	0	0	Straight	0.0	31003.8	31054.8	LINESTRING(431.520000 322.970000,413.100000 329.070000)
1	159	864	863	1	0	0	0	0	25	0	0	0	Straight	0.0	31054.8	31079.8	LINESTRING(413.100000 329.070000,395.020000 335.480000)
1	160	863	1745	1	0	0	0	0	3	0	0	0	Straight	0.0	31079.8	31082.8	LINESTRING(395.020000 335.480000,377.200000 341.690000)
1	161	1745	562	1	0	0	0	0	16	0	0	0	Straight	0.0	31082.8	31098.8	LINESTRING(377.200000 341.690000,359.330000 347.260000)
1	162	562	561	1	0	0	0	0	48	0	0	0	Straight	0.0	31098.8	31146.8	LINESTRING(359.330000 347.260000,341.600000 352.600000)
1	163	561	951	1	0	0	0	0	65	0	0	0	U	57.264	31204.0	31269.0	LINESTRING(341.600000 352.600000,362.600000 336.160000)
1	164	951	610	1	0	0	0	0	5	0	0	0	Straight	0.0	31269.0	31274.0	LINESTRING(362.600000 336.160000,383.270000 322.520000)
1	165	610	611	1	0	0	0	0	13	0	0	0	Straight	0.0	31274.0	31287.0	LINESTRING(383.270000 322.520000,386.970000 314.450000)
1	166	611	957	1	0	0	0	0	12	0	0	0	Straight	0.0	31287.0	31299.0	LINESTRING(386.970000 314.450000,393.420000 311.130000)
1	167	957	1528	1	0	0	0	0	9	0	0	0	Right	7.158	31306.2	31315.2	LINESTRING(393.420000 311.130000,385.690000 307.890000)
1	168	1528	1004	1	0	0	0	0	24	0	0	0	Straight	0.0	31315.2	31339.2	LINESTRING(385.690000 307.890000,378.590000 301.430000)
1	169	1004	2011	1	0	0	0	0	249	0	0	0	Straight	0.0	31339.2	31588.2	LINESTRING(378.590000 301.430000,372.780000 294.490000)
1	170	2011	923	1	0	0	0	0	100	0	0	0	Straight	0.0	31588.2	31688.2	LINESTRING(372.780000 294.490000,367.720000 288.770000)
1	171	923	922	1	0	0	0	0	20	0	0	0	Straight	0.0	31688.2	31708.2	LINESTRING(367.720000 288.770000,363.400000 284.320000)
1	172	922	2277	1	0	0	0	0	91	0	0	0	Straight	0.0	31708.2	31799.2	LINESTRING(363.400000 284.320000,360.380000 280.330000)
2	0	2277	2277	-1	-1	0	0	0	0	0	0	300		0.0	31799.2	32099.2	LINESTRING(360.380000 280.330000,360.380000 280.330000)
