Problem Type	Solution Method	Vehicle Capacity (Weight)	Vehicle Capacity(Volume)	Disposal Trips	Route Time	Route Time wo Turns	Computational Time(Sec)	Clustering Time(Sec)	VA(NHO)	VA(ATD)	VA(CCI)	VA(DMT)	VA(ROI)	VA(AOI)	Optimal
MCARPTIF-TP	GPM	10000	10000	2	31662.2	29887	424.795	2.155	0	1101.27	1	17043	0.101702	0.0451749	0
Load No	Sequence No	From Node ID	To Node ID	IsEdge	Required	Weight	Volume	Travel Miles	Travel Time	Service Time	Served	Dumped	Turn Type	Turn Cost	Depart Time	Arrival Time	Shape
0	0	2277	922	1	0	0	0	0	91	0	0	300		0.0	300.0	391.0	LINESTRING(360.380000 280.330000,363.400000 284.320000)
0	1	922	923	1	0	0	0	0	20	0	0	0	Straight	0.0	391.0	411.0	LINESTRING(363.400000 284.320000,367.720000 288.770000)
0	2	923	2011	1	0	0	0	0	100	0	0	0	Straight	0.0	411.0	511.0	LINESTRING(367.720000 288.770000,372.780000 294.490000)
0	3	2011	1004	1	0	0	0	0	249	0	0	0	Straight	0.0	511.0	760.0	LINESTRING(372.780000 294.490000,378.590000 301.430000)
0	4	1004	1528	1	0	0	0	0	24	0	0	0	Straight	0.0	760.0	784.0	LINESTRING(378.590000 301.430000,385.690000 307.890000)
0	5	1528	611	0	0	0	0	0	16	0	0	0	Straight	0.0	784.0	800.0	LINESTRING(385.690000 307.890000,386.970000 314.450000)
0	6	611	610	1	0	0	0	0	13	0	0	0	Straight	0.0	800.0	813.0	LINESTRING(386.970000 314.450000,383.270000 322.520000)
0	7	610	951	1	0	0	0	0	5	0	0	0	Straight	0.0	813.0	818.0	LINESTRING(383.270000 322.520000,362.600000 336.160000)
0	8	951	561	1	0	0	0	0	65	0	0	0	Straight	0.0	818.0	883.0	LINESTRING(362.600000 336.160000,341.600000 352.600000)
0	9	561	900	1	0	0	0	0	83	0	0	0	Straight	0.0	883.0	966.0	LINESTRING(341.600000 352.600000,313.770000 368.790000)
0	10	900	1553	1	0	0	0	0	42	0	0	0	Straight	0.0	966.0	1008.0	LINESTRING(313.770000 368.790000,285.870000 384.490000)
0	11	1553	2313	1	0	0	0	0	55	0	0	0	Straight	0.0	1008.0	1063.0	LINESTRING(285.870000 384.490000,258.180000 400.590000)
0	12	2313	1965	1	0	0	0	0	155	0	0	0	Straight	0.0	1063.0	1218.0	LINESTRING(258.180000 400.590000,235.220000 422.080000)
0	13	1965	1625	1	0	0	0	0	29	0	0	0	U	57.264	1275.26	1304.26	LINESTRING(235.220000 422.080000,238.330000 396.480000)
0	14	1625	590	0	0	0	0	0	6	0	0	0	Straight	0.0	1304.26	1310.26	LINESTRING(238.330000 396.480000,241.200000 373.740000)
0	15	590	591	1	0	0	0	0	38	0	0	0	Straight	0.0	1310.26	1348.26	LINESTRING(241.200000 373.740000,243.650000 348.460000)
0	16	591	2151	0	0	0	0	0	4	0	0	0	Straight	0.0	1348.26	1352.26	LINESTRING(243.650000 348.460000,253.080000 337.090000)
0	17	2151	1687	0	0	0	0	0	3	0	0	0	Straight	0.0	1352.26	1355.26	LINESTRING(253.080000 337.090000,263.280000 331.000000)
0	18	1687	925	1	0	0	0	0	19	0	0	0	Left	14.316	1369.58	1388.58	LINESTRING(263.280000 331.000000,283.040000 336.760000)
0	19	925	820	1	0	0	0	0	120	0	0	0	Straight	0.0	1388.58	1508.58	LINESTRING(283.040000 336.760000,302.800000 343.060000)
0	20	820	1753	1	0	0	0	0	16	0	0	0	Straight	0.0	1508.58	1524.58	LINESTRING(302.800000 343.060000,322.810000 349.830000)
0	21	1753	420	1	0	0	0	0	3	0	0	0	Straight	0.0	1524.58	1527.58	LINESTRING(322.810000 349.830000,341.770000 358.890000)
0	22	420	1752	1	0	0	0	0	13	0	0	0	Straight	0.0	1527.58	1540.58	LINESTRING(341.770000 358.890000,362.670000 372.890000)
0	23	1752	1820	1	0	0	0	0	37	0	0	0	Straight	0.0	1540.58	1577.58	LINESTRING(362.670000 372.890000,383.950000 386.980000)
0	24	1820	1821	1	0	0	0	0	41	0	0	0	Left	14.316	1591.9	1632.9	LINESTRING(383.950000 386.980000,378.500000 398.750000)
0	25	1821	766	1	0	0	0	0	42	0	0	0	Straight	0.0	1632.9	1674.9	LINESTRING(378.500000 398.750000,371.440000 408.740000)
0	26	766	765	1	0	0	0	0	35	0	0	0	Straight	0.0	1674.9	1709.9	LINESTRING(371.440000 408.740000,372.020000 416.250000)
0	27	765	344	1	0	0	0	0	14	0	0	0	Right	7.158	1717.05	1731.05	LINESTRING(372.020000 416.250000,378.380000 416.710000)
0	28	344	345	1	1	128	128	0	23	143	1	0	Straight	0.0	1731.05	1874.05	LINESTRING(378.380000 416.710000,385.110000 415.330000)
0	29	345	2146	1	0	0	0	0	45	0	0	0	Left	14.316	1888.37	1933.37	LINESTRING(385.110000 415.330000,391.650000 423.510000)
0	30	2146	278	1	0	0	0	0	34	0	0	0	Straight	0.0	1933.37	1967.37	LINESTRING(391.650000 423.510000,403.650000 429.840000)
0	31	278	277	1	0	0	0	0	27	0	0	0	Straight	0.0	1967.37	1994.37	LINESTRING(403.650000 429.840000,415.840000 436.420000)
0	32	277	261	1	1	129	129	0	23	143	1	0	Straight	0.0	1994.37	2137.37	LINESTRING(415.840000 436.420000,425.790000 447.450000)
0	33	261	248	1	1	310	310	0	56	366	1	0	Straight	0.0	2137.37	2503.37	LINESTRING(425.790000 447.450000,434.630000 448.990000)
0	34	248	246	1	0	0	0	0	26	0	0	0	Left	14.316	2517.69	2543.69	LINESTRING(434.630000 448.990000,440.250000 464.170000)
0	35	246	243	1	0	0	0	0	32	0	0	0	Straight	0.0	2543.69	2575.69	LINESTRING(440.250000 464.170000,442.080000 481.680000)
0	36	243	221	1	0	0	0	0	10	0	0	0	Straight	0.0	2575.69	2585.69	LINESTRING(442.080000 481.680000,438.140000 503.310000)
0	37	221	597	1	0	0	0	0	10	0	0	0	Right	7.158	2592.84	2602.84	LINESTRING(438.140000 503.310000,448.200000 514.650000)
0	38	597	572	1	0	0	0	0	23	0	0	0	Right	7.158	2610.0	2633.0	LINESTRING(448.200000 514.650000,458.050000 509.090000)
0	39	572	198	1	0	0	0	0	23	0	0	0	Straight	0.0	2633.0	2656.0	LINESTRING(458.050000 509.090000,466.230000 501.300000)
0	40	198	170	1	0	0	0	0	63	0	0	0	Straight	0.0	2656.0	2719.0	LINESTRING(466.230000 501.300000,475.680000 495.280000)
0	41	170	565	1	1	50	50	0	9	59	1	0	Right	7.158	2726.16	2785.16	LINESTRING(475.680000 495.280000,476.240000 482.630000)
0	42	565	1725	1	0	0	0	0	63	0	0	0	Left	14.316	2799.48	2862.48	LINESTRING(476.240000 482.630000,495.860000 469.210000)
0	43	1725	1183	1	0	0	0	0	41	0	0	0	Straight	0.0	2862.48	2903.48	LINESTRING(495.860000 469.210000,508.890000 447.660000)
0	44	1183	1412	1	0	0	0	0	49	0	0	0	Straight	0.0	2903.48	2952.48	LINESTRING(508.890000 447.660000,519.590000 423.030000)
0	45	1412	1473	1	0	0	0	0	65	0	0	0	Left	14.316	2966.79	3031.79	LINESTRING(519.590000 423.030000,537.910000 417.730000)
0	46	1473	1729	1	0	0	0	0	54	0	0	0	Right	7.158	3038.95	3092.95	LINESTRING(537.910000 417.730000,539.520000 394.030000)
0	47	1729	1860	1	0	0	0	0	76	0	0	0	Left	14.316	3107.27	3183.27	LINESTRING(539.520000 394.030000,555.530000 383.190000)
0	48	1860	1562	1	0	0	0	0	90	0	0	0	Right	7.158	3190.42	3280.42	LINESTRING(555.530000 383.190000,551.710000 349.140000)
0	49	1562	1521	1	0	0	0	0	121	0	0	0	Straight	0.0	3280.42	3401.42	LINESTRING(551.710000 349.140000,546.500000 315.010000)
0	50	1521	1341	1	0	0	0	0	171	0	0	0	Straight	0.0	3401.42	3572.42	LINESTRING(546.500000 315.010000,527.980000 292.880000)
0	51	1341	1342	0	0	0	0	0	15	0	0	0	Straight	0.0	3572.42	3587.42	LINESTRING(527.980000 292.880000,511.870000 276.460000)
0	52	1342	1338	0	0	0	0	0	13	0	0	0	Straight	0.0	3587.42	3600.42	LINESTRING(511.870000 276.460000,505.500000 264.500000)
0	53	1338	1339	0	0	0	0	0	10	0	0	0	Straight	0.0	3600.42	3610.42	LINESTRING(505.500000 264.500000,504.290000 251.380000)
0	54	1339	1255	1	0	0	0	0	41	0	0	0	Straight	0.0	3610.42	3651.42	LINESTRING(504.290000 251.380000,497.940000 231.860000)
0	55	1255	1241	1	0	0	0	0	36	0	0	0	Straight	0.0	3651.42	3687.42	LINESTRING(497.940000 231.860000,499.410000 218.330000)
0	56	1241	1242	1	1	316	316	0	57	367	1	0	Straight	0.0	3687.42	4054.42	LINESTRING(499.410000 218.330000,495.000000 204.930000)
0	57	1242	1859	1	1	307	307	0	55	355	1	0	Right	7.158	4061.58	4416.58	LINESTRING(495.000000 204.930000,488.320000 201.650000)
0	58	1859	1946	1	1	416	416	0	75	485	1	0	Left	14.316	4430.9	4915.9	LINESTRING(488.320000 201.650000,486.130000 194.080000)
0	59	1946	1114	1	1	306	306	0	55	355	1	0	Right	7.158	4923.06	5278.06	LINESTRING(486.130000 194.080000,477.860000 190.360000)
0	60	1114	1115	1	1	194	194	0	35	225	0	0	Straight	0.0	5278.06	5313.06	LINESTRING(477.860000 190.360000,472.120000 178.470000)
0	61	1115	2139	1	1	6	6	0	1	1	0	0	Straight	0.0	5313.06	5314.06	LINESTRING(472.120000 178.470000,466.730000 168.030000)
0	62	2139	1118	1	1	89	89	0	16	96	0	0	Straight	0.0	5314.06	5330.06	LINESTRING(466.730000 168.030000,461.590000 159.330000)
0	63	1118	1360	1	1	6	6	0	1	1	0	0	Straight	0.0	5330.06	5331.06	LINESTRING(461.590000 159.330000,457.650000 151.530000)
0	64	1360	1374	1	1	84	84	0	15	95	0	0	Straight	0.0	5331.06	5346.06	LINESTRING(457.650000 151.530000,455.760000 145.450000)
0	65	1374	1360	1	1	84	84	0	15	95	1	0	U	57.264	5403.32	5498.32	LINESTRING(455.760000 145.450000,457.650000 151.530000)
0	66	1360	1118	1	1	6	6	0	1	1	1	0	Straight	0.0	5498.32	5499.32	LINESTRING(457.650000 151.530000,461.590000 159.330000)
0	67	1118	2139	1	1	89	89	0	16	96	1	0	Straight	0.0	5499.32	5595.32	LINESTRING(461.590000 159.330000,466.730000 168.030000)
0	68	2139	1115	1	1	6	6	0	1	1	1	0	Straight	0.0	5595.32	5596.32	LINESTRING(466.730000 168.030000,472.120000 178.470000)
0	69	1115	1114	1	1	194	194	0	35	225	1	0	Straight	0.0	5596.32	5821.32	LINESTRING(472.120000 178.470000,477.860000 190.360000)
0	70	1114	1658	1	1	307	307	0	55	355	1	0	Straight	0.0	5821.32	6176.32	LINESTRING(477.860000 190.360000,479.310000 200.440000)
0	71	1658	1657	1	1	840	840	0	151	991	1	0	Straight	0.0	6176.32	7167.32	LINESTRING(479.310000 200.440000,484.530000 208.880000)
0	72	1657	1859	1	1	391	391	0	70	460	1	0	Right	7.158	7174.48	7634.48	LINESTRING(484.530000 208.880000,488.320000 201.650000)
0	73	1859	1946	1	1	416	416	0	75	485	0	0	Straight	0.0	7634.48	7709.48	LINESTRING(488.320000 201.650000,486.130000 194.080000)
0	74	1946	1378	1	1	589	589	0	106	686	1	0	Left	14.316	7723.79	8409.79	LINESTRING(486.130000 194.080000,494.060000 192.580000)
0	75	1378	1423	1	1	192	192	0	34	224	0	0	Right	7.158	8416.95	8450.95	LINESTRING(494.060000 192.580000,499.260000 182.900000)
0	76	1423	2051	1	1	178	178	0	32	202	0	0	Straight	0.0	8450.95	8482.95	LINESTRING(499.260000 182.900000,498.810000 177.680000)
0	77	2051	1423	1	1	178	178	0	32	202	1	0	U	57.264	8540.22	8742.22	LINESTRING(498.810000 177.680000,499.260000 182.900000)
0	78	1423	1200	1	1	228	228	0	41	261	0	0	Right	7.158	8749.37	8790.37	LINESTRING(499.260000 182.900000,505.340000 175.680000)
0	79	1200	1423	1	1	228	228	0	41	261	1	0	U	57.264	8847.64	9108.64	LINESTRING(505.340000 175.680000,499.260000 182.900000)
0	80	1423	1378	1	1	192	192	0	34	224	1	0	Straight	0.0	9108.64	9332.64	LINESTRING(499.260000 182.900000,494.060000 192.580000)
0	81	1378	1382	1	1	160	160	0	29	189	0	0	U	57.264	9389.9	9418.9	LINESTRING(494.060000 192.580000,492.450000 186.630000)
0	82	1382	1383	1	1	224	224	0	40	260	0	0	Straight	0.0	9418.9	9458.9	LINESTRING(492.450000 186.630000,490.760000 182.170000)
0	83	1383	1382	1	1	224	224	0	40	260	1	0	U	57.264	9516.17	9776.17	LINESTRING(490.760000 182.170000,492.450000 186.630000)
0	84	1382	1378	1	1	160	160	0	29	189	1	0	Straight	0.0	9776.17	9965.17	LINESTRING(492.450000 186.630000,494.060000 192.580000)
0	85	1378	1242	1	1	427	427	0	77	497	1	0	Straight	0.0	9965.17	10462.2	LINESTRING(494.060000 192.580000,495.000000 204.930000)
0	86	1242	1241	1	1	316	316	0	57	367	0	0	Straight	0.0	10462.2	10519.2	LINESTRING(495.000000 204.930000,499.410000 218.330000)
0	87	1241	1193	1	1	135	135	0	24	154	1	0	Right	7.158	10526.3	10680.3	LINESTRING(499.410000 218.330000,509.030000 219.630000)
0	88	1193	2427	1	1	192	192	0	35	225	1	0	Right	7.158	10687.5	10912.5	LINESTRING(509.030000 219.630000,508.710000 213.870000)
0	89	2427	1193	1	1	192	192	0	35	225	0	0	U	57.264	10969.7	11004.7	LINESTRING(508.710000 213.870000,509.030000 219.630000)
0	90	1193	1192	1	1	183	183	0	33	213	1	0	Right	7.158	11011.9	11224.9	LINESTRING(509.030000 219.630000,518.180000 226.100000)
0	91	1192	1408	1	1	314	314	0	56	366	1	0	Straight	0.0	11224.9	11590.9	LINESTRING(518.180000 226.100000,526.700000 232.930000)
0	92	1408	1254	1	1	193	193	0	35	225	1	0	Left	14.316	11605.2	11830.2	LINESTRING(526.700000 232.930000,520.540000 265.280000)
0	93	1254	1862	1	1	207	207	0	37	237	1	0	Right	7.158	11837.4	12074.4	LINESTRING(520.540000 265.280000,537.520000 271.270000)
0	94	1862	1863	1	1	238	238	0	43	273	1	0	Straight	0.0	12074.4	12347.4	LINESTRING(537.520000 271.270000,541.620000 271.630000)
0	95	1863	1862	1	1	238	238	0	43	273	0	0	U	57.264	12404.6	12447.6	LINESTRING(541.620000 271.630000,537.520000 271.270000)
0	96	1862	1316	1	1	219	219	0	39	249	1	0	U	57.264	12504.9	12753.9	LINESTRING(537.520000 271.270000,554.500000 275.050000)
0	97	1316	2162	0	1	140	140	0	25	165	1	0	Straight	0.0	12753.9	12918.9	LINESTRING(554.500000 275.050000,563.910000 271.180000)
0	98	2162	1850	0	1	19	19	0	4	14	1	0	Straight	0.0	12918.9	12932.9	LINESTRING(563.910000 271.180000,570.800000 266.490000)
0	99	1850	1214	1	1	74	74	0	13	83	1	0	Straight	0.0	12932.9	13015.9	LINESTRING(570.800000 266.490000,575.220000 260.110000)
0	100	1214	2182	1	1	123	123	0	22	142	1	0	Straight	0.0	13015.9	13157.9	LINESTRING(575.220000 260.110000,578.140000 254.820000)
0	101	2182	1214	1	1	123	123	0	22	142	0	0	U	57.264	13215.2	13237.2	LINESTRING(578.140000 254.820000,575.220000 260.110000)
0	102	1214	1850	1	1	74	74	0	13	83	0	0	Straight	0.0	13237.2	13250.2	LINESTRING(575.220000 260.110000,570.800000 266.490000)
0	103	1850	1437	0	1	38	38	0	7	37	1	0	Right	7.158	13257.3	13294.3	LINESTRING(570.800000 266.490000,572.920000 271.460000)
0	104	1437	1865	0	1	20	20	0	4	24	1	0	Left	14.316	13308.6	13332.6	LINESTRING(572.920000 271.460000,568.910000 273.880000)
0	105	1865	2162	0	1	16	16	0	3	13	1	0	Left	14.316	13347.0	13360.0	LINESTRING(568.910000 273.880000,563.910000 271.180000)
0	106	2162	1850	0	1	19	19	0	4	14	0	0	Left	14.316	13374.3	13378.3	LINESTRING(563.910000 271.180000,570.800000 266.490000)
0	107	1850	1214	1	1	74	74	0	13	83	0	0	Straight	0.0	13378.3	13391.3	LINESTRING(570.800000 266.490000,575.220000 260.110000)
0	108	1214	1215	1	1	247	247	0	44	284	1	0	Straight	0.0	13391.3	13675.3	LINESTRING(575.220000 260.110000,578.210000 258.050000)
0	109	1215	1214	1	1	247	247	0	44	284	0	0	U	57.264	13732.5	13776.5	LINESTRING(578.210000 258.050000,575.220000 260.110000)
0	110	1214	1850	1	1	74	74	0	13	83	0	0	Straight	0.0	13776.5	13789.5	LINESTRING(575.220000 260.110000,570.800000 266.490000)
0	111	1850	1437	0	1	38	38	0	7	37	0	0	Right	7.158	13796.7	13803.7	LINESTRING(570.800000 266.490000,572.920000 271.460000)
0	112	1437	1438	1	1	453	453	0	82	532	1	0	Right	7.158	13810.9	14342.9	LINESTRING(572.920000 271.460000,581.200000 266.230000)
0	113	1438	1441	1	1	82	82	0	15	95	1	0	Straight	0.0	14342.9	14437.9	LINESTRING(581.200000 266.230000,587.300000 261.230000)
0	114	1441	1990	1	1	132	132	0	24	154	1	0	Straight	0.0	14437.9	14591.9	LINESTRING(587.300000 261.230000,591.550000 257.300000)
0	115	1990	1441	1	1	132	132	0	24	154	0	0	U	57.264	14649.1	14673.1	LINESTRING(591.550000 257.300000,587.300000 261.230000)
0	116	1441	1438	1	1	82	82	0	15	95	0	0	Straight	0.0	14673.1	14688.1	LINESTRING(587.300000 261.230000,581.200000 266.230000)
0	117	1438	1442	1	1	132	132	0	24	154	1	0	U	57.264	14745.4	14899.4	LINESTRING(581.200000 266.230000,585.890000 264.750000)
0	118	1442	1438	1	1	132	132	0	24	154	0	0	U	57.264	14956.6	14980.6	LINESTRING(585.890000 264.750000,581.200000 266.230000)
0	119	1438	1437	1	1	453	453	0	82	532	0	0	Straight	0.0	14980.6	15062.6	LINESTRING(581.200000 266.230000,572.920000 271.460000)
0	120	1437	1865	0	1	20	20	0	4	24	0	0	Straight	0.0	15062.6	15066.6	LINESTRING(572.920000 271.460000,568.910000 273.880000)
0	121	1865	1315	0	1	141	141	0	25	165	1	0	Right	7.158	15073.8	15238.8	LINESTRING(568.910000 273.880000,568.490000 279.880000)
0	122	1315	1322	1	1	109	109	0	20	120	1	0	Right	7.158	15246.0	15366.0	LINESTRING(568.490000 279.880000,581.920000 286.430000)
0	123	1322	1323	0	0	0	0	0	5	0	0	0	Straight	0.0	15366.0	15371.0	LINESTRING(581.920000 286.430000,598.150000 284.720000)
0	124	1323	1257	0	0	0	0	0	6	0	0	0	Left	14.316	15385.3	15391.3	LINESTRING(598.150000 284.720000,594.120000 294.370000)
0	125	1257	1565	0	0	0	0	0	5	0	0	0	Left	14.316	15405.6	15410.6	LINESTRING(594.120000 294.370000,579.240000 299.400000)
0	126	1565	2255	0	0	0	0	0	27	0	0	0	Straight	0.0	15410.6	15437.6	LINESTRING(579.240000 299.400000,564.550000 304.960000)
0	127	2255	1521	1	0	0	0	0	7	0	0	0	Straight	0.0	15437.6	15444.6	LINESTRING(564.550000 304.960000,546.500000 315.010000)
0	128	1521	1562	1	0	0	0	0	121	0	0	0	Right	7.158	15451.8	15572.8	LINESTRING(546.500000 315.010000,551.710000 349.140000)
0	129	1562	1860	1	0	0	0	0	90	0	0	0	Straight	0.0	15572.8	15662.8	LINESTRING(551.710000 349.140000,555.530000 383.190000)
0	130	1860	1386	1	0	0	0	0	59	0	0	0	Straight	0.0	15662.8	15721.8	LINESTRING(555.530000 383.190000,568.840000 412.620000)
0	131	1386	1385	1	0	0	0	0	30	0	0	0	Straight	0.0	15721.8	15751.8	LINESTRING(568.840000 412.620000,587.070000 437.240000)
0	132	1385	1713	1	0	0	0	0	168	0	0	0	Straight	0.0	15751.8	15919.8	LINESTRING(587.070000 437.240000,603.760000 462.320000)
0	133	1713	1394	1	1	98	98	0	18	108	1	0	Straight	0.0	15919.8	16027.8	LINESTRING(603.760000 462.320000,620.210000 487.490000)
0	134	1394	1157	1	0	0	0	0	65	0	0	0	Straight	0.0	16027.8	16092.8	LINESTRING(620.210000 487.490000,646.850000 500.850000)
0	135	1157	1381	1	0	0	0	0	30	0	0	0	Left	14.316	16107.1	16137.1	LINESTRING(646.850000 500.850000,640.540000 521.240000)
0	136	1381	1925	1	0	0	0	0	32	0	0	0	Straight	0.0	16137.1	16169.1	LINESTRING(640.540000 521.240000,641.040000 541.960000)
0	137	1925	1980	1	0	0	0	0	2	0	0	0	Straight	0.0	16169.1	16171.1	LINESTRING(641.040000 541.960000,635.720000 561.930000)
0	138	1980	1306	0	0	0	0	0	154	0	0	0	Right	7.158	16178.2	16332.2	LINESTRING(635.720000 561.930000,654.820000 566.300000)
0	139	1306	1307	0	0	0	0	0	37	0	0	0	Right	7.158	16339.4	16376.4	LINESTRING(654.820000 566.300000,667.430000 553.850000)
0	140	1307	1732	0	0	0	0	0	18	0	0	0	Straight	0.0	16376.4	16394.4	LINESTRING(667.430000 553.850000,676.830000 553.640000)
0	141	1732	1508	0	0	0	0	0	24	0	0	0	Right	7.158	16401.5	16425.5	LINESTRING(676.830000 553.640000,679.330000 550.700000)
1	0	1508	1509	0	0	0	0	0	23	0	0	300		0.0	16725.5	16748.5	LINESTRING(679.330000 550.700000,677.610000 547.310000)
1	1	1509	1507	0	0	0	0	0	18	0	0	0	Straight	0.0	16748.5	16766.5	LINESTRING(677.610000 547.310000,676.530000 540.560000)
1	2	1507	1924	0	0	0	0	0	37	0	0	0	Right	7.158	16773.7	16810.7	LINESTRING(676.530000 540.560000,657.710000 548.810000)
1	3	1924	1925	0	0	0	0	0	153	0	0	0	Left	14.316	16825.0	16978.0	LINESTRING(657.710000 548.810000,641.040000 541.960000)
1	4	1925	1154	0	0	0	0	0	24	0	0	0	Straight	0.0	16978.0	17002.0	LINESTRING(641.040000 541.960000,628.400000 534.790000)
1	5	1154	1165	0	0	0	0	0	10	0	0	0	Straight	0.0	17002.0	17012.0	LINESTRING(628.400000 534.790000,616.110000 530.150000)
1	6	1165	1166	0	0	0	0	0	29	0	0	0	Straight	0.0	17012.0	17041.0	LINESTRING(616.110000 530.150000,600.820000 526.780000)
1	7	1166	1399	0	0	0	0	0	1	0	0	0	Straight	0.0	17041.0	17042.0	LINESTRING(600.820000 526.780000,588.790000 516.590000)
1	8	1399	1839	0	0	0	0	0	56	0	0	0	Straight	0.0	17042.0	17098.0	LINESTRING(588.790000 516.590000,573.160000 502.950000)
1	9	1839	1656	0	0	0	0	0	1	0	0	0	Straight	0.0	17098.0	17099.0	LINESTRING(573.160000 502.950000,563.420000 483.440000)
1	10	1656	1396	0	0	0	0	0	2	0	0	0	Right	7.158	17106.2	17108.2	LINESTRING(563.420000 483.440000,555.480000 487.090000)
1	11	1396	1397	0	0	0	0	0	3	0	0	0	Straight	0.0	17108.2	17111.2	LINESTRING(555.480000 487.090000,548.870000 485.640000)
1	12	1397	1159	0	0	0	0	0	6	0	0	0	Right	7.158	17118.3	17124.3	LINESTRING(548.870000 485.640000,539.710000 492.950000)
1	13	1159	1160	1	0	0	0	0	54	0	0	0	Straight	0.0	17124.3	17178.3	LINESTRING(539.710000 492.950000,521.430000 492.300000)
1	14	1160	1181	1	0	0	0	0	45	0	0	0	Straight	0.0	17178.3	17223.3	LINESTRING(521.430000 492.300000,507.660000 481.540000)
1	15	1181	1725	1	0	0	0	0	39	0	0	0	Straight	0.0	17223.3	17262.3	LINESTRING(507.660000 481.540000,495.860000 469.210000)
1	16	1725	565	1	0	0	0	0	63	0	0	0	Right	7.158	17269.5	17332.5	LINESTRING(495.860000 469.210000,476.240000 482.630000)
1	17	565	222	1	0	0	0	0	59	0	0	0	Straight	0.0	17332.5	17391.5	LINESTRING(476.240000 482.630000,458.020000 492.700000)
1	18	222	221	1	0	0	0	0	46	0	0	0	Straight	0.0	17391.5	17437.5	LINESTRING(458.020000 492.700000,438.140000 503.310000)
1	19	221	416	1	0	0	0	0	155	0	0	0	Straight	0.0	17437.5	17592.5	LINESTRING(438.140000 503.310000,415.080000 521.650000)
1	20	416	415	1	0	0	0	0	178	0	0	0	Straight	0.0	17592.5	17770.5	LINESTRING(415.080000 521.650000,384.780000 529.860000)
1	21	415	451	1	0	0	0	0	23	0	0	0	Straight	0.0	17770.5	17793.5	LINESTRING(384.780000 529.860000,359.280000 532.430000)
1	22	451	842	1	0	0	0	0	18	0	0	0	Straight	0.0	17793.5	17811.5	LINESTRING(359.280000 532.430000,342.350000 542.230000)
1	23	842	849	1	0	0	0	0	1	0	0	0	Left	14.316	17825.8	17826.8	LINESTRING(342.350000 542.230000,326.290000 530.990000)
1	24	849	653	1	0	0	0	0	58	0	0	0	Straight	0.0	17826.8	17884.8	LINESTRING(326.290000 530.990000,303.710000 526.940000)
1	25	653	652	1	0	0	0	0	104	0	0	0	Straight	0.0	17884.8	17988.8	LINESTRING(303.710000 526.940000,283.710000 531.040000)
1	26	652	693	1	0	0	0	0	34	0	0	0	Straight	0.0	17988.8	18022.8	LINESTRING(283.710000 531.040000,266.140000 539.950000)
1	27	693	694	0	0	0	0	0	25	0	0	0	Straight	0.0	18022.8	18047.8	LINESTRING(266.140000 539.950000,249.370000 543.680000)
1	28	694	2215	1	0	0	0	0	4	0	0	0	Straight	0.0	18047.8	18051.8	LINESTRING(249.370000 543.680000,230.590000 543.690000)
1	29	2215	1027	1	0	0	0	0	60	0	0	0	Straight	0.0	18051.8	18111.8	LINESTRING(230.590000 543.690000,212.080000 527.530000)
1	30	1027	740	0	0	0	0	0	43	0	0	0	Straight	0.0	18111.8	18154.8	LINESTRING(212.080000 527.530000,201.930000 510.040000)
1	31	740	793	0	0	0	0	0	33	0	0	0	Right	7.158	18162.0	18195.0	LINESTRING(201.930000 510.040000,182.660000 521.840000)
1	32	793	1787	1	0	0	0	0	2	0	0	0	Straight	0.0	18195.0	18197.0	LINESTRING(182.660000 521.840000,158.600000 530.650000)
1	33	1787	795	1	0	0	0	0	7	0	0	0	Straight	0.0	18197.0	18204.0	LINESTRING(158.600000 530.650000,147.340000 525.850000)
1	34	795	1678	1	0	0	0	0	35	0	0	0	Straight	0.0	18204.0	18239.0	LINESTRING(147.340000 525.850000,136.630000 524.630000)
1	35	1678	1677	1	0	0	0	0	54	0	0	0	Left	14.316	18253.3	18307.3	LINESTRING(136.630000 524.630000,133.050000 514.340000)
1	36	1677	866	1	0	0	0	0	59	0	0	0	Straight	0.0	18307.3	18366.3	LINESTRING(133.050000 514.340000,127.880000 507.320000)
1	37	866	2283	1	0	0	0	0	31	0	0	0	Straight	0.0	18366.3	18397.3	LINESTRING(127.880000 507.320000,118.390000 505.800000)
1	38	2283	1055	1	0	0	0	0	35	0	0	0	Straight	0.0	18397.3	18432.3	LINESTRING(118.390000 505.800000,107.370000 508.470000)
1	39	1055	2012	1	1	145	145	0	26	166	1	0	Straight	0.0	18432.3	18598.3	LINESTRING(107.370000 508.470000,101.410000 517.790000)
1	40	2012	954	1	1	280	280	0	50	330	1	0	Straight	0.0	18598.3	18928.3	LINESTRING(101.410000 517.790000,93.609000 524.830000)
1	41	954	953	1	0	0	0	0	10	0	0	0	Straight	0.0	18928.3	18938.3	LINESTRING(93.609000 524.830000,86.720000 526.240000)
1	42	953	1801	1	0	0	0	0	11	0	0	0	Left	14.316	18952.6	18963.6	LINESTRING(86.720000 526.240000,87.807000 519.890000)
1	43	1801	1054	1	0	0	0	0	9	0	0	0	Straight	0.0	18963.6	18972.6	LINESTRING(87.807000 519.890000,94.968000 510.060000)
1	44	1054	1062	1	1	552	552	0	99	649	1	0	Right	7.158	18979.8	19628.8	LINESTRING(94.968000 510.060000,90.735000 500.770000)
1	45	1062	975	1	1	51	51	0	9	59	1	0	Right	7.158	19635.9	19694.9	LINESTRING(90.735000 500.770000,80.312000 497.990000)
1	46	975	1063	1	1	145	145	0	26	166	1	0	Straight	0.0	19694.9	19860.9	LINESTRING(80.312000 497.990000,70.136000 499.040000)
1	47	1063	1066	1	1	145	145	0	26	166	1	0	Straight	0.0	19860.9	20026.9	LINESTRING(70.136000 499.040000,61.170000 501.520000)
1	48	1066	1011	1	1	146	146	0	26	166	1	0	Straight	0.0	20026.9	20192.9	LINESTRING(61.170000 501.520000,53.487000 505.610000)
1	49	1011	1010	1	1	145	145	0	26	166	1	0	Straight	0.0	20192.9	20358.9	LINESTRING(53.487000 505.610000,47.785000 511.000000)
1	50	1010	1679	1	1	44	44	0	8	48	1	0	Straight	0.0	20358.9	20406.9	LINESTRING(47.785000 511.000000,43.569000 517.520000)
1	51	1679	1012	1	0	0	0	0	9	0	0	0	Straight	0.0	20406.9	20415.9	LINESTRING(43.569000 517.520000,40.528000 524.280000)
1	52	1012	1013	1	1	153	153	0	28	178	1	0	Straight	0.0	20415.9	20593.9	LINESTRING(40.528000 524.280000,37.522000 529.670000)
1	53	1013	1022	1	1	233	233	0	42	272	1	0	Straight	0.0	20593.9	20865.9	LINESTRING(37.522000 529.670000,38.916000 535.480000)
1	54	1022	1020	1	1	86	86	0	15	95	0	0	Straight	0.0	20865.9	20880.9	LINESTRING(38.916000 535.480000,40.029000 544.590000)
1	55	1020	1076	1	0	0	0	0	21	0	0	0	Right	7.158	20888.1	20909.1	LINESTRING(40.029000 544.590000,43.442000 545.270000)
1	56	1076	1031	1	0	0	0	0	42	0	0	0	Left	14.316	20923.4	20965.4	LINESTRING(43.442000 545.270000,46.210000 552.530000)
1	57	1031	1030	1	1	142	142	0	26	166	1	0	Straight	0.0	20965.4	21131.4	LINESTRING(46.210000 552.530000,45.619000 557.760000)
1	58	1030	1029	1	0	0	0	0	1	0	0	0	Straight	0.0	21131.4	21132.4	LINESTRING(45.619000 557.760000,51.767000 565.830000)
1	59	1029	1018	1	0	0	0	0	32	0	0	0	Right	7.158	21139.5	21171.5	LINESTRING(51.767000 565.830000,54.280000 562.700000)
1	60	1018	1019	1	0	0	0	0	20	0	0	0	Left	14.316	21185.9	21205.9	LINESTRING(54.280000 562.700000,61.895000 565.040000)
1	61	1019	1008	1	0	0	0	0	22	0	0	0	Straight	0.0	21205.9	21227.9	LINESTRING(61.895000 565.040000,70.076000 568.460000)
1	62	1008	1068	1	0	0	0	0	22	0	0	0	Right	7.158	21235.0	21257.0	LINESTRING(70.076000 568.460000,72.887000 567.090000)
1	63	1068	1067	1	0	0	0	0	32	0	0	0	Right	7.158	21264.2	21296.2	LINESTRING(72.887000 567.090000,72.969000 562.340000)
1	64	1067	1007	1	1	125	125	0	22	142	1	0	Right	7.158	21303.3	21445.3	LINESTRING(72.969000 562.340000,66.830000 563.960000)
1	65	1007	2188	1	1	110	110	0	20	130	1	0	Right	7.158	21452.5	21582.5	LINESTRING(66.830000 563.960000,66.703000 567.690000)
1	66	2188	1007	1	1	110	110	0	20	130	0	0	U	57.264	21639.8	21659.8	LINESTRING(66.703000 567.690000,66.830000 563.960000)
1	67	1007	1006	1	0	0	0	0	22	0	0	0	Right	7.158	21666.9	21688.9	LINESTRING(66.830000 563.960000,59.414000 561.060000)
1	68	1006	1016	1	1	116	116	0	21	131	1	0	Straight	0.0	21688.9	21819.9	LINESTRING(59.414000 561.060000,51.220000 556.550000)
1	69	1016	1021	1	0	0	0	0	27	0	0	0	Straight	0.0	21819.9	21846.9	LINESTRING(51.220000 556.550000,41.343000 553.220000)
1	70	1021	1020	1	0	0	0	0	14	0	0	0	Left	14.316	21861.2	21875.2	LINESTRING(41.343000 553.220000,40.029000 544.590000)
1	71	1020	1022	1	1	86	86	0	15	95	1	0	Straight	0.0	21875.2	21970.2	LINESTRING(40.029000 544.590000,38.916000 535.480000)
1	72	1022	1075	1	1	149	149	0	27	167	1	0	Straight	0.0	21970.2	22137.2	LINESTRING(38.916000 535.480000,42.197000 529.150000)
1	73	1075	1026	1	1	238	238	0	43	273	1	0	Straight	0.0	22137.2	22410.2	LINESTRING(42.197000 529.150000,45.700000 520.410000)
1	74	1026	1015	1	1	242	242	0	43	283	1	0	Straight	0.0	22410.2	22693.2	LINESTRING(45.700000 520.410000,51.181000 509.260000)
1	75	1015	1014	1	1	148	148	0	27	167	1	0	Straight	0.0	22693.2	22860.2	LINESTRING(51.181000 509.260000,55.124000 502.940000)
1	76	1014	1011	1	1	272	272	0	49	319	1	0	U	57.264	22917.5	23236.5	LINESTRING(55.124000 502.940000,53.487000 505.610000)
1	77	1011	1010	1	1	145	145	0	26	166	0	0	Straight	0.0	23236.5	23262.5	LINESTRING(53.487000 505.610000,47.785000 511.000000)
1	78	1010	1679	1	1	44	44	0	8	48	0	0	Straight	0.0	23262.5	23270.5	LINESTRING(47.785000 511.000000,43.569000 517.520000)
1	79	1679	1026	1	1	194	194	0	35	225	1	0	Right	7.158	23277.7	23502.7	LINESTRING(43.569000 517.520000,45.700000 520.410000)
1	80	1026	1025	1	1	121	121	0	22	142	1	0	Left	14.316	23517.0	23659.0	LINESTRING(45.700000 520.410000,44.161000 528.450000)
1	81	1025	1791	1	1	335	335	0	60	390	1	0	Straight	0.0	23659.0	24049.0	LINESTRING(44.161000 528.450000,41.602000 536.630000)
1	82	1791	1077	1	1	117	117	0	21	131	1	0	Straight	0.0	24049.0	24180.0	LINESTRING(41.602000 536.630000,38.141000 542.930000)
1	83	1077	1032	1	1	238	238	0	43	273	1	0	Right	7.158	24187.1	24460.1	LINESTRING(38.141000 542.930000,41.192000 549.840000)
1	84	1032	1076	1	0	0	0	0	23	0	0	0	Right	7.158	24467.3	24490.3	LINESTRING(41.192000 549.840000,43.442000 545.270000)
1	85	1076	1791	1	0	0	0	0	43	0	0	0	Straight	0.0	24490.3	24533.3	LINESTRING(43.442000 545.270000,41.602000 536.630000)
1	86	1791	1075	1	1	126	126	0	23	143	1	0	Straight	0.0	24533.3	24676.3	LINESTRING(41.602000 536.630000,42.197000 529.150000)
1	87	1075	1012	1	1	270	270	0	49	319	1	0	Straight	0.0	24676.3	24995.3	LINESTRING(42.197000 529.150000,40.528000 524.280000)
1	88	1012	1679	1	0	0	0	0	9	0	0	0	Straight	0.0	24995.3	25004.3	LINESTRING(40.528000 524.280000,43.569000 517.520000)
1	89	1679	1010	1	1	44	44	0	8	48	0	0	Straight	0.0	25004.3	25012.3	LINESTRING(43.569000 517.520000,47.785000 511.000000)
1	90	1010	1015	1	1	276	276	0	50	320	1	0	Straight	0.0	25012.3	25332.3	LINESTRING(47.785000 511.000000,51.181000 509.260000)
1	91	1015	1790	1	1	120	120	0	22	142	1	0	Straight	0.0	25332.3	25474.3	LINESTRING(51.181000 509.260000,57.469000 500.280000)
1	92	1790	1003	1	1	293	293	0	53	343	1	0	Straight	0.0	25474.3	25817.3	LINESTRING(57.469000 500.280000,66.008000 492.790000)
1	93	1003	1070	1	1	122	122	0	22	142	1	0	Straight	0.0	25817.3	25959.3	LINESTRING(66.008000 492.790000,72.359000 486.740000)
1	94	1070	994	1	1	285	285	0	51	331	1	0	Straight	0.0	25959.3	26290.3	LINESTRING(72.359000 486.740000,81.254000 482.740000)
1	95	994	973	1	1	118	118	0	21	131	1	0	Straight	0.0	26290.3	26421.3	LINESTRING(81.254000 482.740000,92.775000 478.000000)
1	96	973	972	1	1	153	153	0	28	178	1	0	Right	7.158	26428.4	26606.4	LINESTRING(92.775000 478.000000,93.185000 473.330000)
1	97	972	1051	1	1	513	513	0	92	602	1	0	Left	14.316	26620.8	27222.8	LINESTRING(93.185000 473.330000,98.636000 473.160000)
1	98	1051	944	1	1	107	107	0	19	119	1	0	Straight	0.0	27222.8	27341.8	LINESTRING(98.636000 473.160000,105.300000 475.660000)
1	99	944	945	1	0	0	0	0	21	0	0	0	Straight	0.0	27341.8	27362.8	LINESTRING(105.300000 475.660000,112.030000 477.970000)
1	100	945	1692	1	0	0	0	0	23	0	0	0	Left	14.316	27377.1	27400.1	LINESTRING(112.030000 477.970000,104.340000 483.060000)
1	101	1692	1947	1	0	0	0	0	5	0	0	0	Right	7.158	27407.2	27412.2	LINESTRING(104.340000 483.060000,103.510000 489.770000)
1	102	1947	1057	1	0	0	0	0	23	0	0	0	Right	7.158	27419.4	27442.4	LINESTRING(103.510000 489.770000,108.540000 492.440000)
1	103	1057	1053	1	0	0	0	0	18	0	0	0	Straight	0.0	27442.4	27460.4	LINESTRING(108.540000 492.440000,119.340000 491.700000)
1	104	1053	1048	1	0	0	0	0	33	0	0	0	Left	14.316	27474.7	27507.7	LINESTRING(119.340000 491.700000,116.280000 500.730000)
1	105	1048	884	1	0	0	0	0	42	0	0	0	Right	7.158	27514.9	27556.9	LINESTRING(116.280000 500.730000,125.200000 500.530000)
1	106	884	865	1	1	253	253	0	46	296	1	0	Straight	0.0	27556.9	27852.9	LINESTRING(125.200000 500.530000,137.500000 497.310000)
1	107	865	1615	1	1	377	377	0	68	438	1	0	Left	14.316	27867.2	28305.2	LINESTRING(137.500000 497.310000,138.640000 505.110000)
1	108	1615	1028	1	1	419	419	0	75	485	1	0	Straight	0.0	28305.2	28790.2	LINESTRING(138.640000 505.110000,141.410000 510.110000)
1	109	1028	801	1	1	181	181	0	33	213	1	0	U	57.264	28847.4	29060.4	LINESTRING(141.410000 510.110000,140.890000 503.010000)
1	110	801	2385	1	1	104	104	0	19	119	1	0	Right	7.158	29067.6	29186.6	LINESTRING(140.890000 503.010000,135.710000 502.080000)
1	111	2385	801	1	1	104	104	0	19	119	0	0	U	57.264	29243.9	29262.9	LINESTRING(135.710000 502.080000,140.890000 503.010000)
1	112	801	800	1	1	118	118	0	21	131	1	0	Right	7.158	29270.0	29401.0	LINESTRING(140.890000 503.010000,145.320000 497.600000)
1	113	800	835	1	1	257	257	0	46	296	1	0	Straight	0.0	29401.0	29697.0	LINESTRING(145.320000 497.600000,149.370000 491.540000)
1	114	835	845	1	1	186	186	0	33	213	1	0	Straight	0.0	29697.0	29910.0	LINESTRING(149.370000 491.540000,152.700000 485.300000)
1	115	845	1035	1	1	350	350	0	63	413	1	0	Straight	0.0	29910.0	30323.0	LINESTRING(152.700000 485.300000,167.660000 477.110000)
1	116	1035	1686	1	0	0	0	0	16	0	0	0	Straight	0.0	30323.0	30339.0	LINESTRING(167.660000 477.110000,184.100000 466.650000)
1	117	1686	1000	1	0	0	0	0	179	0	0	0	Straight	0.0	30339.0	30518.0	LINESTRING(184.100000 466.650000,214.990000 456.270000)
1	118	1000	1965	1	0	0	0	0	214	0	0	0	Straight	0.0	30518.0	30732.0	LINESTRING(214.990000 456.270000,235.220000 422.080000)
1	119	1965	2313	1	0	0	0	0	155	0	0	0	Straight	0.0	30732.0	30887.0	LINESTRING(235.220000 422.080000,258.180000 400.590000)
1	120	2313	1553	1	0	0	0	0	55	0	0	0	Straight	0.0	30887.0	30942.0	LINESTRING(258.180000 400.590000,285.870000 384.490000)
1	121	1553	900	1	0	0	0	0	42	0	0	0	Straight	0.0	30942.0	30984.0	LINESTRING(285.870000 384.490000,313.770000 368.790000)
1	122	900	561	1	0	0	0	0	83	0	0	0	Straight	0.0	30984.0	31067.0	LINESTRING(313.770000 368.790000,341.600000 352.600000)
1	123	561	951	1	0	0	0	0	65	0	0	0	Straight	0.0	31067.0	31132.0	LINESTRING(341.600000 352.600000,362.600000 336.160000)
1	124	951	610	1	0	0	0	0	5	0	0	0	Straight	0.0	31132.0	31137.0	LINESTRING(362.600000 336.160000,383.270000 322.520000)
1	125	610	611	1	0	0	0	0	13	0	0	0	Straight	0.0	31137.0	31150.0	LINESTRING(383.270000 322.520000,386.970000 314.450000)
1	126	611	957	1	0	0	0	0	12	0	0	0	Straight	0.0	31150.0	31162.0	LINESTRING(386.970000 314.450000,393.420000 311.130000)
1	127	957	1528	1	0	0	0	0	9	0	0	0	Right	7.158	31169.2	31178.2	LINESTRING(393.420000 311.130000,385.690000 307.890000)
1	128	1528	1004	1	0	0	0	0	24	0	0	0	Straight	0.0	31178.2	31202.2	LINESTRING(385.690000 307.890000,378.590000 301.430000)
1	129	1004	2011	1	0	0	0	0	249	0	0	0	Straight	0.0	31202.2	31451.2	LINESTRING(378.590000 301.430000,372.780000 294.490000)
1	130	2011	923	1	0	0	0	0	100	0	0	0	Straight	0.0	31451.2	31551.2	LINESTRING(372.780000 294.490000,367.720000 288.770000)
1	131	923	922	1	0	0	0	0	20	0	0	0	Straight	0.0	31551.2	31571.2	LINESTRING(367.720000 288.770000,363.400000 284.320000)
1	132	922	2277	1	0	0	0	0	91	0	0	0	Straight	0.0	31571.2	31662.2	LINESTRING(363.400000 284.320000,360.380000 280.330000)
2	0	2277	2277	-1	-1	0	0	0	0	0	0	300		0.0	31662.2	31962.2	LINESTRING(360.380000 280.330000,360.380000 280.330000)
