ClusteringMethod	ComputationTime	K_LB	K	CCI	NHO	ATD	DMT
METIS_MODIFIED	1.703	2	2	1	26.2021	316.587	8463
Starting Node	Ending Node	Cluster	Required	Is Edge	Weight	Volume	Shape
650	628	0	1	1	90	90	-163.618451 -355.492639,-144.812107 -374.946475
628	650	0	1	1	90	90	-144.812107 -374.946475,-163.618451 -355.492639
632	630	0	1	1	60	60	-154.387532 -378.835628,-147.89992 -376.405234
630	632	0	1	1	60	60	-147.89992 -376.405234,-154.387532 -378.835628
634	632	0	1	1	200	200	-183.72471 -410.842054,-154.387532 -378.835628
632	634	0	1	1	200	200	-154.387532 -378.835628,-183.72471 -410.842054
636	654	0	1	1	40	40	-156.810175 -379.781111,-165.435666 -372.100287
654	636	0	1	1	40	40	-165.435666 -372.100287,-156.810175 -379.781111
640	638	0	1	1	200	200	-189.440186 -419.817883,-159.860895 -381.309532
638	640	0	1	1	200	200	-159.860895 -381.309532,-189.440186 -419.817883
646	642	0	1	1	200	200	-166.106614 -384.073875,-195.583651 -421.053861
642	646	0	1	1	200	200	-195.583651 -421.053861,-166.106614 -384.073875
662	650	0	1	1	220	220	-159.481446 -331.689091,-163.618451 -355.492639
650	662	0	1	1	220	220	-163.618451 -355.492639,-159.481446 -331.689091
654	652	0	1	1	110	110	-165.435666 -372.100287,-173.956296 -363.012076
652	654	0	1	1	110	110	-173.956296 -363.012076,-165.435666 -372.100287
654	656	0	1	1	160	160	-165.435666 -372.100287,-169.411529 -359.243794
656	654	0	1	1	160	160	-169.411529 -359.243794,-165.435666 -372.100287
1018	662	0	1	1	80	80	-145.366028 -314.559625,-159.481446 -331.689091
662	1018	0	1	1	80	80	-159.481446 -331.689091,-145.366028 -314.559625
676	672	0	1	1	150	150	-72.169759 -337.437187,-75.850186 -354.556951
672	676	0	1	1	150	150	-75.850186 -354.556951,-72.169759 -337.437187
676	678	0	1	1	60	60	-72.169759 -337.437187,-77.191348 -358.849124
678	676	0	1	1	60	60	-77.191348 -358.849124,-72.169759 -337.437187
686	682	0	1	1	20	20	-70.249389 -343.339783,-73.296154 -352.920287
682	686	0	1	1	20	20	-73.296154 -352.920287,-70.249389 -343.339783
688	682	0	1	1	20	20	-69.141189 -351.157003,-73.296154 -352.920287
682	688	0	1	1	20	20	-73.296154 -352.920287,-69.141189 -351.157003
686	688	0	1	1	40	40	-70.249389 -343.339783,-69.141189 -351.157003
688	686	0	1	1	40	40	-69.141189 -351.157003,-70.249389 -343.339783
692	686	0	1	1	0	0	-68.376806 -338.395515,-70.249389 -343.339783
686	692	0	1	1	0	0	-70.249389 -343.339783,-68.376806 -338.395515
694	692	0	1	1	40	40	-70.305364 -332.577323,-68.376806 -338.395515
692	694	0	1	1	40	40	-68.376806 -338.395515,-70.305364 -332.577323
698	692	0	1	1	80	80	-57.828923 -339.066157,-68.376806 -338.395515
692	698	0	1	1	80	80	-68.376806 -338.395515,-57.828923 -339.066157
708	694	0	1	1	30	30	-68.183933 -326.669003,-70.305364 -332.577323
694	708	0	1	1	30	30	-70.305364 -332.577323,-68.183933 -326.669003
716	698	0	1	1	200	200	-44.764236 -323.40017,-57.828923 -339.066157
698	716	0	1	1	200	200	-57.828923 -339.066157,-44.764236 -323.40017
702	700	0	1	1	180	180	-53.446482 -342.157477,-67.342228 -352.43142
700	702	0	1	1	180	180	-67.342228 -352.43142,-53.446482 -342.157477
718	702	0	1	1	200	200	-40.500022 -325.680643,-53.446482 -342.157477
702	718	0	1	1	200	200	-53.446482 -342.157477,-40.500022 -325.680643
706	704	0	1	1	90	90	-49.191698 -344.436428,-62.941826 -355.413168
704	706	0	1	1	90	90	-62.941826 -355.413168,-49.191698 -344.436428
720	706	0	1	1	100	100	-36.108041 -328.334696,-49.191698 -344.436428
706	720	0	1	1	100	100	-49.191698 -344.436428,-36.108041 -328.334696
714	710	0	1	1	100	100	-49.170794 -321.309139,-67.228833 -326.811454
710	714	0	1	1	100	100	-67.228833 -326.811454,-49.170794 -321.309139
728	714	0	1	1	70	70	-37.25445 -307.631588,-49.170794 -321.309139
714	728	0	1	1	70	70	-49.170794 -321.309139,-37.25445 -307.631588
726	716	0	1	1	130	130	-32.707168 -310.301833,-44.764236 -323.40017
716	726	0	1	1	130	130	-44.764236 -323.40017,-32.707168 -310.301833
724	718	0	1	1	0	0	-29.872901 -313.980243,-40.500022 -325.680643
718	724	0	1	1	0	0	-40.500022 -325.680643,-29.872901 -313.980243
722	720	0	1	1	70	70	-25.802296 -316.033439,-36.108041 -328.334696
720	722	0	1	1	70	70	-36.108041 -328.334696,-25.802296 -316.033439
732	730	0	1	1	60	60	-11.936559 -288.618044,-21.814993 -312.183991
730	732	0	1	1	60	60	-21.814993 -312.183991,-11.936559 -288.618044
770	732	0	1	1	90	90	1.600726 -273.371646,-11.936559 -288.618044
732	770	0	1	1	90	90	-11.936559 -288.618044,1.600726 -273.371646
740	734	0	1	1	110	110	-15.765269 -286.411662,-25.484546 -298.42827
734	740	0	1	1	110	110	-25.484546 -298.42827,-15.765269 -286.411662
734	742	0	1	1	100	100	-25.484546 -298.42827,-20.125865 -284.448327
742	734	0	1	1	100	100	-20.125865 -284.448327,-25.484546 -298.42827
748	734	0	1	1	150	150	-23.941617 -281.431808,-25.484546 -298.42827
734	748	0	1	1	150	150	-25.484546 -298.42827,-23.941617 -281.431808
766	740	0	1	1	160	160	-2.168865 -271.429903,-15.765269 -286.411662
740	766	0	1	1	160	160	-15.765269 -286.411662,-2.168865 -271.429903
742	762	0	1	1	170	170	-20.125865 -284.448327,-6.077987 -270.077063
762	742	0	1	1	170	170	-6.077987 -270.077063,-20.125865 -284.448327
758	748	0	1	1	160	160	-10.584361 -266.727926,-23.941617 -281.431808
748	758	0	1	1	160	160	-23.941617 -281.431808,-10.584361 -266.727926
752	750	0	1	1	10	10	-28.816901 -278.697084,-31.602758 -286.30721
750	752	0	1	1	10	10	-31.602758 -286.30721,-28.816901 -278.697084
754	752	0	1	1	90	90	-15.312306 -264.094028,-28.816901 -278.697084
752	754	0	1	1	90	90	-28.816901 -278.697084,-15.312306 -264.094028
756	754	0	1	1	230	230	-27.599172 -236.815724,-15.312306 -264.094028
754	756	0	1	1	230	230	-15.312306 -264.094028,-27.599172 -236.815724
760	758	0	1	1	270	270	-23.562389 -238.078473,-10.584361 -266.727926
758	760	0	1	1	270	270	-10.584361 -266.727926,-23.562389 -238.078473
762	764	0	1	1	250	250	-6.077987 -270.077063,-19.462393 -240.751181
764	762	0	1	1	250	250	-19.462393 -240.751181,-6.077987 -270.077063
768	766	0	1	1	310	310	-15.470481 -241.154277,-2.168865 -271.429903
766	768	0	1	1	310	310	-2.168865 -271.429903,-15.470481 -241.154277
772	770	0	1	1	170	170	-11.657185 -243.156524,1.600726 -273.371646
770	772	0	1	1	170	170	1.600726 -273.371646,-11.657185 -243.156524
776	774	0	1	1	100	100	-19.253346 -261.344667,-32.509194 -274.570563
774	776	0	1	1	100	100	-32.509194 -274.570563,-19.253346 -261.344667
778	776	0	1	1	210	210	-31.481008 -234.550677,-19.253346 -261.344667
776	778	0	1	1	210	210	-19.253346 -261.344667,-31.481008 -234.550677
782	780	0	1	1	130	130	-23.422427 -258.426182,-37.022778 -271.070287
780	782	0	1	1	130	130	-37.022778 -271.070287,-23.422427 -258.426182
784	782	0	1	1	190	190	-35.039752 -233.376779,-23.422427 -258.426182
782	784	0	1	1	190	190	-23.422427 -258.426182,-35.039752 -233.376779
788	786	0	1	1	140	140	-27.71803 -255.669882,-41.704778 -267.874293
786	788	0	1	1	140	140	-41.704778 -267.874293,-27.71803 -255.669882
790	788	0	1	1	200	200	-38.335247 -232.36885,-27.71803 -255.669882
788	790	0	1	1	200	200	-27.71803 -255.669882,-38.335247 -232.36885
794	792	0	1	1	160	160	-32.095687 -253.162277,-46.486566 -265.104326
792	794	0	1	1	160	160	-46.486566 -265.104326,-32.095687 -253.162277
792	1064	0	1	1	50	50	-46.486566 -265.104326,-49.454929 -272.345597
1064	792	0	1	1	50	50	-49.454929 -272.345597,-46.486566 -265.104326
796	794	0	1	1	190	190	-42.269513 -230.807112,-32.095687 -253.162277
794	796	0	1	1	190	190	-32.095687 -253.162277,-42.269513 -230.807112
800	798	1	1	1	170	170	-37.14214 -249.989137,-51.019238 -263.181664
798	800	1	1	1	170	170	-51.019238 -263.181664,-37.14214 -249.989137
798	1060	1	1	1	80	80	-51.019238 -263.181664,-60.816696 -262.475079
1060	798	1	1	1	80	80	-60.816696 -262.475079,-51.019238 -263.181664
802	800	1	1	1	170	170	-47.142171 -229.138898,-37.14214 -249.989137
800	802	1	1	1	170	170	-37.14214 -249.989137,-47.142171 -229.138898
806	804	1	1	1	190	190	-41.606137 -247.870792,-56.461003 -261.165203
804	806	1	1	1	190	190	-56.461003 -261.165203,-41.606137 -247.870792
808	806	1	1	1	130	130	-50.711484 -229.130433,-41.606137 -247.870792
806	808	1	1	1	130	130	-41.606137 -247.870792,-50.711484 -229.130433
812	810	1	1	1	100	100	-46.925986 -246.147474,-60.996948 -260.672381
810	812	1	1	1	100	100	-60.996948 -260.672381,-46.925986 -246.147474
814	812	1	1	1	110	110	-54.973843 -229.625072,-46.925986 -246.147474
812	814	1	1	1	110	110	-46.925986 -246.147474,-54.973843 -229.625072
818	816	1	1	1	130	130	-58.309774 -229.008663,-51.044959 -243.60502
816	818	1	1	1	130	130	-51.044959 -243.60502,-58.309774 -229.008663
816	836	1	1	1	100	100	-51.044959 -243.60502,-68.455312 -258.328019
836	816	1	1	1	100	100	-68.455312 -258.328019,-51.044959 -243.60502
822	820	1	1	1	90	90	-61.670173 -223.811535,-54.857396 -237.975316
820	822	1	1	1	90	90	-54.857396 -237.975316,-61.670173 -223.811535
826	824	1	1	1	80	80	-65.248469 -218.694542,-58.903871 -232.013038
824	826	1	1	1	80	80	-58.903871 -232.013038,-65.248469 -218.694542
830	828	1	1	1	40	40	-66.215541 -217.664928,-60.908537 -228.814017
828	830	1	1	1	40	40	-60.908537 -228.814017,-66.215541 -217.664928
834	832	1	1	1	80	80	-69.967516 -213.276077,-65.03012 -223.170986
832	834	1	1	1	80	80	-65.03012 -223.170986,-69.967516 -213.276077
836	938	1	1	1	160	160	-68.455312 -258.328019,-85.392327 -267.963838
938	836	1	1	1	160	160	-85.392327 -267.963838,-68.455312 -258.328019
840	838	1	1	1	40	40	-73.273568 -209.841881,-67.967108 -219.837363
838	840	1	1	1	40	40	-67.967108 -219.837363,-73.273568 -209.841881
846	842	1	1	1	120	120	-102.176695 -223.263857,-122.005036 -235.387281
842	846	1	1	1	120	120	-122.005036 -235.387281,-102.176695 -223.263857
842	878	1	1	1	150	150	-122.005036 -235.387281,-136.28908 -247.697503
878	842	1	1	1	150	150	-136.28908 -247.697503,-122.005036 -235.387281
848	846	1	1	1	30	30	-93.842935 -215.24717,-102.176695 -223.263857
846	848	1	1	1	30	30	-102.176695 -223.263857,-93.842935 -215.24717
860	856	1	1	1	30	30	-130.268544 -208.053676,-135.455932 -220.410058
856	860	1	1	1	30	30	-135.455932 -220.410058,-130.268544 -208.053676
864	860	1	1	1	110	110	-138.049078 -200.364678,-130.268544 -208.053676
860	864	1	1	1	110	110	-130.268544 -208.053676,-138.049078 -200.364678
866	860	1	1	1	40	40	-114.506052 -195.835728,-130.268544 -208.053676
860	866	1	1	1	40	40	-130.268544 -208.053676,-114.506052 -195.835728
870	866	1	1	1	20	20	-96.619695 -191.606064,-114.506052 -195.835728
866	870	1	1	1	20	20	-114.506052 -195.835728,-96.619695 -191.606064
874	866	1	1	1	50	50	-120.493965 -189.067081,-114.506052 -195.835728
866	874	1	1	1	50	50	-114.506052 -195.835728,-120.493965 -189.067081
872	870	1	1	1	70	70	-85.330125 -198.859152,-96.619695 -191.606064
870	872	1	1	1	70	70	-96.619695 -191.606064,-85.330125 -198.859152
876	870	1	1	1	40	40	-101.020516 -185.77041,-96.619695 -191.606064
870	876	1	1	1	40	40	-96.619695 -191.606064,-101.020516 -185.77041
878	880	1	1	1	100	100	-136.28908 -247.697503,-142.654249 -243.071531
880	878	1	1	1	100	100	-142.654249 -243.071531,-136.28908 -247.697503
878	896	1	1	1	40	40	-136.28908 -247.697503,-143.380616 -261.447961
896	878	1	1	1	40	40	-143.380616 -261.447961,-136.28908 -247.697503
880	882	1	1	1	80	80	-142.654249 -243.071531,-151.374404 -236.200543
882	880	1	1	1	80	80	-151.374404 -236.200543,-142.654249 -243.071531
888	880	1	1	1	180	180	-148.230715 -239.042399,-142.654249 -243.071531
880	888	1	1	1	180	180	-142.654249 -243.071531,-148.230715 -239.042399
884	888	1	1	1	40	40	-156.938044 -232.113182,-148.230715 -239.042399
888	884	1	1	1	40	40	-148.230715 -239.042399,-156.938044 -232.113182
888	902	1	1	1	140	140	-148.230715 -239.042399,-162.646624 -246.868887
902	888	1	1	1	140	140	-162.646624 -246.868887,-148.230715 -239.042399
896	898	1	1	1	30	30	-143.380616 -261.447961,-151.298521 -259.552295
898	896	1	1	1	30	30	-151.298521 -259.552295,-143.380616 -261.447961
972	896	1	1	1	160	160	-131.549466 -283.327039,-143.380616 -261.447961
896	972	1	1	1	160	160	-143.380616 -261.447961,-131.549466 -283.327039
898	900	1	1	1	20	20	-151.298521 -259.552295,-162.165939 -252.193871
900	898	1	1	1	20	20	-162.165939 -252.193871,-151.298521 -259.552295
974	898	1	1	1	130	130	-127.368893 -291.113057,-151.298521 -259.552295
898	974	1	1	1	130	130	-151.298521 -259.552295,-127.368893 -291.113057
908	906	1	1	1	130	130	-97.236565 -228.240145,-106.534745 -228.674769
906	908	1	1	1	130	130	-106.534745 -228.674769,-97.236565 -228.240145
908	910	1	1	1	160	160	-97.236565 -228.240145,-112.623313 -232.079379
910	908	1	1	1	160	160	-112.623313 -232.079379,-97.236565 -228.240145
916	908	1	1	1	40	40	-90.660931 -232.40608,-97.236565 -228.240145
908	916	1	1	1	40	40	-97.236565 -228.240145,-90.660931 -232.40608
916	914	1	1	1	100	100	-90.660931 -232.40608,-73.29143 -218.087779
914	916	1	1	1	100	100	-73.29143 -218.087779,-90.660931 -232.40608
918	916	1	1	1	130	130	-102.596896 -228.166716,-90.660931 -232.40608
916	918	1	1	1	130	130	-90.660931 -232.40608,-102.596896 -228.166716
918	920	1	1	1	160	160	-102.596896 -228.166716,-118.423033 -236.008171
920	918	1	1	1	160	160	-118.423033 -236.008171,-102.596896 -228.166716
924	922	1	1	1	120	120	-85.754609 -239.796427,-96.509554 -229.638623
922	924	1	1	1	120	120	-96.509554 -229.638623,-85.754609 -239.796427
922	926	1	1	1	40	40	-96.509554 -229.638623,-90.25758 -236.889629
926	922	1	1	1	40	40	-90.25758 -236.889629,-96.509554 -229.638623
928	926	1	1	1	110	110	-79.937046 -247.703168,-90.25758 -236.889629
926	928	1	1	1	110	110	-90.25758 -236.889629,-79.937046 -247.703168
936	930	1	1	1	180	180	-92.722436 -262.783214,-73.408179 -255.653091
930	936	1	1	1	180	180	-73.408179 -255.653091,-92.722436 -262.783214
938	940	1	1	1	50	50	-85.392327 -267.963838,-96.24951 -266.86975
940	938	1	1	1	50	50	-96.24951 -266.86975,-85.392327 -267.963838
938	1036	1	1	1	20	20	-85.392327 -267.963838,-80.499043 -271.104299
1036	938	1	1	1	20	20	-80.499043 -271.104299,-85.392327 -267.963838
940	948	1	1	1	20	20	-96.24951 -266.86975,-102.835279 -261.785181
948	940	1	1	1	20	20	-102.835279 -261.785181,-96.24951 -266.86975
940	964	1	1	1	150	150	-96.24951 -266.86975,-108.795721 -278.276157
964	940	1	1	1	150	150	-108.795721 -278.276157,-96.24951 -266.86975
942	950	1	1	1	40	40	-108.363926 -282.765581,-112.763273 -288.228469
950	942	1	1	1	40	40	-112.763273 -288.228469,-108.363926 -282.765581
964	942	1	1	1	30	30	-108.795721 -278.276157,-108.363926 -282.765581
942	964	1	1	1	30	30	-108.363926 -282.765581,-108.795721 -278.276157
1050	942	1	1	1	70	70	-101.680478 -282.822444,-108.363926 -282.765581
942	1050	1	1	1	70	70	-108.363926 -282.765581,-101.680478 -282.822444
946	944	1	1	1	140	140	-111.928787 -255.48448,-123.973699 -240.472834
944	946	1	1	1	140	140	-123.973699 -240.472834,-111.928787 -255.48448
944	954	1	1	1	130	130	-123.973699 -240.472834,-133.013191 -249.668731
954	944	1	1	1	130	130	-133.013191 -249.668731,-123.973699 -240.472834
948	946	1	1	1	90	90	-102.835279 -261.785181,-111.928787 -255.48448
946	948	1	1	1	90	90	-111.928787 -255.48448,-102.835279 -261.785181
962	948	1	1	1	100	100	-115.60142 -272.629172,-102.835279 -261.785181
948	962	1	1	1	100	100	-102.835279 -261.785181,-115.60142 -272.629172
950	952	1	1	1	80	80	-112.763273 -288.228469,-119.66783 -296.544092
952	950	1	1	1	80	80	-119.66783 -296.544092,-112.763273 -288.228469
950	970	1	1	1	100	100	-112.763273 -288.228469,-126.762646 -278.2988
970	950	1	1	1	100	100	-126.762646 -278.2988,-112.763273 -288.228469
952	974	1	1	1	20	20	-119.66783 -296.544092,-127.368893 -291.113057
974	952	1	1	1	20	20	-127.368893 -291.113057,-119.66783 -296.544092
1020	952	1	1	1	30	30	-114.464593 -299.497565,-119.66783 -296.544092
952	1020	1	1	1	30	30	-119.66783 -296.544092,-114.464593 -299.497565
956	954	1	1	1	130	130	-119.454037 -262.798186,-133.013191 -249.668731
954	956	1	1	1	130	130	-133.013191 -249.668731,-119.454037 -262.798186
976	954	1	1	1	70	70	-140.029839 -257.903391,-133.013191 -249.668731
954	976	1	1	1	70	70	-133.013191 -249.668731,-140.029839 -257.903391
960	956	1	1	1	60	60	-119.773724 -269.109421,-119.454037 -262.798186
956	960	1	1	1	60	60	-119.454037 -262.798186,-119.773724 -269.109421
960	962	1	1	1	20	20	-119.773724 -269.109421,-115.60142 -272.629172
962	960	1	1	1	20	20	-115.60142 -272.629172,-119.773724 -269.109421
962	964	1	1	1	20	20	-115.60142 -272.629172,-108.795721 -278.276157
964	962	1	1	1	20	20	-108.795721 -278.276157,-115.60142 -272.629172
970	968	1	1	1	10	10	-126.762646 -278.2988,-124.641581 -272.514684
968	970	1	1	1	10	10	-124.641581 -272.514684,-126.762646 -278.2988
968	976	1	1	1	130	130	-124.641581 -272.514684,-140.029839 -257.903391
976	968	1	1	1	130	130	-140.029839 -257.903391,-124.641581 -272.514684
972	970	1	1	1	30	30	-131.549466 -283.327039,-126.762646 -278.2988
970	972	1	1	1	30	30	-126.762646 -278.2988,-131.549466 -283.327039
974	972	1	1	1	20	20	-127.368893 -291.113057,-131.549466 -283.327039
972	974	1	1	1	20	20	-131.549466 -283.327039,-127.368893 -291.113057
986	984	0	1	1	70	70	-172.971597 -316.411884,-161.801472 -315.092455
984	986	0	1	1	70	70	-161.801472 -315.092455,-172.971597 -316.411884
988	986	0	1	1	20	20	-179.111389 -315.598786,-172.971597 -316.411884
986	988	0	1	1	20	20	-172.971597 -316.411884,-179.111389 -315.598786
990	986	0	1	1	40	40	-179.282556 -321.580331,-172.971597 -316.411884
986	990	0	1	1	40	40	-172.971597 -316.411884,-179.282556 -321.580331
992	990	0	1	1	20	20	-185.487677 -328.900174,-179.282556 -321.580331
990	992	0	1	1	20	20	-179.282556 -321.580331,-185.487677 -328.900174
994	990	0	1	1	30	30	-189.2282 -320.845087,-179.282556 -321.580331
990	994	0	1	1	30	30	-179.282556 -321.580331,-189.2282 -320.845087
998	992	0	1	1	220	220	-219.380378 -330.452354,-185.487677 -328.900174
992	998	0	1	1	220	220	-185.487677 -328.900174,-219.380378 -330.452354
996	994	0	1	1	190	190	-213.889403 -320.342244,-189.2282 -320.845087
994	996	0	1	1	190	190	-189.2282 -320.845087,-213.889403 -320.342244
1002	994	0	1	1	170	170	-221.699069 -320.030591,-189.2282 -320.845087
994	1002	0	1	1	170	170	-189.2282 -320.845087,-221.699069 -320.030591
998	996	0	1	1	10	10	-219.380378 -330.452354,-213.889403 -320.342244
996	998	0	1	1	10	10	-213.889403 -320.342244,-219.380378 -330.452354
1004	996	0	1	1	10	10	-220.834466 -320.047442,-213.889403 -320.342244
996	1004	0	1	1	10	10	-213.889403 -320.342244,-220.834466 -320.047442
1006	998	0	1	1	20	20	-225.241698 -331.345306,-219.380378 -330.452354
998	1006	0	1	1	20	20	-219.380378 -330.452354,-225.241698 -331.345306
1010	1008	0	1	1	20	20	-234.94888 -330.509615,-226.862402 -320.054776
1008	1010	0	1	1	20	20	-226.862402 -320.054776,-234.94888 -330.509615
1022	1020	1	1	1	30	30	-109.350622 -301.357821,-114.464593 -299.497565
1020	1022	1	1	1	30	30	-114.464593 -299.497565,-109.350622 -301.357821
1038	1020	1	1	1	80	80	-107.700565 -296.464664,-114.464593 -299.497565
1020	1038	1	1	1	80	80	-114.464593 -299.497565,-107.700565 -296.464664
1040	1022	1	1	1	110	110	-100.453606 -293.207733,-109.350622 -301.357821
1022	1040	1	1	1	110	110	-109.350622 -301.357821,-100.453606 -293.207733
1042	1024	1	1	1	130	130	-95.055252 -289.543464,-102.92775 -302.864448
1024	1042	1	1	1	130	130	-102.92775 -302.864448,-95.055252 -289.543464
1030	1026	1	1	1	230	230	-95.771942 -294.074089,-98.452465 -306.410906
1026	1030	1	1	1	230	230	-98.452465 -306.410906,-95.771942 -294.074089
1030	1028	1	1	1	100	100	-95.771942 -294.074089,-91.76827 -311.472196
1028	1030	1	1	1	100	100	-91.76827 -311.472196,-95.771942 -294.074089
1034	1030	1	1	1	60	60	-92.142369 -284.776918,-95.771942 -294.074089
1030	1034	1	1	1	60	60	-95.771942 -294.074089,-92.142369 -284.776918
1034	1046	1	1	1	50	50	-92.142369 -284.776918,-90.068507 -281.714138
1046	1034	1	1	1	50	50	-90.068507 -281.714138,-92.142369 -284.776918
1036	1048	1	1	1	30	30	-80.499043 -271.104299,-85.835526 -277.228321
1048	1036	1	1	1	30	30	-85.835526 -277.228321,-80.499043 -271.104299
1058	1036	1	1	1	60	60	-66.821527 -262.771225,-80.499043 -271.104299
1036	1058	1	1	1	60	60	-80.499043 -271.104299,-66.821527 -262.771225
1040	1038	1	1	1	60	60	-100.453606 -293.207733,-107.700565 -296.464664
1038	1040	1	1	1	60	60	-107.700565 -296.464664,-100.453606 -293.207733
1042	1040	1	1	1	50	50	-95.055252 -289.543464,-100.453606 -293.207733
1040	1042	1	1	1	50	50	-100.453606 -293.207733,-95.055252 -289.543464
1046	1042	1	1	1	60	60	-90.068507 -281.714138,-95.055252 -289.543464
1042	1046	1	1	1	60	60	-95.055252 -289.543464,-90.068507 -281.714138
1046	1050	1	1	1	60	60	-90.068507 -281.714138,-101.680478 -282.822444
1050	1046	1	1	1	60	60	-101.680478 -282.822444,-90.068507 -281.714138
1048	1050	1	1	1	110	110	-85.835526 -277.228321,-101.680478 -282.822444
1050	1048	1	1	1	110	110	-101.680478 -282.822444,-85.835526 -277.228321
1060	1058	1	1	1	60	60	-60.816696 -262.475079,-66.821527 -262.771225
1058	1060	1	1	1	60	60	-66.821527 -262.771225,-60.816696 -262.475079
6	8	-1	0	1	0	0	333.269838 -187.501692,301.712591 -215.286973
8	6	-1	0	1	0	0	301.712591 -215.286973,333.269838 -187.501692
6	10	-1	0	1	0	0	333.269838 -187.501692,327.252188 -181.915015
10	6	-1	0	1	0	0	327.252188 -181.915015,333.269838 -187.501692
8	12	-1	0	1	0	0	301.712591 -215.286973,294.385215 -210.208075
12	8	-1	0	1	0	0	294.385215 -210.208075,301.712591 -215.286973
124	8	-1	0	1	0	0	308.124584 -221.867516,301.712591 -215.286973
8	124	-1	0	1	0	0	301.712591 -215.286973,308.124584 -221.867516
10	12	-1	0	1	0	0	327.252188 -181.915015,294.385215 -210.208075
12	10	-1	0	1	0	0	294.385215 -210.208075,327.252188 -181.915015
10	14	-1	0	1	0	0	327.252188 -181.915015,321.515162 -176.966873
14	10	-1	0	1	0	0	321.515162 -176.966873,327.252188 -181.915015
16	12	-1	0	1	0	0	286.769421 -206.77005,294.385215 -210.208075
12	16	-1	0	1	0	0	294.385215 -210.208075,286.769421 -206.77005
14	16	-1	0	1	0	0	321.515162 -176.966873,286.769421 -206.77005
16	14	-1	0	1	0	0	286.769421 -206.77005,321.515162 -176.966873
14	28	-1	0	1	0	0	321.515162 -176.966873,316.662364 -172.677055
28	14	-1	0	1	0	0	316.662364 -172.677055,321.515162 -176.966873
40	16	-1	0	1	0	0	280.203524 -204.267178,286.769421 -206.77005
16	40	-1	0	1	0	0	286.769421 -206.77005,280.203524 -204.267178
18	20	-1	0	1	0	0	316.462026 -157.140572,331.94798 -153.137485
20	18	-1	0	1	0	0	331.94798 -153.137485,316.462026 -157.140572
24	18	-1	0	1	0	0	319.309667 -164.129238,316.462026 -157.140572
18	24	-1	0	1	0	0	316.462026 -157.140572,319.309667 -164.129238
18	26	-1	0	1	0	0	316.462026 -157.140572,308.729932 -154.680111
26	18	-1	0	1	0	0	308.729932 -154.680111,316.462026 -157.140572
20	24	-1	0	1	0	0	331.94798 -153.137485,319.309667 -164.129238
24	20	-1	0	1	0	0	319.309667 -164.129238,331.94798 -153.137485
28	24	-1	0	1	0	0	316.662364 -172.677055,319.309667 -164.129238
24	28	-1	0	1	0	0	319.309667 -164.129238,316.662364 -172.677055
26	34	-1	0	1	0	0	308.729932 -154.680111,303.010254 -195.472722
34	26	-1	0	1	0	0	303.010254 -195.472722,308.729932 -154.680111
26	46	-1	0	1	0	0	308.729932 -154.680111,301.244231 -153.784963
46	26	-1	0	1	0	0	301.244231 -153.784963,308.729932 -154.680111
36	28	-1	0	1	0	0	293.357794 -201.133731,316.662364 -172.677055
28	36	-1	0	1	0	0	316.662364 -172.677055,293.357794 -201.133731
34	36	-1	0	1	0	0	303.010254 -195.472722,293.357794 -201.133731
36	34	-1	0	1	0	0	293.357794 -201.133731,303.010254 -195.472722
34	38	-1	0	1	0	0	303.010254 -195.472722,285.942782 -203.245768
38	34	-1	0	1	0	0	285.942782 -203.245768,303.010254 -195.472722
38	36	-1	0	1	0	0	285.942782 -203.245768,293.357794 -201.133731
36	38	-1	0	1	0	0	293.357794 -201.133731,285.942782 -203.245768
38	40	-1	0	1	0	0	285.942782 -203.245768,280.203524 -204.267178
40	38	-1	0	1	0	0	280.203524 -204.267178,285.942782 -203.245768
40	130	-1	0	1	0	0	280.203524 -204.267178,271.224261 -203.121752
130	40	-1	0	1	0	0	271.224261 -203.121752,280.203524 -204.267178
46	42	-1	0	1	0	0	301.244231 -153.784963,260.703028 -199.248383
42	46	-1	0	1	0	0	260.703028 -199.248383,301.244231 -153.784963
120	42	-1	0	1	0	0	255.016578 -197.700251,260.703028 -199.248383
42	120	-1	0	1	0	0	260.703028 -199.248383,255.016578 -197.700251
42	122	-1	0	1	0	0	260.703028 -199.248383,261.65734 -199.584948
122	42	-1	0	1	0	0	261.65734 -199.584948,260.703028 -199.248383
1160	46	-1	0	1	0	0	266.005886 -131.140671,301.244231 -153.784963
46	1160	-1	0	1	0	0	301.244231 -153.784963,266.005886 -131.140671
48	50	-1	0	1	0	0	190.810528 -220.762901,196.707364 -223.236784
50	48	-1	0	1	0	0	196.707364 -223.236784,190.810528 -220.762901
416	48	-1	0	1	0	0	193.63477 -213.236148,190.810528 -220.762901
48	416	-1	0	1	0	0	190.810528 -220.762901,193.63477 -213.236148
1244	48	-1	0	1	0	0	177.378498 -234.55004,190.810528 -220.762901
48	1244	-1	0	1	0	0	190.810528 -220.762901,177.378498 -234.55004
78	50	-1	0	1	0	0	202.221755 -222.040766,196.707364 -223.236784
50	78	-1	0	1	0	0	196.707364 -223.236784,202.221755 -222.040766
50	96	-1	0	1	0	0	196.707364 -223.236784,202.952248 -227.526461
96	50	-1	0	1	0	0	202.952248 -227.526461,196.707364 -223.236784
54	56	-1	0	1	0	0	234.304255 -177.779191,213.91209 -197.982454
56	54	-1	0	1	0	0	213.91209 -197.982454,234.304255 -177.779191
54	58	-1	0	1	0	0	234.304255 -177.779191,240.067829 -183.209333
58	54	-1	0	1	0	0	240.067829 -183.209333,234.304255 -177.779191
1198	54	-1	0	1	0	0	226.798511 -173.719378,234.304255 -177.779191
54	1198	-1	0	1	0	0	234.304255 -177.779191,226.798511 -173.719378
56	60	-1	0	1	0	0	213.91209 -197.982454,221.667398 -200.988237
60	56	-1	0	1	0	0	221.667398 -200.988237,213.91209 -197.982454
56	78	-1	0	1	0	0	213.91209 -197.982454,202.221755 -222.040766
78	56	-1	0	1	0	0	202.221755 -222.040766,213.91209 -197.982454
1192	56	-1	0	1	0	0	206.371385 -196.397394,213.91209 -197.982454
56	1192	-1	0	1	0	0	213.91209 -197.982454,206.371385 -196.397394
58	60	-1	0	1	0	0	240.067829 -183.209333,221.667398 -200.988237
60	58	-1	0	1	0	0	221.667398 -200.988237,240.067829 -183.209333
58	64	-1	0	1	0	0	240.067829 -183.209333,245.547902 -188.368288
64	58	-1	0	1	0	0	245.547902 -188.368288,240.067829 -183.209333
60	72	-1	0	1	0	0	221.667398 -200.988237,228.884078 -204.130447
72	60	-1	0	1	0	0	228.884078 -204.130447,221.667398 -200.988237
60	80	-1	0	1	0	0	221.667398 -200.988237,210.767497 -220.16268
80	60	-1	0	1	0	0	210.767497 -220.16268,221.667398 -200.988237
64	66	-1	0	1	0	0	245.547902 -188.368288,249.039288 -194.296298
66	64	-1	0	1	0	0	249.039288 -194.296298,245.547902 -188.368288
64	72	-1	0	1	0	0	245.547902 -188.368288,228.884078 -204.130447
72	64	-1	0	1	0	0	228.884078 -204.130447,245.547902 -188.368288
70	66	-1	0	1	0	0	234.290999 -208.660522,249.039288 -194.296298
66	70	-1	0	1	0	0	249.039288 -194.296298,234.290999 -208.660522
66	120	-1	0	1	0	0	249.039288 -194.296298,255.016578 -197.700251
120	66	-1	0	1	0	0	255.016578 -197.700251,249.039288 -194.296298
72	70	-1	0	1	0	0	228.884078 -204.130447,234.290999 -208.660522
70	72	-1	0	1	0	0	234.290999 -208.660522,228.884078 -204.130447
82	70	-1	0	1	0	0	226.320912 -220.434918,234.290999 -208.660522
70	82	-1	0	1	0	0	234.290999 -208.660522,226.320912 -220.434918
72	76	-1	0	1	0	0	228.884078 -204.130447,218.011216 -218.782336
76	72	-1	0	1	0	0	218.011216 -218.782336,228.884078 -204.130447
80	76	-1	0	1	0	0	210.767497 -220.16268,218.011216 -218.782336
76	80	-1	0	1	0	0	218.011216 -218.782336,210.767497 -220.16268
76	82	-1	0	1	0	0	218.011216 -218.782336,226.320912 -220.434918
82	76	-1	0	1	0	0	226.320912 -220.434918,218.011216 -218.782336
78	80	-1	0	1	0	0	202.221755 -222.040766,210.767497 -220.16268
80	78	-1	0	1	0	0	210.767497 -220.16268,202.221755 -222.040766
80	86	-1	0	1	0	0	210.767497 -220.16268,217.655903 -225.269546
86	80	-1	0	1	0	0	217.655903 -225.269546,210.767497 -220.16268
82	118	-1	0	1	0	0	226.320912 -220.434918,235.04172 -225.470776
118	82	-1	0	1	0	0	235.04172 -225.470776,226.320912 -220.434918
86	94	-1	0	1	0	0	217.655903 -225.269546,225.506717 -232.618585
94	86	-1	0	1	0	0	225.506717 -232.618585,217.655903 -225.269546
96	86	-1	0	1	0	0	202.952248 -227.526461,217.655903 -225.269546
86	96	-1	0	1	0	0	217.655903 -225.269546,202.952248 -227.526461
86	114	-1	0	1	0	0	217.655903 -225.269546,238.936682 -232.36042
114	86	-1	0	1	0	0	238.936682 -232.36042,217.655903 -225.269546
100	94	-1	0	1	0	0	216.626362 -239.457583,225.506717 -232.618585
94	100	-1	0	1	0	0	225.506717 -232.618585,216.626362 -239.457583
94	112	-1	0	1	0	0	225.506717 -232.618585,242.592643 -239.129976
112	94	-1	0	1	0	0	242.592643 -239.129976,225.506717 -232.618585
96	100	-1	0	1	0	0	202.952248 -227.526461,216.626362 -239.457583
100	96	-1	0	1	0	0	216.626362 -239.457583,202.952248 -227.526461
100	104	-1	0	1	0	0	216.626362 -239.457583,224.618159 -247.186877
104	100	-1	0	1	0	0	224.618159 -247.186877,216.626362 -239.457583
108	104	-1	0	1	0	0	234.313315 -256.794684,224.618159 -247.186877
104	108	-1	0	1	0	0	224.618159 -247.186877,234.313315 -256.794684
110	104	-1	0	1	0	0	238.19745 -252.294247,224.618159 -247.186877
104	110	-1	0	1	0	0	224.618159 -247.186877,238.19745 -252.294247
110	108	-1	0	1	0	0	238.19745 -252.294247,234.313315 -256.794684
108	110	-1	0	1	0	0	234.313315 -256.794684,238.19745 -252.294247
108	138	-1	0	1	0	0	234.313315 -256.794684,240.642408 -264.959639
138	108	-1	0	1	0	0	240.642408 -264.959639,234.313315 -256.794684
116	110	-1	0	1	0	0	244.575628 -247.159119,238.19745 -252.294247
110	116	-1	0	1	0	0	238.19745 -252.294247,244.575628 -247.159119
112	114	-1	0	1	0	0	242.592643 -239.129976,238.936682 -232.36042
114	112	-1	0	1	0	0	238.936682 -232.36042,242.592643 -239.129976
116	112	-1	0	1	0	0	244.575628 -247.159119,242.592643 -239.129976
112	116	-1	0	1	0	0	242.592643 -239.129976,244.575628 -247.159119
114	118	-1	0	1	0	0	238.936682 -232.36042,235.04172 -225.470776
118	114	-1	0	1	0	0	235.04172 -225.470776,238.936682 -232.36042
138	116	-1	0	1	0	0	240.642408 -264.959639,244.575628 -247.159119
116	138	-1	0	1	0	0	244.575628 -247.159119,240.642408 -264.959639
118	120	-1	0	1	0	0	235.04172 -225.470776,255.016578 -197.700251
120	118	-1	0	1	0	0	255.016578 -197.700251,235.04172 -225.470776
130	122	-1	0	1	0	0	271.224261 -203.121752,261.65734 -199.584948
122	130	-1	0	1	0	0	261.65734 -199.584948,271.224261 -203.121752
140	122	-1	0	1	0	0	247.602136 -268.684881,261.65734 -199.584948
122	140	-1	0	1	0	0	261.65734 -199.584948,247.602136 -268.684881
126	124	-1	0	1	0	0	312.832113 -228.479806,308.124584 -221.867516
124	126	-1	0	1	0	0	308.124584 -221.867516,312.832113 -228.479806
132	124	-1	0	1	0	0	278.372266 -208.446287,308.124584 -221.867516
124	132	-1	0	1	0	0	308.124584 -221.867516,278.372266 -208.446287
128	126	-1	0	1	0	0	312.819535 -236.948634,312.832113 -228.479806
126	128	-1	0	1	0	0	312.832113 -228.479806,312.819535 -236.948634
134	126	-1	0	1	0	0	285.152785 -215.771487,312.832113 -228.479806
126	134	-1	0	1	0	0	312.832113 -228.479806,285.152785 -215.771487
136	128	-1	0	1	0	0	291.0072 -223.697563,312.819535 -236.948634
128	136	-1	0	1	0	0	312.819535 -236.948634,291.0072 -223.697563
148	128	-1	0	1	0	0	308.233435 -246.014334,312.819535 -236.948634
128	148	-1	0	1	0	0	312.819535 -236.948634,308.233435 -246.014334
132	130	-1	0	1	0	0	278.372266 -208.446287,271.224261 -203.121752
130	132	-1	0	1	0	0	271.224261 -203.121752,278.372266 -208.446287
134	132	-1	0	1	0	0	285.152785 -215.771487,278.372266 -208.446287
132	134	-1	0	1	0	0	278.372266 -208.446287,285.152785 -215.771487
136	134	-1	0	1	0	0	291.0072 -223.697563,285.152785 -215.771487
134	136	-1	0	1	0	0	285.152785 -215.771487,291.0072 -223.697563
142	136	-1	0	1	0	0	288.148412 -233.311061,291.0072 -223.697563
136	142	-1	0	1	0	0	291.0072 -223.697563,288.148412 -233.311061
140	138	-1	0	1	0	0	247.602136 -268.684881,240.642408 -264.959639
138	140	-1	0	1	0	0	240.642408 -264.959639,247.602136 -268.684881
138	190	-1	0	1	0	0	240.642408 -264.959639,236.694099 -270.159311
190	138	-1	0	1	0	0	236.694099 -270.159311,240.642408 -264.959639
140	144	-1	0	1	0	0	247.602136 -268.684881,256.177981 -271.721125
144	140	-1	0	1	0	0	256.177981 -271.721125,247.602136 -268.684881
142	144	-1	0	1	0	0	288.148412 -233.311061,256.177981 -271.721125
144	142	-1	0	1	0	0	256.177981 -271.721125,288.148412 -233.311061
142	146	-1	0	1	0	0	288.148412 -233.311061,301.530111 -244.754978
146	142	-1	0	1	0	0	301.530111 -244.754978,288.148412 -233.311061
144	152	-1	0	1	0	0	256.177981 -271.721125,267.631399 -280.282079
152	144	-1	0	1	0	0	267.631399 -280.282079,256.177981 -271.721125
146	148	-1	0	1	0	0	301.530111 -244.754978,308.233435 -246.014334
148	146	-1	0	1	0	0	308.233435 -246.014334,301.530111 -244.754978
146	152	-1	0	1	0	0	301.530111 -244.754978,267.631399 -280.282079
152	146	-1	0	1	0	0	267.631399 -280.282079,301.530111 -244.754978
148	150	-1	0	1	0	0	308.233435 -246.014334,304.47539 -253.320656
150	148	-1	0	1	0	0	304.47539 -253.320656,308.233435 -246.014334
150	154	-1	0	1	0	0	304.47539 -253.320656,274.24101 -283.917001
154	150	-1	0	1	0	0	274.24101 -283.917001,304.47539 -253.320656
152	154	-1	0	1	0	0	267.631399 -280.282079,274.24101 -283.917001
154	152	-1	0	1	0	0	274.24101 -283.917001,267.631399 -280.282079
154	156	-1	0	1	0	0	274.24101 -283.917001,271.274135 -293.403228
156	154	-1	0	1	0	0	271.274135 -293.403228,274.24101 -283.917001
156	190	-1	0	1	0	0	271.274135 -293.403228,236.694099 -270.159311
190	156	-1	0	1	0	0	236.694099 -270.159311,271.274135 -293.403228
1240	156	-1	0	1	0	0	272.759535 -294.819516,271.274135 -293.403228
156	1240	-1	0	1	0	0	271.274135 -293.403228,272.759535 -294.819516
160	192	-1	0	1	0	0	273.360283 -301.425769,234.643159 -278.380051
192	160	-1	0	1	0	0	234.643159 -278.380051,273.360283 -301.425769
160	1240	-1	0	1	0	0	273.360283 -301.425769,272.759535 -294.819516
1240	160	-1	0	1	0	0	272.759535 -294.819516,273.360283 -301.425769
10068	160	-1	0	1	0	0	297.503138 -331.953362,273.360283 -301.425769
160	10068	-1	0	1	0	0	273.360283 -301.425769,297.503138 -331.953362
166	170	-1	0	1	0	0	159.903447 -210.611245,154.452316 -223.362461
170	166	-1	0	1	0	0	154.452316 -223.362461,159.903447 -210.611245
166	172	-1	0	1	0	0	159.903447 -210.611245,154.268635 -214.722822
172	166	-1	0	1	0	0	154.268635 -214.722822,159.903447 -210.611245
424	166	-1	0	1	0	0	165.086231 -207.308085,159.903447 -210.611245
166	424	-1	0	1	0	0	159.903447 -210.611245,165.086231 -207.308085
170	176	-1	0	1	0	0	154.452316 -223.362461,151.361473 -232.885509
176	170	-1	0	1	0	0	151.361473 -232.885509,154.452316 -223.362461
172	176	-1	0	1	0	0	154.268635 -214.722822,151.361473 -232.885509
176	172	-1	0	1	0	0	151.361473 -232.885509,154.268635 -214.722822
172	178	-1	0	1	0	0	154.268635 -214.722822,149.249679 -220.442134
178	172	-1	0	1	0	0	149.249679 -220.442134,154.268635 -214.722822
176	230	-1	0	1	0	0	151.361473 -232.885509,148.501251 -241.003772
230	176	-1	0	1	0	0	148.501251 -241.003772,151.361473 -232.885509
178	180	-1	0	1	0	0	149.249679 -220.442134,138.630572 -223.97407
180	178	-1	0	1	0	0	138.630572 -223.97407,149.249679 -220.442134
178	182	-1	0	1	0	0	149.249679 -220.442134,151.560978 -227.300375
182	178	-1	0	1	0	0	151.560978 -227.300375,149.249679 -220.442134
180	184	-1	0	1	0	0	138.630572 -223.97407,140.983557 -230.881466
184	180	-1	0	1	0	0	140.983557 -230.881466,138.630572 -223.97407
278	180	-1	0	1	0	0	113.293434 -232.099396,138.630572 -223.97407
180	278	-1	0	1	0	0	138.630572 -223.97407,113.293434 -232.099396
182	184	-1	0	1	0	0	151.560978 -227.300375,140.983557 -230.881466
184	182	-1	0	1	0	0	140.983557 -230.881466,151.560978 -227.300375
182	186	-1	0	1	0	0	151.560978 -227.300375,149.671927 -236.819007
186	182	-1	0	1	0	0	149.671927 -236.819007,151.560978 -227.300375
184	188	-1	0	1	0	0	140.983557 -230.881466,139.328967 -240.544102
188	184	-1	0	1	0	0	139.328967 -240.544102,140.983557 -230.881466
186	188	-1	0	1	0	0	149.671927 -236.819007,139.328967 -240.544102
188	186	-1	0	1	0	0	139.328967 -240.544102,149.671927 -236.819007
186	230	-1	0	1	0	0	149.671927 -236.819007,148.501251 -241.003772
230	186	-1	0	1	0	0	148.501251 -241.003772,149.671927 -236.819007
188	248	-1	0	1	0	0	139.328967 -240.544102,137.990036 -244.580861
248	188	-1	0	1	0	0	137.990036 -244.580861,139.328967 -240.544102
190	194	-1	0	1	0	0	236.694099 -270.159311,232.288472 -274.717677
194	190	-1	0	1	0	0	232.288472 -274.717677,236.694099 -270.159311
194	192	-1	0	1	0	0	232.288472 -274.717677,234.643159 -278.380051
192	194	-1	0	1	0	0	234.643159 -278.380051,232.288472 -274.717677
192	206	-1	0	1	0	0	234.643159 -278.380051,209.081716 -279.331191
206	192	-1	0	1	0	0	209.081716 -279.331191,234.643159 -278.380051
194	202	-1	0	1	0	0	232.288472 -274.717677,212.231349 -274.514608
202	194	-1	0	1	0	0	212.231349 -274.514608,232.288472 -274.717677
212	198	-1	0	1	0	0	203.487166 -282.713367,217.170885 -303.400646
198	212	-1	0	1	0	0	217.170885 -303.400646,203.487166 -282.713367
200	214	-1	0	1	0	0	212.941706 -321.587654,199.519416 -299.865755
214	200	-1	0	1	0	0	199.519416 -299.865755,212.941706 -321.587654
204	202	-1	0	1	0	0	190.482115 -250.901564,212.231349 -274.514608
202	204	-1	0	1	0	0	212.231349 -274.514608,190.482115 -250.901564
202	206	-1	0	1	0	0	212.231349 -274.514608,209.081716 -279.331191
206	202	-1	0	1	0	0	209.081716 -279.331191,212.231349 -274.514608
204	208	-1	0	1	0	0	190.482115 -250.901564,195.665632 -260.757074
208	204	-1	0	1	0	0	195.665632 -260.757074,190.482115 -250.901564
224	204	-1	0	1	0	0	183.888726 -242.4259,190.482115 -250.901564
204	224	-1	0	1	0	0	190.482115 -250.901564,183.888726 -242.4259
208	206	-1	0	1	0	0	195.665632 -260.757074,209.081716 -279.331191
206	208	-1	0	1	0	0	209.081716 -279.331191,195.665632 -260.757074
206	212	-1	0	1	0	0	209.081716 -279.331191,203.487166 -282.713367
212	206	-1	0	1	0	0	203.487166 -282.713367,209.081716 -279.331191
208	210	-1	0	1	0	0	195.665632 -260.757074,193.134979 -267.211947
210	208	-1	0	1	0	0	193.134979 -267.211947,195.665632 -260.757074
210	212	-1	0	1	0	0	193.134979 -267.211947,203.487166 -282.713367
212	210	-1	0	1	0	0	203.487166 -282.713367,193.134979 -267.211947
210	218	-1	0	1	0	0	193.134979 -267.211947,184.615833 -273.075208
218	210	-1	0	1	0	0	184.615833 -273.075208,193.134979 -267.211947
210	226	-1	0	1	0	0	193.134979 -267.211947,186.432964 -260.199586
226	210	-1	0	1	0	0	186.432964 -260.199586,193.134979 -267.211947
212	218	-1	0	1	0	0	203.487166 -282.713367,184.615833 -273.075208
218	212	-1	0	1	0	0	184.615833 -273.075208,203.487166 -282.713367
212	1232	-1	0	1	0	0	203.487166 -282.713367,206.305686 -288.012068
1232	212	-1	0	1	0	0	206.305686 -288.012068,203.487166 -282.713367
216	214	-1	0	1	0	0	206.08375 -292.96439,199.519416 -299.865755
214	216	-1	0	1	0	0	199.519416 -299.865755,206.08375 -292.96439
214	222	-1	0	1	0	0	199.519416 -299.865755,185.077799 -291.03845
222	214	-1	0	1	0	0	185.077799 -291.03845,199.519416 -299.865755
216	220	-1	0	1	0	0	206.08375 -292.96439,189.916314 -283.913685
220	216	-1	0	1	0	0	189.916314 -283.913685,206.08375 -292.96439
1232	216	-1	0	1	0	0	206.305686 -288.012068,206.08375 -292.96439
216	1232	-1	0	1	0	0	206.08375 -292.96439,206.305686 -288.012068
218	220	-1	0	1	0	0	184.615833 -273.075208,189.916314 -283.913685
220	218	-1	0	1	0	0	189.916314 -283.913685,184.615833 -273.075208
218	232	-1	0	1	0	0	184.615833 -273.075208,177.929752 -266.263863
232	218	-1	0	1	0	0	177.929752 -266.263863,184.615833 -273.075208
220	222	-1	0	1	0	0	189.916314 -283.913685,185.077799 -291.03845
222	220	-1	0	1	0	0	185.077799 -291.03845,189.916314 -283.913685
222	228	-1	0	1	0	0	185.077799 -291.03845,178.457916 -287.119187
228	222	-1	0	1	0	0	178.457916 -287.119187,185.077799 -291.03845
224	226	-1	0	1	0	0	183.888726 -242.4259,186.432964 -260.199586
226	224	-1	0	1	0	0	186.432964 -260.199586,183.888726 -242.4259
1244	224	-1	0	1	0	0	177.378498 -234.55004,183.888726 -242.4259
224	1244	-1	0	1	0	0	183.888726 -242.4259,177.378498 -234.55004
226	232	-1	0	1	0	0	186.432964 -260.199586,177.929752 -266.263863
232	226	-1	0	1	0	0	177.929752 -266.263863,186.432964 -260.199586
228	232	-1	0	1	0	0	178.457916 -287.119187,177.929752 -266.263863
232	228	-1	0	1	0	0	177.929752 -266.263863,178.457916 -287.119187
238	228	-1	0	1	0	0	170.976293 -285.449373,178.457916 -287.119187
228	238	-1	0	1	0	0	178.457916 -287.119187,170.976293 -285.449373
230	246	-1	0	1	0	0	148.501251 -241.003772,155.886311 -245.246769
246	230	-1	0	1	0	0	155.886311 -245.246769,148.501251 -241.003772
248	230	-1	0	1	0	0	137.990036 -244.580861,148.501251 -241.003772
230	248	-1	0	1	0	0	148.501251 -241.003772,137.990036 -244.580861
232	242	-1	0	1	0	0	177.929752 -266.263863,166.48788 -263.207433
242	232	-1	0	1	0	0	166.48788 -263.207433,177.929752 -266.263863
236	238	-1	0	1	0	0	169.952033 -279.244112,170.976293 -285.449373
238	236	-1	0	1	0	0	170.976293 -285.449373,169.952033 -279.244112
240	236	-1	0	1	0	0	170.986379 -272.245395,169.952033 -279.244112
236	240	-1	0	1	0	0	169.952033 -279.244112,170.986379 -272.245395
1236	236	-1	0	1	0	0	150.31382 -290.504074,169.952033 -279.244112
236	1236	-1	0	1	0	0	169.952033 -279.244112,150.31382 -290.504074
238	252	-1	0	1	0	0	170.976293 -285.449373,152.39459 -294.461732
252	238	-1	0	1	0	0	152.39459 -294.461732,170.976293 -285.449373
242	240	-1	0	1	0	0	166.48788 -263.207433,170.986379 -272.245395
240	242	-1	0	1	0	0	170.986379 -272.245395,166.48788 -263.207433
240	254	-1	0	1	0	0	170.986379 -272.245395,148.30843 -287.005353
254	240	-1	0	1	0	0	148.30843 -287.005353,170.986379 -272.245395
244	242	-1	0	1	0	0	161.393522 -254.80758,166.48788 -263.207433
242	244	-1	0	1	0	0	166.48788 -263.207433,161.393522 -254.80758
242	256	-1	0	1	0	0	166.48788 -263.207433,143.755741 -276.685091
256	242	-1	0	1	0	0	143.755741 -276.685091,166.48788 -263.207433
246	244	-1	0	1	0	0	155.886311 -245.246769,161.393522 -254.80758
244	246	-1	0	1	0	0	161.393522 -254.80758,155.886311 -245.246769
244	264	-1	0	1	0	0	161.393522 -254.80758,138.700678 -266.803648
264	244	-1	0	1	0	0	138.700678 -266.803648,161.393522 -254.80758
246	266	-1	0	1	0	0	155.886311 -245.246769,133.242763 -256.082096
266	246	-1	0	1	0	0	133.242763 -256.082096,155.886311 -245.246769
1244	246	-1	0	1	0	0	177.378498 -234.55004,155.886311 -245.246769
246	1244	-1	0	1	0	0	155.886311 -245.246769,177.378498 -234.55004
250	248	-1	0	1	0	0	125.781347 -251.022702,137.990036 -244.580861
248	250	-1	0	1	0	0	137.990036 -244.580861,125.781347 -251.022702
250	266	-1	0	1	0	0	125.781347 -251.022702,133.242763 -256.082096
266	250	-1	0	1	0	0	133.242763 -256.082096,125.781347 -251.022702
280	250	-1	0	1	0	0	115.735437 -253.311159,125.781347 -251.022702
250	280	-1	0	1	0	0	125.781347 -251.022702,115.735437 -253.311159
252	260	-1	0	1	0	0	152.39459 -294.461732,142.737796 -297.561874
260	252	-1	0	1	0	0	142.737796 -297.561874,152.39459 -294.461732
1236	252	-1	0	1	0	0	150.31382 -290.504074,152.39459 -294.461732
252	1236	-1	0	1	0	0	152.39459 -294.461732,150.31382 -290.504074
256	254	-1	0	1	0	0	143.755741 -276.685091,148.30843 -287.005353
254	256	-1	0	1	0	0	148.30843 -287.005353,143.755741 -276.685091
254	1236	-1	0	1	0	0	148.30843 -287.005353,150.31382 -290.504074
1236	254	-1	0	1	0	0	150.31382 -290.504074,148.30843 -287.005353
256	262	-1	0	1	0	0	143.755741 -276.685091,135.931343 -280.990924
262	256	-1	0	1	0	0	135.931343 -280.990924,143.755741 -276.685091
264	256	-1	0	1	0	0	138.700678 -266.803648,143.755741 -276.685091
256	264	-1	0	1	0	0	143.755741 -276.685091,138.700678 -266.803648
260	262	-1	0	1	0	0	142.737796 -297.561874,135.931343 -280.990924
262	260	-1	0	1	0	0	135.931343 -280.990924,142.737796 -297.561874
268	260	-1	0	1	0	0	121.64242 -306.429227,142.737796 -297.561874
260	268	-1	0	1	0	0	142.737796 -297.561874,121.64242 -306.429227
262	270	-1	0	1	0	0	135.931343 -280.990924,112.942213 -286.525517
270	262	-1	0	1	0	0	112.942213 -286.525517,135.931343 -280.990924
266	264	-1	0	1	0	0	133.242763 -256.082096,138.700678 -266.803648
264	266	-1	0	1	0	0	138.700678 -266.803648,133.242763 -256.082096
264	272	-1	0	1	0	0	138.700678 -266.803648,108.103369 -277.597458
272	264	-1	0	1	0	0	108.103369 -277.597458,138.700678 -266.803648
274	266	-1	0	1	0	0	103.340988 -266.776311,133.242763 -256.082096
266	274	-1	0	1	0	0	133.242763 -256.082096,103.340988 -266.776311
270	268	-1	0	1	0	0	112.942213 -286.525517,121.64242 -306.429227
268	270	-1	0	1	0	0	121.64242 -306.429227,112.942213 -286.525517
268	360	-1	0	1	0	0	121.64242 -306.429227,117.145189 -314.538499
360	268	-1	0	1	0	0	117.145189 -314.538499,121.64242 -306.429227
270	272	-1	0	1	0	0	112.942213 -286.525517,108.103369 -277.597458
272	270	-1	0	1	0	0	108.103369 -277.597458,112.942213 -286.525517
274	272	-1	0	1	0	0	103.340988 -266.776311,108.103369 -277.597458
272	274	-1	0	1	0	0	108.103369 -277.597458,103.340988 -266.776311
272	276	-1	0	1	0	0	108.103369 -277.597458,101.645202 -280.145008
276	272	-1	0	1	0	0	101.645202 -280.145008,108.103369 -277.597458
292	274	-1	0	1	0	0	96.390126 -260.592068,103.340988 -266.776311
274	292	-1	0	1	0	0	103.340988 -266.776311,96.390126 -260.592068
336	274	-1	0	1	0	0	90.199834 -271.741137,103.340988 -266.776311
274	336	-1	0	1	0	0	103.340988 -266.776311,90.199834 -271.741137
276	354	-1	0	1	0	0	101.645202 -280.145008,94.799137 -281.248819
354	276	-1	0	1	0	0	94.799137 -281.248819,101.645202 -280.145008
276	360	-1	0	1	0	0	101.645202 -280.145008,117.145189 -314.538499
360	276	-1	0	1	0	0	117.145189 -314.538499,101.645202 -280.145008
278	280	-1	0	1	0	0	113.293434 -232.099396,115.735437 -253.311159
280	278	-1	0	1	0	0	115.735437 -253.311159,113.293434 -232.099396
282	278	-1	0	1	0	0	106.721146 -234.51959,113.293434 -232.099396
278	282	-1	0	1	0	0	113.293434 -232.099396,106.721146 -234.51959
284	280	-1	0	1	0	0	109.136153 -255.269571,115.735437 -253.311159
280	284	-1	0	1	0	0	115.735437 -253.311159,109.136153 -255.269571
282	284	-1	0	1	0	0	106.721146 -234.51959,109.136153 -255.269571
284	282	-1	0	1	0	0	109.136153 -255.269571,106.721146 -234.51959
286	282	-1	0	1	0	0	100.314635 -237.527804,106.721146 -234.51959
282	286	-1	0	1	0	0	106.721146 -234.51959,100.314635 -237.527804
288	284	-1	0	1	0	0	102.660356 -257.672205,109.136153 -255.269571
284	288	-1	0	1	0	0	109.136153 -255.269571,102.660356 -257.672205
286	288	-1	0	1	0	0	100.314635 -237.527804,102.660356 -257.672205
288	286	-1	0	1	0	0	102.660356 -257.672205,100.314635 -237.527804
290	286	-1	0	1	0	0	94.18685 -241.391524,100.314635 -237.527804
286	290	-1	0	1	0	0	100.314635 -237.527804,94.18685 -241.391524
292	288	-1	0	1	0	0	96.390126 -260.592068,102.660356 -257.672205
288	292	-1	0	1	0	0	102.660356 -257.672205,96.390126 -260.592068
290	292	-1	0	1	0	0	94.18685 -241.391524,96.390126 -260.592068
292	290	-1	0	1	0	0	96.390126 -260.592068,94.18685 -241.391524
294	290	-1	0	1	0	0	86.999095 -246.727109,94.18685 -241.391524
290	294	-1	0	1	0	0	94.18685 -241.391524,86.999095 -246.727109
306	292	-1	0	1	0	0	89.757996 -262.387642,96.390126 -260.592068
292	306	-1	0	1	0	0	96.390126 -260.592068,89.757996 -262.387642
294	304	-1	0	1	0	0	86.999095 -246.727109,87.177324 -254.259595
304	294	-1	0	1	0	0	87.177324 -254.259595,86.999095 -246.727109
294	316	-1	0	1	0	0	86.999095 -246.727109,78.617072 -248.516277
316	294	-1	0	1	0	0	78.617072 -248.516277,86.999095 -246.727109
300	302	-1	0	1	0	0	68.673921 -267.657651,56.762267 -272.710136
302	300	-1	0	1	0	0	56.762267 -272.710136,68.673921 -267.657651
308	300	-1	0	1	0	0	81.796373 -260.267558,68.673921 -267.657651
300	308	-1	0	1	0	0	68.673921 -267.657651,81.796373 -260.267558
310	300	-1	0	1	0	0	83.473404 -265.152627,68.673921 -267.657651
300	310	-1	0	1	0	0	68.673921 -267.657651,83.473404 -265.152627
312	300	-1	0	1	0	0	65.532995 -266.416043,68.673921 -267.657651
300	312	-1	0	1	0	0	68.673921 -267.657651,65.532995 -266.416043
312	302	-1	0	1	0	0	65.532995 -266.416043,56.762267 -272.710136
302	312	-1	0	1	0	0	56.762267 -272.710136,65.532995 -266.416043
316	302	-1	0	1	0	0	78.617072 -248.516277,56.762267 -272.710136
302	316	-1	0	1	0	0	56.762267 -272.710136,78.617072 -248.516277
1252	302	-1	0	1	0	0	56.051277 -273.201052,56.762267 -272.710136
302	1252	-1	0	1	0	0	56.762267 -272.710136,56.051277 -273.201052
304	306	-1	0	1	0	0	87.177324 -254.259595,89.757996 -262.387642
306	304	-1	0	1	0	0	89.757996 -262.387642,87.177324 -254.259595
304	308	-1	0	1	0	0	87.177324 -254.259595,81.796373 -260.267558
308	304	-1	0	1	0	0	81.796373 -260.267558,87.177324 -254.259595
310	306	-1	0	1	0	0	83.473404 -265.152627,89.757996 -262.387642
306	310	-1	0	1	0	0	89.757996 -262.387642,83.473404 -265.152627
308	310	-1	0	1	0	0	81.796373 -260.267558,83.473404 -265.152627
310	308	-1	0	1	0	0	83.473404 -265.152627,81.796373 -260.267558
310	336	-1	0	1	0	0	83.473404 -265.152627,90.199834 -271.741137
336	310	-1	0	1	0	0	90.199834 -271.741137,83.473404 -265.152627
316	312	-1	0	1	0	0	78.617072 -248.516277,65.532995 -266.416043
312	316	-1	0	1	0	0	65.532995 -266.416043,78.617072 -248.516277
326	330	-1	0	1	0	0	81.378723 -314.563311,90.829514 -329.688428
330	326	-1	0	1	0	0	90.829514 -329.688428,81.378723 -314.563311
356	326	-1	0	1	0	0	77.09262 -309.165782,81.378723 -314.563311
326	356	-1	0	1	0	0	81.378723 -314.563311,77.09262 -309.165782
326	358	-1	0	1	0	0	81.378723 -314.563311,88.650044 -313.518102
358	326	-1	0	1	0	0	88.650044 -313.518102,81.378723 -314.563311
330	334	-1	0	1	0	0	90.829514 -329.688428,95.127873 -311.448874
334	330	-1	0	1	0	0	95.127873 -311.448874,90.829514 -329.688428
334	354	-1	0	1	0	0	95.127873 -311.448874,94.799137 -281.248819
354	334	-1	0	1	0	0	94.799137 -281.248819,95.127873 -311.448874
358	334	-1	0	1	0	0	88.650044 -313.518102,95.127873 -311.448874
334	358	-1	0	1	0	0	95.127873 -311.448874,88.650044 -313.518102
338	336	-1	0	1	0	0	61.587894 -279.758932,90.199834 -271.741137
336	338	-1	0	1	0	0	90.199834 -271.741137,61.587894 -279.758932
336	354	-1	0	1	0	0	90.199834 -271.741137,94.799137 -281.248819
354	336	-1	0	1	0	0	94.799137 -281.248819,90.199834 -271.741137
338	342	-1	0	1	0	0	61.587894 -279.758932,65.55319 -289.070281
342	338	-1	0	1	0	0	65.55319 -289.070281,61.587894 -279.758932
338	384	-1	0	1	0	0	61.587894 -279.758932,62.445765 -284.076433
384	338	-1	0	1	0	0	62.445765 -284.076433,61.587894 -279.758932
1252	338	-1	0	1	0	0	56.051277 -273.201052,61.587894 -279.758932
338	1252	-1	0	1	0	0	61.587894 -279.758932,56.051277 -273.201052
342	340	-1	0	1	0	0	65.55319 -289.070281,70.35563 -306.538098
340	342	-1	0	1	0	0	70.35563 -306.538098,65.55319 -289.070281
340	356	-1	0	1	0	0	70.35563 -306.538098,77.09262 -309.165782
356	340	-1	0	1	0	0	77.09262 -309.165782,70.35563 -306.538098
340	364	-1	0	1	0	0	70.35563 -306.538098,74.184467 -316.277702
364	340	-1	0	1	0	0	74.184467 -316.277702,70.35563 -306.538098
342	344	-1	0	1	0	0	65.55319 -289.070281,72.212609 -291.008279
344	342	-1	0	1	0	0	72.212609 -291.008279,65.55319 -289.070281
348	344	-1	0	1	0	0	83.009693 -287.527033,72.212609 -291.008279
344	348	-1	0	1	0	0	72.212609 -291.008279,83.009693 -287.527033
344	356	-1	0	1	0	0	72.212609 -291.008279,77.09262 -309.165782
356	344	-1	0	1	0	0	77.09262 -309.165782,72.212609 -291.008279
354	348	-1	0	1	0	0	94.799137 -281.248819,83.009693 -287.527033
348	354	-1	0	1	0	0	83.009693 -287.527033,94.799137 -281.248819
358	362	-1	0	1	0	0	88.650044 -313.518102,93.519323 -321.117727
362	358	-1	0	1	0	0	93.519323 -321.117727,88.650044 -313.518102
360	362	-1	0	1	0	0	117.145189 -314.538499,93.519323 -321.117727
362	360	-1	0	1	0	0	93.519323 -321.117727,117.145189 -314.538499
360	10102	-1	0	1	0	0	117.145189 -314.538499,132.379176 -357.535626
10102	360	-1	0	1	0	0	132.379176 -357.535626,117.145189 -314.538499
362	364	-1	0	1	0	0	93.519323 -321.117727,74.184467 -316.277702
364	362	-1	0	1	0	0	74.184467 -316.277702,93.519323 -321.117727
364	380	-1	0	1	0	0	74.184467 -316.277702,75.85929 -323.381749
380	364	-1	0	1	0	0	75.85929 -323.381749,74.184467 -316.277702
368	370	-1	0	1	0	0	65.184106 -295.790133,70.847576 -313.397616
370	368	-1	0	1	0	0	70.847576 -313.397616,65.184106 -295.790133
368	372	-1	0	1	0	0	65.184106 -295.790133,67.244646 -306.630093
372	368	-1	0	1	0	0	67.244646 -306.630093,65.184106 -295.790133
384	368	-1	0	1	0	0	62.445765 -284.076433,65.184106 -295.790133
368	384	-1	0	1	0	0	65.184106 -295.790133,62.445765 -284.076433
370	376	-1	0	1	0	0	70.847576 -313.397616,72.700324 -323.140434
376	370	-1	0	1	0	0	72.700324 -323.140434,70.847576 -313.397616
380	370	-1	0	1	0	0	75.85929 -323.381749,70.847576 -313.397616
370	380	-1	0	1	0	0	70.847576 -313.397616,75.85929 -323.381749
372	374	-1	0	1	0	0	67.244646 -306.630093,74.636885 -339.729774
374	372	-1	0	1	0	0	74.636885 -339.729774,67.244646 -306.630093
372	376	-1	0	1	0	0	67.244646 -306.630093,72.700324 -323.140434
376	372	-1	0	1	0	0	72.700324 -323.140434,67.244646 -306.630093
374	378	-1	0	1	0	0	74.636885 -339.729774,78.653549 -349.938303
378	374	-1	0	1	0	0	78.653549 -349.938303,74.636885 -339.729774
386	374	-1	0	1	0	0	71.112489 -328.070282,74.636885 -339.729774
374	386	-1	0	1	0	0	74.636885 -339.729774,71.112489 -328.070282
376	378	-1	0	1	0	0	72.700324 -323.140434,78.653549 -349.938303
378	376	-1	0	1	0	0	78.653549 -349.938303,72.700324 -323.140434
378	382	-1	0	1	0	0	78.653549 -349.938303,83.035924 -358.122948
382	378	-1	0	1	0	0	83.035924 -358.122948,78.653549 -349.938303
380	382	-1	0	1	0	0	75.85929 -323.381749,83.035924 -358.122948
382	380	-1	0	1	0	0	83.035924 -358.122948,75.85929 -323.381749
384	386	-1	0	1	0	0	62.445765 -284.076433,71.112489 -328.070282
386	384	-1	0	1	0	0	71.112489 -328.070282,62.445765 -284.076433
388	384	-1	0	1	0	0	64.16997 -293.161662,62.445765 -284.076433
384	388	-1	0	1	0	0	62.445765 -284.076433,64.16997 -293.161662
390	386	-1	0	1	0	0	74.079943 -340.616673,71.112489 -328.070282
386	390	-1	0	1	0	0	71.112489 -328.070282,74.079943 -340.616673
388	390	-1	0	1	0	0	64.16997 -293.161662,74.079943 -340.616673
390	388	-1	0	1	0	0	74.079943 -340.616673,64.16997 -293.161662
392	388	-1	0	1	0	0	65.989666 -302.895528,64.16997 -293.161662
388	392	-1	0	1	0	0	64.16997 -293.161662,65.989666 -302.895528
396	390	-1	0	1	0	0	76.159477 -349.448506,74.079943 -340.616673
390	396	-1	0	1	0	0	74.079943 -340.616673,76.159477 -349.448506
392	396	-1	0	1	0	0	65.989666 -302.895528,76.159477 -349.448506
396	392	-1	0	1	0	0	76.159477 -349.448506,65.989666 -302.895528
400	410	-1	0	1	0	0	191.717883 -210.311981,183.094773 -207.006584
410	400	-1	0	1	0	0	183.094773 -207.006584,191.717883 -210.311981
400	414	-1	0	1	0	0	191.717883 -210.311981,193.370112 -179.55755
414	400	-1	0	1	0	0	193.370112 -179.55755,191.717883 -210.311981
416	400	-1	0	1	0	0	193.63477 -213.236148,191.717883 -210.311981
400	416	-1	0	1	0	0	191.717883 -210.311981,193.63477 -213.236148
410	418	-1	0	1	0	0	183.094773 -207.006584,178.699767 -183.526678
418	410	-1	0	1	0	0	178.699767 -183.526678,183.094773 -207.006584
424	410	-1	0	1	0	0	165.086231 -207.308085,183.094773 -207.006584
410	424	-1	0	1	0	0	183.094773 -207.006584,165.086231 -207.308085
414	418	-1	0	1	0	0	193.370112 -179.55755,178.699767 -183.526678
418	414	-1	0	1	0	0	178.699767 -183.526678,193.370112 -179.55755
1184	414	-1	0	1	0	0	199.467415 -174.625837,193.370112 -179.55755
414	1184	-1	0	1	0	0	193.370112 -179.55755,199.467415 -174.625837
1192	416	-1	0	1	0	0	206.371385 -196.397394,193.63477 -213.236148
416	1192	-1	0	1	0	0	193.63477 -213.236148,206.371385 -196.397394
418	424	-1	0	1	0	0	178.699767 -183.526678,165.086231 -207.308085
424	418	-1	0	1	0	0	165.086231 -207.308085,178.699767 -183.526678
426	430	-1	0	1	0	0	227.708474 -123.931029,232.173301 -108.777738
430	426	-1	0	1	0	0	232.173301 -108.777738,227.708474 -123.931029
426	444	-1	0	1	0	0	227.708474 -123.931029,231.327908 -111.018704
444	426	-1	0	1	0	0	231.327908 -111.018704,227.708474 -123.931029
1066	426	-1	0	1	0	0	247.827709 -100.365083,227.708474 -123.931029
426	1066	-1	0	1	0	0	227.708474 -123.931029,247.827709 -100.365083
1088	426	-1	0	1	0	0	225.6011 -131.786063,227.708474 -123.931029
426	1088	-1	0	1	0	0	227.708474 -123.931029,225.6011 -131.786063
436	438	-1	0	1	0	0	251.799409 -78.672564,244.713983 -83.800752
438	436	-1	0	1	0	0	244.713983 -83.800752,251.799409 -78.672564
450	436	-1	0	1	0	0	244.226573 -81.999158,251.799409 -78.672564
436	450	-1	0	1	0	0	251.799409 -78.672564,244.226573 -81.999158
456	436	-1	0	1	0	0	255.895152 -82.932777,251.799409 -78.672564
436	456	-1	0	1	0	0	251.799409 -78.672564,255.895152 -82.932777
438	440	-1	0	1	0	0	244.713983 -83.800752,239.290168 -89.963552
440	438	-1	0	1	0	0	239.290168 -89.963552,244.713983 -83.800752
438	450	-1	0	1	0	0	244.713983 -83.800752,244.226573 -81.999158
450	438	-1	0	1	0	0	244.226573 -81.999158,244.713983 -83.800752
440	448	-1	0	1	0	0	239.290168 -89.963552,239.412622 -88.864342
448	440	-1	0	1	0	0	239.412622 -88.864342,239.290168 -89.963552
440	460	-1	0	1	0	0	239.290168 -89.963552,234.52817 -100.928119
460	440	-1	0	1	0	0	234.52817 -100.928119,239.290168 -89.963552
444	448	-1	0	1	0	0	231.327908 -111.018704,239.412622 -88.864342
448	444	-1	0	1	0	0	239.412622 -88.864342,231.327908 -111.018704
460	444	-1	0	1	0	0	234.52817 -100.928119,231.327908 -111.018704
444	460	-1	0	1	0	0	231.327908 -111.018704,234.52817 -100.928119
448	450	-1	0	1	0	0	239.412622 -88.864342,244.226573 -81.999158
450	448	-1	0	1	0	0	244.226573 -81.999158,239.412622 -88.864342
454	456	-1	0	1	0	0	253.493421 -88.009772,255.895152 -82.932777
456	454	-1	0	1	0	0	255.895152 -82.932777,253.493421 -88.009772
454	1066	-1	0	1	0	0	253.493421 -88.009772,247.827709 -100.365083
1066	454	-1	0	1	0	0	247.827709 -100.365083,253.493421 -88.009772
472	456	-1	0	1	0	0	259.166182 -77.357127,255.895152 -82.932777
456	472	-1	0	1	0	0	255.895152 -82.932777,259.166182 -77.357127
460	474	-1	0	1	0	0	234.52817 -100.928119,265.440833 -58.058854
474	460	-1	0	1	0	0	265.440833 -58.058854,234.52817 -100.928119
472	474	-1	0	1	0	0	259.166182 -77.357127,265.440833 -58.058854
474	472	-1	0	1	0	0	265.440833 -58.058854,259.166182 -77.357127
482	1064	-1	0	1	0	0	-51.414572 -272.32405,-49.454929 -272.345597
1064	482	-1	0	1	0	0	-49.454929 -272.345597,-51.414572 -272.32405
1060	484	-1	0	1	0	0	-60.816696 -262.475079,-67.922117 -255.542495
484	1060	-1	0	1	0	0	-67.922117 -255.542495,-60.816696 -262.475079
810	492	-1	0	1	0	0	-60.996948 -260.672381,-64.513153 -261.373618
492	810	-1	0	1	0	0	-64.513153 -261.373618,-60.996948 -260.672381
492	836	-1	0	1	0	0	-64.513153 -261.373618,-68.455312 -258.328019
836	492	-1	0	1	0	0	-68.455312 -258.328019,-64.513153 -261.373618
1058	492	-1	0	1	0	0	-66.821527 -262.771225,-64.513153 -261.373618
492	1058	-1	0	1	0	0	-64.513153 -261.373618,-66.821527 -262.771225
510	512	-1	0	1	0	0	-30.18758 -307.259603,-37.830242 -302.026324
512	510	-1	0	1	0	0	-37.830242 -302.026324,-30.18758 -307.259603
510	726	-1	0	1	0	0	-30.18758 -307.259603,-32.707168 -310.301833
726	510	-1	0	1	0	0	-32.707168 -310.301833,-30.18758 -307.259603
730	510	-1	0	1	0	0	-21.814993 -312.183991,-30.18758 -307.259603
510	730	-1	0	1	0	0	-30.18758 -307.259603,-21.814993 -312.183991
734	510	-1	0	1	0	0	-25.484546 -298.42827,-30.18758 -307.259603
510	734	-1	0	1	0	0	-30.18758 -307.259603,-25.484546 -298.42827
512	518	-1	0	1	0	0	-37.830242 -302.026324,-38.919585 -304.024025
518	512	-1	0	1	0	0	-38.919585 -304.024025,-37.830242 -302.026324
750	512	-1	0	1	0	0	-31.602758 -286.30721,-37.830242 -302.026324
512	750	-1	0	1	0	0	-37.830242 -302.026324,-31.602758 -286.30721
518	550	-1	0	1	0	0	-38.919585 -304.024025,-40.827598 -313.316557
550	518	-1	0	1	0	0	-40.827598 -313.316557,-38.919585 -304.024025
728	518	-1	0	1	0	0	-37.25445 -307.631588,-38.919585 -304.024025
518	728	-1	0	1	0	0	-38.919585 -304.024025,-37.25445 -307.631588
520	522	-1	0	1	0	0	36.413163 -272.553391,8.326525 -273.391702
522	520	-1	0	1	0	0	8.326525 -273.391702,36.413163 -272.553391
520	1252	-1	0	1	0	0	36.413163 -272.553391,56.051277 -273.201052
1252	520	-1	0	1	0	0	56.051277 -273.201052,36.413163 -272.553391
522	524	-1	0	1	0	0	8.326525 -273.391702,3.215588 -273.634562
524	522	-1	0	1	0	0	3.215588 -273.634562,8.326525 -273.391702
524	526	-1	0	1	0	0	3.215588 -273.634562,-10.261749 -289.032407
526	524	-1	0	1	0	0	-10.261749 -289.032407,3.215588 -273.634562
770	524	-1	0	1	0	0	1.600726 -273.371646,3.215588 -273.634562
524	770	-1	0	1	0	0	3.215588 -273.634562,1.600726 -273.371646
526	528	-1	0	1	0	0	-10.261749 -289.032407,-20.082005 -312.834157
528	526	-1	0	1	0	0	-20.082005 -312.834157,-10.261749 -289.032407
526	732	-1	0	1	0	0	-10.261749 -289.032407,-11.936559 -288.618044
732	526	-1	0	1	0	0	-11.936559 -288.618044,-10.261749 -289.032407
528	530	-1	0	1	0	0	-20.082005 -312.834157,-33.837947 -350.537093
530	528	-1	0	1	0	0	-33.837947 -350.537093,-20.082005 -312.834157
528	730	-1	0	1	0	0	-20.082005 -312.834157,-21.814993 -312.183991
730	528	-1	0	1	0	0	-21.814993 -312.183991,-20.082005 -312.834157
530	544	-1	0	1	0	0	-33.837947 -350.537093,-62.479332 -356.977794
544	530	-1	0	1	0	0	-62.479332 -356.977794,-33.837947 -350.537093
544	594	-1	0	1	0	0	-62.479332 -356.977794,-89.927927 -394.745497
594	544	-1	0	1	0	0	-89.927927 -394.745497,-62.479332 -356.977794
544	704	-1	0	1	0	0	-62.479332 -356.977794,-62.941826 -355.413168
704	544	-1	0	1	0	0	-62.941826 -355.413168,-62.479332 -356.977794
714	548	-1	0	1	0	0	-49.170794 -321.309139,-50.326649 -326.430426
548	714	-1	0	1	0	0	-50.326649 -326.430426,-49.170794 -321.309139
554	646	-1	0	1	0	0	-191.592504 -340.125785,-166.106614 -384.073875
646	554	-1	0	1	0	0	-166.106614 -384.073875,-191.592504 -340.125785
992	554	-1	0	1	0	0	-185.487677 -328.900174,-191.592504 -340.125785
554	992	-1	0	1	0	0	-191.592504 -340.125785,-185.487677 -328.900174
560	562	-1	0	1	0	0	-137.534285 -381.434243,-139.536384 -387.802062
562	560	-1	0	1	0	0	-139.536384 -387.802062,-137.534285 -381.434243
560	570	-1	0	1	0	0	-137.534285 -381.434243,-136.324846 -382.361782
570	560	-1	0	1	0	0	-136.324846 -382.361782,-137.534285 -381.434243
576	560	-1	0	1	0	0	-142.503472 -376.934988,-137.534285 -381.434243
560	576	-1	0	1	0	0	-137.534285 -381.434243,-142.503472 -376.934988
562	566	-1	0	1	0	0	-139.536384 -387.802062,-142.382005 -392.559987
566	562	-1	0	1	0	0	-142.382005 -392.559987,-139.536384 -387.802062
570	562	-1	0	1	0	0	-136.324846 -382.361782,-139.536384 -387.802062
562	570	-1	0	1	0	0	-139.536384 -387.802062,-136.324846 -382.361782
570	578	-1	0	1	0	0	-136.324846 -382.361782,-124.343141 -390.118762
578	570	-1	0	1	0	0	-124.343141 -390.118762,-136.324846 -382.361782
580	576	-1	0	1	0	0	-126.66314 -388.80087,-142.503472 -376.934988
576	580	-1	0	1	0	0	-142.503472 -376.934988,-126.66314 -388.80087
628	576	-1	0	1	0	0	-144.812107 -374.946475,-142.503472 -376.934988
576	628	-1	0	1	0	0	-142.503472 -376.934988,-144.812107 -374.946475
578	580	-1	0	1	0	0	-124.343141 -390.118762,-126.66314 -388.80087
580	578	-1	0	1	0	0	-126.66314 -388.80087,-124.343141 -390.118762
582	578	-1	0	1	0	0	-112.179739 -396.25254,-124.343141 -390.118762
578	582	-1	0	1	0	0	-124.343141 -390.118762,-112.179739 -396.25254
580	588	-1	0	1	0	0	-126.66314 -388.80087,-132.412827 -404.690594
588	580	-1	0	1	0	0	-132.412827 -404.690594,-126.66314 -388.80087
586	582	-1	0	1	0	0	-127.622622 -408.568034,-112.179739 -396.25254
582	586	-1	0	1	0	0	-112.179739 -396.25254,-127.622622 -408.568034
594	582	-1	0	1	0	0	-89.927927 -394.745497,-112.179739 -396.25254
582	594	-1	0	1	0	0	-112.179739 -396.25254,-89.927927 -394.745497
588	586	-1	0	1	0	0	-132.412827 -404.690594,-127.622622 -408.568034
586	588	-1	0	1	0	0	-127.622622 -408.568034,-132.412827 -404.690594
600	586	-1	0	1	0	0	-128.86584 -418.380075,-127.622622 -408.568034
586	600	-1	0	1	0	0	-127.622622 -408.568034,-128.86584 -418.380075
590	588	-1	0	1	0	0	-143.117196 -403.364895,-132.412827 -404.690594
588	590	-1	0	1	0	0	-132.412827 -404.690594,-143.117196 -403.364895
592	590	-1	0	1	0	0	-139.510668 -417.901671,-143.117196 -403.364895
590	592	-1	0	1	0	0	-143.117196 -403.364895,-139.510668 -417.901671
590	630	-1	0	1	0	0	-143.117196 -403.364895,-147.89992 -376.405234
630	590	-1	0	1	0	0	-147.89992 -376.405234,-143.117196 -403.364895
600	592	-1	0	1	0	0	-128.86584 -418.380075,-139.510668 -417.901671
592	600	-1	0	1	0	0	-139.510668 -417.901671,-128.86584 -418.380075
594	602	-1	0	1	0	0	-89.927927 -394.745497,-122.443157 -421.383792
602	594	-1	0	1	0	0	-122.443157 -421.383792,-89.927927 -394.745497
600	602	-1	0	1	0	0	-128.86584 -418.380075,-122.443157 -421.383792
602	600	-1	0	1	0	0	-122.443157 -421.383792,-128.86584 -418.380075
602	606	-1	0	1	0	0	-122.443157 -421.383792,-124.358126 -426.911339
606	602	-1	0	1	0	0	-124.358126 -426.911339,-122.443157 -421.383792
618	614	-1	0	1	0	0	-144.755243 22.603909,265.808981 3.727797
614	618	-1	0	1	0	0	265.808981 3.727797,-144.755243 22.603909
614	1160	-1	0	1	0	0	265.808981 3.727797,266.005886 -131.140671
1160	614	-1	0	1	0	0	266.005886 -131.140671,265.808981 3.727797
1356	614	-1	0	1	0	0	-419.486959 402.860046,265.808981 3.727797
614	1356	-1	0	1	0	0	265.808981 3.727797,-419.486959 402.860046
634	618	-1	0	1	0	0	-183.72471 -410.842054,-144.755243 22.603909
618	634	-1	0	1	0	0	-144.755243 22.603909,-183.72471 -410.842054
1356	618	-1	0	1	0	0	-419.486959 402.860046,-144.755243 22.603909
618	1356	-1	0	1	0	0	-144.755243 22.603909,-419.486959 402.860046
630	628	-1	0	1	0	0	-147.89992 -376.405234,-144.812107 -374.946475
628	630	-1	0	1	0	0	-144.812107 -374.946475,-147.89992 -376.405234
636	632	-1	0	1	0	0	-156.810175 -379.781111,-154.387532 -378.835628
632	636	-1	0	1	0	0	-154.387532 -378.835628,-156.810175 -379.781111
638	636	-1	0	1	0	0	-159.860895 -381.309532,-156.810175 -379.781111
636	638	-1	0	1	0	0	-156.810175 -379.781111,-159.860895 -381.309532
646	638	-1	0	1	0	0	-166.106614 -384.073875,-159.860895 -381.309532
638	646	-1	0	1	0	0	-159.860895 -381.309532,-166.106614 -384.073875
640	642	-1	0	1	0	0	-189.440186 -419.817883,-195.583651 -421.053861
642	640	-1	0	1	0	0	-195.583651 -421.053861,-189.440186 -419.817883
650	656	-1	0	1	0	0	-163.618451 -355.492639,-169.411529 -359.243794
656	650	-1	0	1	0	0	-169.411529 -359.243794,-163.618451 -355.492639
656	652	-1	0	1	0	0	-169.411529 -359.243794,-173.956296 -363.012076
652	656	-1	0	1	0	0	-173.956296 -363.012076,-169.411529 -359.243794
652	660	-1	0	1	0	0	-173.956296 -363.012076,-178.238474 -365.915641
660	652	-1	0	1	0	0	-178.238474 -365.915641,-173.956296 -363.012076
678	672	-1	0	1	0	0	-77.191348 -358.849124,-75.850186 -354.556951
672	678	-1	0	1	0	0	-75.850186 -354.556951,-77.191348 -358.849124
672	682	-1	0	1	0	0	-75.850186 -354.556951,-73.296154 -352.920287
682	672	-1	0	1	0	0	-73.296154 -352.920287,-75.850186 -354.556951
676	694	-1	0	1	0	0	-72.169759 -337.437187,-70.305364 -332.577323
694	676	-1	0	1	0	0	-70.305364 -332.577323,-72.169759 -337.437187
700	688	-1	0	1	0	0	-67.342228 -352.43142,-69.141189 -351.157003
688	700	-1	0	1	0	0	-69.141189 -351.157003,-67.342228 -352.43142
702	698	-1	0	1	0	0	-53.446482 -342.157477,-57.828923 -339.066157
698	702	-1	0	1	0	0	-57.828923 -339.066157,-53.446482 -342.157477
704	700	-1	0	1	0	0	-62.941826 -355.413168,-67.342228 -352.43142
700	704	-1	0	1	0	0	-67.342228 -352.43142,-62.941826 -355.413168
706	702	-1	0	1	0	0	-49.191698 -344.436428,-53.446482 -342.157477
702	706	-1	0	1	0	0	-53.446482 -342.157477,-49.191698 -344.436428
708	710	-1	0	1	0	0	-68.183933 -326.669003,-67.228833 -326.811454
710	708	-1	0	1	0	0	-67.228833 -326.811454,-68.183933 -326.669003
708	1028	-1	0	1	0	0	-68.183933 -326.669003,-91.76827 -311.472196
1028	708	-1	0	1	0	0	-91.76827 -311.472196,-68.183933 -326.669003
710	1032	-1	0	1	0	0	-67.228833 -326.811454,-72.497909 -384.768813
1032	710	-1	0	1	0	0	-72.497909 -384.768813,-67.228833 -326.811454
716	714	-1	0	1	0	0	-44.764236 -323.40017,-49.170794 -321.309139
714	716	-1	0	1	0	0	-49.170794 -321.309139,-44.764236 -323.40017
718	716	-1	0	1	0	0	-40.500022 -325.680643,-44.764236 -323.40017
716	718	-1	0	1	0	0	-44.764236 -323.40017,-40.500022 -325.680643
720	718	-1	0	1	0	0	-36.108041 -328.334696,-40.500022 -325.680643
718	720	-1	0	1	0	0	-40.500022 -325.680643,-36.108041 -328.334696
722	724	-1	0	1	0	0	-25.802296 -316.033439,-29.872901 -313.980243
724	722	-1	0	1	0	0	-29.872901 -313.980243,-25.802296 -316.033439
730	722	-1	0	1	0	0	-21.814993 -312.183991,-25.802296 -316.033439
722	730	-1	0	1	0	0	-25.802296 -316.033439,-21.814993 -312.183991
724	726	-1	0	1	0	0	-29.872901 -313.980243,-32.707168 -310.301833
726	724	-1	0	1	0	0	-32.707168 -310.301833,-29.872901 -313.980243
726	728	-1	0	1	0	0	-32.707168 -310.301833,-37.25445 -307.631588
728	726	-1	0	1	0	0	-37.25445 -307.631588,-32.707168 -310.301833
732	740	-1	0	1	0	0	-11.936559 -288.618044,-15.765269 -286.411662
740	732	-1	0	1	0	0	-15.765269 -286.411662,-11.936559 -288.618044
740	742	-1	0	1	0	0	-15.765269 -286.411662,-20.125865 -284.448327
742	740	-1	0	1	0	0	-20.125865 -284.448327,-15.765269 -286.411662
742	748	-1	0	1	0	0	-20.125865 -284.448327,-23.941617 -281.431808
748	742	-1	0	1	0	0	-23.941617 -281.431808,-20.125865 -284.448327
748	752	-1	0	1	0	0	-23.941617 -281.431808,-28.816901 -278.697084
752	748	-1	0	1	0	0	-28.816901 -278.697084,-23.941617 -281.431808
1064	750	-1	0	1	0	0	-49.454929 -272.345597,-31.602758 -286.30721
750	1064	-1	0	1	0	0	-31.602758 -286.30721,-49.454929 -272.345597
752	774	-1	0	1	0	0	-28.816901 -278.697084,-32.509194 -274.570563
774	752	-1	0	1	0	0	-32.509194 -274.570563,-28.816901 -278.697084
754	758	-1	0	1	0	0	-15.312306 -264.094028,-10.584361 -266.727926
758	754	-1	0	1	0	0	-10.584361 -266.727926,-15.312306 -264.094028
776	754	-1	0	1	0	0	-19.253346 -261.344667,-15.312306 -264.094028
754	776	-1	0	1	0	0	-15.312306 -264.094028,-19.253346 -261.344667
756	760	-1	0	1	0	0	-27.599172 -236.815724,-23.562389 -238.078473
760	756	-1	0	1	0	0	-23.562389 -238.078473,-27.599172 -236.815724
778	756	-1	0	1	0	0	-31.481008 -234.550677,-27.599172 -236.815724
756	778	-1	0	1	0	0	-27.599172 -236.815724,-31.481008 -234.550677
758	762	-1	0	1	0	0	-10.584361 -266.727926,-6.077987 -270.077063
762	758	-1	0	1	0	0	-6.077987 -270.077063,-10.584361 -266.727926
760	764	-1	0	1	0	0	-23.562389 -238.078473,-19.462393 -240.751181
764	760	-1	0	1	0	0	-19.462393 -240.751181,-23.562389 -238.078473
762	766	-1	0	1	0	0	-6.077987 -270.077063,-2.168865 -271.429903
766	762	-1	0	1	0	0	-2.168865 -271.429903,-6.077987 -270.077063
764	768	-1	0	1	0	0	-19.462393 -240.751181,-15.470481 -241.154277
768	764	-1	0	1	0	0	-15.470481 -241.154277,-19.462393 -240.751181
766	770	-1	0	1	0	0	-2.168865 -271.429903,1.600726 -273.371646
770	766	-1	0	1	0	0	1.600726 -273.371646,-2.168865 -271.429903
768	772	-1	0	1	0	0	-15.470481 -241.154277,-11.657185 -243.156524
772	768	-1	0	1	0	0	-11.657185 -243.156524,-15.470481 -241.154277
774	780	-1	0	1	0	0	-32.509194 -274.570563,-37.022778 -271.070287
780	774	-1	0	1	0	0	-37.022778 -271.070287,-32.509194 -274.570563
782	776	-1	0	1	0	0	-23.422427 -258.426182,-19.253346 -261.344667
776	782	-1	0	1	0	0	-19.253346 -261.344667,-23.422427 -258.426182
784	778	-1	0	1	0	0	-35.039752 -233.376779,-31.481008 -234.550677
778	784	-1	0	1	0	0	-31.481008 -234.550677,-35.039752 -233.376779
780	786	-1	0	1	0	0	-37.022778 -271.070287,-41.704778 -267.874293
786	780	-1	0	1	0	0	-41.704778 -267.874293,-37.022778 -271.070287
788	782	-1	0	1	0	0	-27.71803 -255.669882,-23.422427 -258.426182
782	788	-1	0	1	0	0	-23.422427 -258.426182,-27.71803 -255.669882
790	784	-1	0	1	0	0	-38.335247 -232.36885,-35.039752 -233.376779
784	790	-1	0	1	0	0	-35.039752 -233.376779,-38.335247 -232.36885
786	792	-1	0	1	0	0	-41.704778 -267.874293,-46.486566 -265.104326
792	786	-1	0	1	0	0	-46.486566 -265.104326,-41.704778 -267.874293
794	788	-1	0	1	0	0	-32.095687 -253.162277,-27.71803 -255.669882
788	794	-1	0	1	0	0	-27.71803 -255.669882,-32.095687 -253.162277
796	790	-1	0	1	0	0	-42.269513 -230.807112,-38.335247 -232.36885
790	796	-1	0	1	0	0	-38.335247 -232.36885,-42.269513 -230.807112
792	798	-1	0	1	0	0	-46.486566 -265.104326,-51.019238 -263.181664
798	792	-1	0	1	0	0	-51.019238 -263.181664,-46.486566 -265.104326
800	794	-1	0	1	0	0	-37.14214 -249.989137,-32.095687 -253.162277
794	800	-1	0	1	0	0	-32.095687 -253.162277,-37.14214 -249.989137
802	796	-1	0	1	0	0	-47.142171 -229.138898,-42.269513 -230.807112
796	802	-1	0	1	0	0	-42.269513 -230.807112,-47.142171 -229.138898
798	804	-1	0	1	0	0	-51.019238 -263.181664,-56.461003 -261.165203
804	798	-1	0	1	0	0	-56.461003 -261.165203,-51.019238 -263.181664
806	800	-1	0	1	0	0	-41.606137 -247.870792,-37.14214 -249.989137
800	806	-1	0	1	0	0	-37.14214 -249.989137,-41.606137 -247.870792
808	802	-1	0	1	0	0	-50.711484 -229.130433,-47.142171 -229.138898
802	808	-1	0	1	0	0	-47.142171 -229.138898,-50.711484 -229.130433
804	810	-1	0	1	0	0	-56.461003 -261.165203,-60.996948 -260.672381
810	804	-1	0	1	0	0	-60.996948 -260.672381,-56.461003 -261.165203
812	806	-1	0	1	0	0	-46.925986 -246.147474,-41.606137 -247.870792
806	812	-1	0	1	0	0	-41.606137 -247.870792,-46.925986 -246.147474
814	808	-1	0	1	0	0	-54.973843 -229.625072,-50.711484 -229.130433
808	814	-1	0	1	0	0	-50.711484 -229.130433,-54.973843 -229.625072
816	812	-1	0	1	0	0	-51.044959 -243.60502,-46.925986 -246.147474
812	816	-1	0	1	0	0	-46.925986 -246.147474,-51.044959 -243.60502
818	814	-1	0	1	0	0	-58.309774 -229.008663,-54.973843 -229.625072
814	818	-1	0	1	0	0	-54.973843 -229.625072,-58.309774 -229.008663
820	816	-1	0	1	0	0	-54.857396 -237.975316,-51.044959 -243.60502
816	820	-1	0	1	0	0	-51.044959 -243.60502,-54.857396 -237.975316
822	818	-1	0	1	0	0	-61.670173 -223.811535,-58.309774 -229.008663
818	822	-1	0	1	0	0	-58.309774 -229.008663,-61.670173 -223.811535
824	820	-1	0	1	0	0	-58.903871 -232.013038,-54.857396 -237.975316
820	824	-1	0	1	0	0	-54.857396 -237.975316,-58.903871 -232.013038
826	822	-1	0	1	0	0	-65.248469 -218.694542,-61.670173 -223.811535
822	826	-1	0	1	0	0	-61.670173 -223.811535,-65.248469 -218.694542
828	824	-1	0	1	0	0	-60.908537 -228.814017,-58.903871 -232.013038
824	828	-1	0	1	0	0	-58.903871 -232.013038,-60.908537 -228.814017
830	826	-1	0	1	0	0	-66.215541 -217.664928,-65.248469 -218.694542
826	830	-1	0	1	0	0	-65.248469 -218.694542,-66.215541 -217.664928
832	828	-1	0	1	0	0	-65.03012 -223.170986,-60.908537 -228.814017
828	832	-1	0	1	0	0	-60.908537 -228.814017,-65.03012 -223.170986
834	830	-1	0	1	0	0	-69.967516 -213.276077,-66.215541 -217.664928
830	834	-1	0	1	0	0	-66.215541 -217.664928,-69.967516 -213.276077
838	832	-1	0	1	0	0	-67.967108 -219.837363,-65.03012 -223.170986
832	838	-1	0	1	0	0	-65.03012 -223.170986,-67.967108 -219.837363
836	930	-1	0	1	0	0	-68.455312 -258.328019,-73.408179 -255.653091
930	836	-1	0	1	0	0	-73.408179 -255.653091,-68.455312 -258.328019
838	914	-1	0	1	0	0	-67.967108 -219.837363,-73.29143 -218.087779
914	838	-1	0	1	0	0	-73.29143 -218.087779,-67.967108 -219.837363
856	842	-1	0	1	0	0	-135.455932 -220.410058,-122.005036 -235.387281
842	856	-1	0	1	0	0	-122.005036 -235.387281,-135.455932 -220.410058
944	842	-1	0	1	0	0	-123.973699 -240.472834,-122.005036 -235.387281
842	944	-1	0	1	0	0	-122.005036 -235.387281,-123.973699 -240.472834
846	906	-1	0	1	0	0	-102.176695 -223.263857,-106.534745 -228.674769
906	846	-1	0	1	0	0	-106.534745 -228.674769,-102.176695 -223.263857
848	904	-1	0	1	0	0	-93.842935 -215.24717,-80.9772 -212.729122
904	848	-1	0	1	0	0	-80.9772 -212.729122,-93.842935 -215.24717
914	872	-1	0	1	0	0	-73.29143 -218.087779,-85.330125 -198.859152
872	914	-1	0	1	0	0	-85.330125 -198.859152,-73.29143 -218.087779
882	884	-1	0	1	0	0	-151.374404 -236.200543,-156.938044 -232.113182
884	882	-1	0	1	0	0	-156.938044 -232.113182,-151.374404 -236.200543
896	976	-1	0	1	0	0	-143.380616 -261.447961,-140.029839 -257.903391
976	896	-1	0	1	0	0	-140.029839 -257.903391,-143.380616 -261.447961
900	902	-1	0	1	0	0	-162.165939 -252.193871,-162.646624 -246.868887
902	900	-1	0	1	0	0	-162.646624 -246.868887,-162.165939 -252.193871
904	914	-1	0	1	0	0	-80.9772 -212.729122,-73.29143 -218.087779
914	904	-1	0	1	0	0	-73.29143 -218.087779,-80.9772 -212.729122
906	910	-1	0	1	0	0	-106.534745 -228.674769,-112.623313 -232.079379
910	906	-1	0	1	0	0	-112.623313 -232.079379,-106.534745 -228.674769
910	920	-1	0	1	0	0	-112.623313 -232.079379,-118.423033 -236.008171
920	910	-1	0	1	0	0	-118.423033 -236.008171,-112.623313 -232.079379
924	916	-1	0	1	0	0	-85.754609 -239.796427,-90.660931 -232.40608
916	924	-1	0	1	0	0	-90.660931 -232.40608,-85.754609 -239.796427
922	918	-1	0	1	0	0	-96.509554 -229.638623,-102.596896 -228.166716
918	922	-1	0	1	0	0	-102.596896 -228.166716,-96.509554 -229.638623
920	944	-1	0	1	0	0	-118.423033 -236.008171,-123.973699 -240.472834
944	920	-1	0	1	0	0	-123.973699 -240.472834,-118.423033 -236.008171
928	924	-1	0	1	0	0	-79.937046 -247.703168,-85.754609 -239.796427
924	928	-1	0	1	0	0	-85.754609 -239.796427,-79.937046 -247.703168
930	928	-1	0	1	0	0	-73.408179 -255.653091,-79.937046 -247.703168
928	930	-1	0	1	0	0	-79.937046 -247.703168,-73.408179 -255.653091
936	940	-1	0	1	0	0	-92.722436 -262.783214,-96.24951 -266.86975
940	936	-1	0	1	0	0	-96.24951 -266.86975,-92.722436 -262.783214
956	946	-1	0	1	0	0	-119.454037 -262.798186,-111.928787 -255.48448
946	956	-1	0	1	0	0	-111.928787 -255.48448,-119.454037 -262.798186
952	1018	-1	0	1	0	0	-119.66783 -296.544092,-145.366028 -314.559625
1018	952	-1	0	1	0	0	-145.366028 -314.559625,-119.66783 -296.544092
966	956	-1	0	1	0	0	-121.936642 -269.497871,-119.454037 -262.798186
956	966	-1	0	1	0	0	-119.454037 -262.798186,-121.936642 -269.497871
960	966	-1	0	1	0	0	-119.773724 -269.109421,-121.936642 -269.497871
966	960	-1	0	1	0	0	-121.936642 -269.497871,-119.773724 -269.109421
968	966	-1	0	1	0	0	-124.641581 -272.514684,-121.936642 -269.497871
966	968	-1	0	1	0	0	-121.936642 -269.497871,-124.641581 -272.514684
984	1018	-1	0	1	0	0	-161.801472 -315.092455,-145.366028 -314.559625
1018	984	-1	0	1	0	0	-145.366028 -314.559625,-161.801472 -315.092455
1002	1004	-1	0	1	0	0	-221.699069 -320.030591,-220.834466 -320.047442
1004	1002	-1	0	1	0	0	-220.834466 -320.047442,-221.699069 -320.030591
1008	1002	-1	0	1	0	0	-226.862402 -320.054776,-221.699069 -320.030591
1002	1008	-1	0	1	0	0	-221.699069 -320.030591,-226.862402 -320.054776
1006	1010	-1	0	1	0	0	-225.241698 -331.345306,-234.94888 -330.509615
1010	1006	-1	0	1	0	0	-234.94888 -330.509615,-225.241698 -331.345306
1024	1022	-1	0	1	0	0	-102.92775 -302.864448,-109.350622 -301.357821
1022	1024	-1	0	1	0	0	-109.350622 -301.357821,-102.92775 -302.864448
1026	1024	-1	0	1	0	0	-98.452465 -306.410906,-102.92775 -302.864448
1024	1026	-1	0	1	0	0	-102.92775 -302.864448,-98.452465 -306.410906
1028	1026	-1	0	1	0	0	-91.76827 -311.472196,-98.452465 -306.410906
1026	1028	-1	0	1	0	0	-98.452465 -306.410906,-91.76827 -311.472196
1034	1036	-1	0	1	0	0	-92.142369 -284.776918,-80.499043 -271.104299
1036	1034	-1	0	1	0	0	-80.499043 -271.104299,-92.142369 -284.776918
1046	1048	-1	0	1	0	0	-90.068507 -281.714138,-85.835526 -277.228321
1048	1046	-1	0	1	0	0	-85.835526 -277.228321,-90.068507 -281.714138
1068	1066	-1	0	1	0	0	241.87621 -113.863677,247.827709 -100.365083
1066	1068	-1	0	1	0	0	247.827709 -100.365083,241.87621 -113.863677
1070	1068	-1	0	1	0	0	250.542747 -120.130038,241.87621 -113.863677
1068	1070	-1	0	1	0	0	241.87621 -113.863677,250.542747 -120.130038
1068	1088	-1	0	1	0	0	241.87621 -113.863677,225.6011 -131.786063
1088	1068	-1	0	1	0	0	225.6011 -131.786063,241.87621 -113.863677
1072	1070	-1	0	1	0	0	260.821221 -107.465415,250.542747 -120.130038
1070	1072	-1	0	1	0	0	250.542747 -120.130038,260.821221 -107.465415
1074	1070	-1	0	1	0	0	256.05709 -115.920063,250.542747 -120.130038
1070	1074	-1	0	1	0	0	250.542747 -120.130038,256.05709 -115.920063
1070	1090	-1	0	1	0	0	250.542747 -120.130038,250.466904 -127.032298
1090	1070	-1	0	1	0	0	250.466904 -127.032298,250.542747 -120.130038
1076	1074	-1	0	1	0	0	267.342856 -102.6872,256.05709 -115.920063
1074	1076	-1	0	1	0	0	256.05709 -115.920063,267.342856 -102.6872
1094	1074	-1	0	1	0	0	261.169496 -119.211834,256.05709 -115.920063
1074	1094	-1	0	1	0	0	256.05709 -115.920063,261.169496 -119.211834
1100	1088	-1	0	1	0	0	234.861763 -138.390685,225.6011 -131.786063
1088	1100	-1	0	1	0	0	225.6011 -131.786063,234.861763 -138.390685
1088	1174	-1	0	1	0	0	225.6011 -131.786063,206.410218 -164.486056
1174	1088	-1	0	1	0	0	206.410218 -164.486056,225.6011 -131.786063
1092	1090	-1	0	1	0	0	257.612419 -126.103907,250.466904 -127.032298
1090	1092	-1	0	1	0	0	250.466904 -127.032298,257.612419 -126.103907
1090	1096	-1	0	1	0	0	250.466904 -127.032298,236.559467 -136.446552
1096	1090	-1	0	1	0	0	236.559467 -136.446552,250.466904 -127.032298
1128	1090	-1	0	1	0	0	246.688577 -133.680224,250.466904 -127.032298
1090	1128	-1	0	1	0	0	250.466904 -127.032298,246.688577 -133.680224
1092	1094	-1	0	1	0	0	257.612419 -126.103907,261.169496 -119.211834
1094	1092	-1	0	1	0	0	261.169496 -119.211834,257.612419 -126.103907
1092	1124	-1	0	1	0	0	257.612419 -126.103907,257.216757 -127.022303
1124	1092	-1	0	1	0	0	257.216757 -127.022303,257.612419 -126.103907
1094	1124	-1	0	1	0	0	261.169496 -119.211834,257.216757 -127.022303
1124	1094	-1	0	1	0	0	257.216757 -127.022303,261.169496 -119.211834
1100	1096	-1	0	1	0	0	234.861763 -138.390685,236.559467 -136.446552
1096	1100	-1	0	1	0	0	236.559467 -136.446552,234.861763 -138.390685
1096	1110	-1	0	1	0	0	236.559467 -136.446552,238.761634 -142.273036
1110	1096	-1	0	1	0	0	238.761634 -142.273036,236.559467 -136.446552
1100	1102	-1	0	1	0	0	234.861763 -138.390685,228.67896 -163.54391
1102	1100	-1	0	1	0	0	228.67896 -163.54391,234.861763 -138.390685
1102	1106	-1	0	1	0	0	228.67896 -163.54391,231.755534 -157.661375
1106	1102	-1	0	1	0	0	231.755534 -157.661375,228.67896 -163.54391
1200	1102	-1	0	1	0	0	227.465168 -166.336873,228.67896 -163.54391
1102	1200	-1	0	1	0	0	228.67896 -163.54391,227.465168 -166.336873
1110	1106	-1	0	1	0	0	238.761634 -142.273036,231.755534 -157.661375
1106	1110	-1	0	1	0	0	231.755534 -157.661375,238.761634 -142.273036
1106	1140	-1	0	1	0	0	231.755534 -157.661375,238.52752 -147.908859
1140	1106	-1	0	1	0	0	238.52752 -147.908859,231.755534 -157.661375
1110	1112	-1	0	1	0	0	238.761634 -142.273036,242.763598 -138.736592
1112	1110	-1	0	1	0	0	242.763598 -138.736592,238.761634 -142.273036
1112	1128	-1	0	1	0	0	242.763598 -138.736592,246.688577 -133.680224
1128	1112	-1	0	1	0	0	246.688577 -133.680224,242.763598 -138.736592
1140	1112	-1	0	1	0	0	238.52752 -147.908859,242.763598 -138.736592
1112	1140	-1	0	1	0	0	242.763598 -138.736592,238.52752 -147.908859
1124	1132	-1	0	1	0	0	257.216757 -127.022303,251.697902 -132.931869
1132	1124	-1	0	1	0	0	251.697902 -132.931869,257.216757 -127.022303
1124	1158	-1	0	1	0	0	257.216757 -127.022303,254.414157 -135.646755
1158	1124	-1	0	1	0	0	254.414157 -135.646755,257.216757 -127.022303
1130	1128	-1	0	1	0	0	250.035449 -133.770206,246.688577 -133.680224
1128	1130	-1	0	1	0	0	246.688577 -133.680224,250.035449 -133.770206
1132	1130	-1	0	1	0	0	251.697902 -132.931869,250.035449 -133.770206
1130	1132	-1	0	1	0	0	250.035449 -133.770206,251.697902 -132.931869
1130	1136	-1	0	1	0	0	250.035449 -133.770206,247.662103 -138.741264
1136	1130	-1	0	1	0	0	247.662103 -138.741264,250.035449 -133.770206
1136	1132	-1	0	1	0	0	247.662103 -138.741264,251.697902 -132.931869
1132	1136	-1	0	1	0	0	251.697902 -132.931869,247.662103 -138.741264
1136	1134	-1	0	1	0	0	247.662103 -138.741264,243.051065 -148.928254
1134	1136	-1	0	1	0	0	243.051065 -148.928254,247.662103 -138.741264
1134	1138	-1	0	1	0	0	243.051065 -148.928254,237.60403 -154.461861
1138	1134	-1	0	1	0	0	237.60403 -154.461861,243.051065 -148.928254
1134	1158	-1	0	1	0	0	243.051065 -148.928254,254.414157 -135.646755
1158	1134	-1	0	1	0	0	254.414157 -135.646755,243.051065 -148.928254
1140	1138	-1	0	1	0	0	238.52752 -147.908859,237.60403 -154.461861
1138	1140	-1	0	1	0	0	237.60403 -154.461861,238.52752 -147.908859
1138	1198	-1	0	1	0	0	237.60403 -154.461861,226.798511 -173.719378
1198	1138	-1	0	1	0	0	226.798511 -173.719378,237.60403 -154.461861
1158	1160	-1	0	1	0	0	254.414157 -135.646755,266.005886 -131.140671
1160	1158	-1	0	1	0	0	266.005886 -131.140671,254.414157 -135.646755
1172	1162	-1	0	1	0	0	209.584915 -162.071363,215.640902 -162.859416
1162	1172	-1	0	1	0	0	215.640902 -162.859416,209.584915 -162.071363
1162	1176	-1	0	1	0	0	215.640902 -162.859416,223.023688 -169.006124
1176	1162	-1	0	1	0	0	223.023688 -169.006124,215.640902 -162.859416
1174	1172	-1	0	1	0	0	206.410218 -164.486056,209.584915 -162.071363
1172	1174	-1	0	1	0	0	209.584915 -162.071363,206.410218 -164.486056
1174	1180	-1	0	1	0	0	206.410218 -164.486056,202.779506 -168.743019
1180	1174	-1	0	1	0	0	202.779506 -168.743019,206.410218 -164.486056
1176	1178	-1	0	1	0	0	223.023688 -169.006124,213.050752 -180.158615
1178	1176	-1	0	1	0	0	213.050752 -180.158615,223.023688 -169.006124
1206	1176	-1	0	1	0	0	227.465168 -166.336873,223.023688 -169.006124
1176	1206	-1	0	1	0	0	223.023688 -169.006124,227.465168 -166.336873
1178	1184	-1	0	1	0	0	213.050752 -180.158615,199.467415 -174.625837
1184	1178	-1	0	1	0	0	199.467415 -174.625837,213.050752 -180.158615
1178	1190	-1	0	1	0	0	213.050752 -180.158615,210.660939 -187.511082
1190	1178	-1	0	1	0	0	210.660939 -187.511082,213.050752 -180.158615
1182	1180	-1	0	1	0	0	204.150299 -161.674578,202.779506 -168.743019
1180	1182	-1	0	1	0	0	202.779506 -168.743019,204.150299 -161.674578
1180	1184	-1	0	1	0	0	202.779506 -168.743019,199.467415 -174.625837
1184	1180	-1	0	1	0	0	199.467415 -174.625837,202.779506 -168.743019
1184	1192	-1	0	1	0	0	199.467415 -174.625837,206.371385 -196.397394
1192	1184	-1	0	1	0	0	206.371385 -196.397394,199.467415 -174.625837
1192	1190	-1	0	1	0	0	206.371385 -196.397394,210.660939 -187.511082
1190	1192	-1	0	1	0	0	210.660939 -187.511082,206.371385 -196.397394
1190	1196	-1	0	1	0	0	210.660939 -187.511082,224.962276 -173.45009
1196	1190	-1	0	1	0	0	224.962276 -173.45009,210.660939 -187.511082
1198	1196	-1	0	1	0	0	226.798511 -173.719378,224.962276 -173.45009
1196	1198	-1	0	1	0	0	224.962276 -173.45009,226.798511 -173.719378
1196	1206	-1	0	1	0	0	224.962276 -173.45009,227.465168 -166.336873
1206	1196	-1	0	1	0	0	227.465168 -166.336873,224.962276 -173.45009
1200	1206	-1	0	1	0	0	227.465168 -166.336873,227.465168 -166.336873
1206	1200	-1	0	1	0	0	227.465168 -166.336873,227.465168 -166.336873
1234	1232	-1	0	1	0	0	214.369774 -300.002859,206.305686 -288.012068
1232	1234	-1	0	1	0	0	206.305686 -288.012068,214.369774 -300.002859
1362	1356	-1	0	1	0	0	-432.455365 432.455365,-419.486959 402.860046
1356	1362	-1	0	1	0	0	-419.486959 402.860046,-432.455365 432.455365
10094	10068	-1	0	1	0	0	407.129554 -415.276308,297.503138 -331.953362
10068	10094	-1	0	1	0	0	297.503138 -331.953362,407.129554 -415.276308
10102	10068	-1	0	1	0	0	132.379176 -357.535626,297.503138 -331.953362
10068	10102	-1	0	1	0	0	297.503138 -331.953362,132.379176 -357.535626
10096	10094	-1	0	1	0	0	432.455365 -432.455365,407.129554 -415.276308
10094	10096	-1	0	1	0	0	407.129554 -415.276308,432.455365 -432.455365
10102	10094	-1	0	1	0	0	132.379176 -357.535626,407.129554 -415.276308
10094	10102	-1	0	1	0	0	407.129554 -415.276308,132.379176 -357.535626
